	direction	thresh	126_TASK01_CON07	126_TASK01_CON08	126_TASK01_CON09	126_TASK02_CON25	126_TASK02_CON26	126_TASK02_CON27	126_TASK03_CON19	126_TASK03_CON20	126_TASK03_CON22	126_TASK04_CON61	126_TASK04_CON62	126_TASK04_CON63	126_TASK04_CON64	126_TASK04_CON65	126_TASK04_CON66	126_TASK04_CON67	126_TASK04_CON68	126_TASK04_CON69	126_TASK04_CON70	126_TASK04_CON71	126_TASK04_CON72	126_TASK04_CON73	126_TASK05_CON13	126_TASK05_CON14	126_TASK05_CON15	126_TASK06_CON01	126_TASK06_CON02	126_TASK06_CON06	126_TASK07_CON31	126_TASK07_CON32	126_TASK07_CON33	126_TASK07_CON34	126_TASK07_CON35	126_TASK07_CON36	126_TASK07_CON37	126_TASK07_CON38	126_TASK07_CON39	126_TASK07_CON40	126_TASK07_CON41	126_TASK07_CON45	126_TASK07_CON46	126_TASK07_CON47	126_TASK07_CON48	126_TASK07_CON49	126_TASK07_CON50	126_TASK07_CON51	126_TASK07_CON52
126_TASK01_CON07_0.0_posneg	posneg	0.0	228380.0	228380.0	228380.0	228380.0	228380.0	228380.0	228380.0	228380.0	228380.0	228380.0	228380.0	228380.0	228380.0	228380.0	228380.0	228380.0	228380.0	228380.0	228380.0	228380.0	228380.0	228380.0	228380.0	228380.0	228380.0	228380.0	228380.0	228380.0	228380.0	228380.0	228380.0	228380.0	228380.0	228380.0	228380.0	228380.0	228380.0	228380.0	228380.0	228380.0	228380.0	228380.0	228380.0	228380.0	228380.0	228380.0	228380.0
126_TASK01_CON07_0.0_pos	pos	0.0	228326.0	228326.0	228326.0	228326.0	228326.0	228326.0	228326.0	228326.0	228326.0	228326.0	228326.0	228326.0	228326.0	228326.0	228326.0	228326.0	228326.0	228326.0	228326.0	228326.0	228326.0	228326.0	228326.0	228326.0	228326.0	228326.0	228326.0	228326.0	228326.0	228326.0	228326.0	228326.0	228326.0	228326.0	228326.0	228326.0	228326.0	228326.0	228326.0	228326.0	228326.0	228326.0	228326.0	228326.0	228326.0	228326.0	228326.0
126_TASK01_CON07_1.0_posneg	posneg	1.0	228277.0	228277.0	228277.0	228277.0	228277.0	228277.0	228277.0	228277.0	228277.0	228277.0	228277.0	228277.0	228277.0	228277.0	228277.0	228277.0	228277.0	228277.0	228277.0	228277.0	228277.0	228277.0	228277.0	228277.0	228277.0	228277.0	228277.0	228277.0	228277.0	228277.0	228277.0	228277.0	228277.0	228277.0	228277.0	228277.0	228277.0	228277.0	228277.0	228277.0	228277.0	228277.0	228277.0	228277.0	228277.0	228277.0	228277.0
126_TASK01_CON07_1.0_pos	pos	1.0	228263.0	228263.0	228263.0	228263.0	228263.0	228263.0	228263.0	228263.0	228263.0	228263.0	228263.0	228263.0	228263.0	228263.0	228263.0	228263.0	228263.0	228263.0	228263.0	228263.0	228263.0	228263.0	228263.0	228263.0	228263.0	228263.0	228263.0	228263.0	228263.0	228263.0	228263.0	228263.0	228263.0	228263.0	228263.0	228263.0	228263.0	228263.0	228263.0	228263.0	228263.0	228263.0	228263.0	228263.0	228263.0	228263.0	228263.0
126_TASK01_CON07_2.0_posneg	posneg	2.0	228242.0	228242.0	228242.0	228242.0	228242.0	228242.0	228242.0	228242.0	228242.0	228242.0	228242.0	228242.0	228242.0	228242.0	228242.0	228242.0	228242.0	228242.0	228242.0	228242.0	228242.0	228242.0	228242.0	228242.0	228242.0	228242.0	228242.0	228242.0	228242.0	228242.0	228242.0	228242.0	228242.0	228242.0	228242.0	228242.0	228242.0	228242.0	228242.0	228242.0	228242.0	228242.0	228242.0	228242.0	228242.0	228242.0	228242.0
126_TASK01_CON07_2.0_pos	pos	2.0	228241.0	228241.0	228241.0	228241.0	228241.0	228241.0	228241.0	228241.0	228241.0	228241.0	228241.0	228241.0	228241.0	228241.0	228241.0	228241.0	228241.0	228241.0	228241.0	228241.0	228241.0	228241.0	228241.0	228241.0	228241.0	228241.0	228241.0	228241.0	228241.0	228241.0	228241.0	228241.0	228241.0	228241.0	228241.0	228241.0	228241.0	228241.0	228241.0	228241.0	228241.0	228241.0	228241.0	228241.0	228241.0	228241.0	228241.0
126_TASK01_CON07_3.0_posneg	posneg	3.0	228241.0	228241.0	228241.0	228241.0	228241.0	228241.0	228241.0	228241.0	228241.0	228241.0	228241.0	228241.0	228241.0	228241.0	228241.0	228241.0	228241.0	228241.0	228241.0	228241.0	228241.0	228241.0	228241.0	228241.0	228241.0	228241.0	228241.0	228241.0	228241.0	228241.0	228241.0	228241.0	228241.0	228241.0	228241.0	228241.0	228241.0	228241.0	228241.0	228241.0	228241.0	228241.0	228241.0	228241.0	228241.0	228241.0	228241.0
126_TASK01_CON07_3.0_pos	pos	3.0	228241.0	228241.0	228241.0	228241.0	228241.0	228241.0	228241.0	228241.0	228241.0	228241.0	228241.0	228241.0	228241.0	228241.0	228241.0	228241.0	228241.0	228241.0	228241.0	228241.0	228241.0	228241.0	228241.0	228241.0	228241.0	228241.0	228241.0	228241.0	228241.0	228241.0	228241.0	228241.0	228241.0	228241.0	228241.0	228241.0	228241.0	228241.0	228241.0	228241.0	228241.0	228241.0	228241.0	228241.0	228241.0	228241.0	228241.0
126_TASK01_CON07_4.0_posneg	posneg	4.0	228241.0	228241.0	228241.0	228241.0	228241.0	228241.0	228241.0	228241.0	228241.0	228241.0	228241.0	228241.0	228241.0	228241.0	228241.0	228241.0	228241.0	228241.0	228241.0	228241.0	228241.0	228241.0	228241.0	228241.0	228241.0	228241.0	228241.0	228241.0	228241.0	228241.0	228241.0	228241.0	228241.0	228241.0	228241.0	228241.0	228241.0	228241.0	228241.0	228241.0	228241.0	228241.0	228241.0	228241.0	228241.0	228241.0	228241.0
126_TASK01_CON07_4.0_pos	pos	4.0	228241.0	228241.0	228241.0	228241.0	228241.0	228241.0	228241.0	228241.0	228241.0	228241.0	228241.0	228241.0	228241.0	228241.0	228241.0	228241.0	228241.0	228241.0	228241.0	228241.0	228241.0	228241.0	228241.0	228241.0	228241.0	228241.0	228241.0	228241.0	228241.0	228241.0	228241.0	228241.0	228241.0	228241.0	228241.0	228241.0	228241.0	228241.0	228241.0	228241.0	228241.0	228241.0	228241.0	228241.0	228241.0	228241.0	228241.0
126_TASK01_CON07_5.0_posneg	posneg	5.0	228241.0	228241.0	228241.0	228241.0	228241.0	228241.0	228241.0	228241.0	228241.0	228241.0	228241.0	228241.0	228241.0	228241.0	228241.0	228241.0	228241.0	228241.0	228241.0	228241.0	228241.0	228241.0	228241.0	228241.0	228241.0	228241.0	228241.0	228241.0	228241.0	228241.0	228241.0	228241.0	228241.0	228241.0	228241.0	228241.0	228241.0	228241.0	228241.0	228241.0	228241.0	228241.0	228241.0	228241.0	228241.0	228241.0	228241.0
126_TASK01_CON07_5.0_pos	pos	5.0	228241.0	228241.0	228241.0	228241.0	228241.0	228241.0	228241.0	228241.0	228241.0	228241.0	228241.0	228241.0	228241.0	228241.0	228241.0	228241.0	228241.0	228241.0	228241.0	228241.0	228241.0	228241.0	228241.0	228241.0	228241.0	228241.0	228241.0	228241.0	228241.0	228241.0	228241.0	228241.0	228241.0	228241.0	228241.0	228241.0	228241.0	228241.0	228241.0	228241.0	228241.0	228241.0	228241.0	228241.0	228241.0	228241.0	228241.0
126_TASK01_CON07_6.0_posneg	posneg	6.0	228241.0	228241.0	228241.0	228241.0	228241.0	228241.0	228241.0	228241.0	228241.0	228241.0	228241.0	228241.0	228241.0	228241.0	228241.0	228241.0	228241.0	228241.0	228241.0	228241.0	228241.0	228241.0	228241.0	228241.0	228241.0	228241.0	228241.0	228241.0	228241.0	228241.0	228241.0	228241.0	228241.0	228241.0	228241.0	228241.0	228241.0	228241.0	228241.0	228241.0	228241.0	228241.0	228241.0	228241.0	228241.0	228241.0	228241.0
126_TASK01_CON07_6.0_pos	pos	6.0	228241.0	228241.0	228241.0	228241.0	228241.0	228241.0	228241.0	228241.0	228241.0	228241.0	228241.0	228241.0	228241.0	228241.0	228241.0	228241.0	228241.0	228241.0	228241.0	228241.0	228241.0	228241.0	228241.0	228241.0	228241.0	228241.0	228241.0	228241.0	228241.0	228241.0	228241.0	228241.0	228241.0	228241.0	228241.0	228241.0	228241.0	228241.0	228241.0	228241.0	228241.0	228241.0	228241.0	228241.0	228241.0	228241.0	228241.0
126_TASK01_CON07_7.0_posneg	posneg	7.0	228241.0	228241.0	228241.0	228241.0	228241.0	228241.0	228241.0	228241.0	228241.0	228241.0	228241.0	228241.0	228241.0	228241.0	228241.0	228241.0	228241.0	228241.0	228241.0	228241.0	228241.0	228241.0	228241.0	228241.0	228241.0	228241.0	228241.0	228241.0	228241.0	228241.0	228241.0	228241.0	228241.0	228241.0	228241.0	228241.0	228241.0	228241.0	228241.0	228241.0	228241.0	228241.0	228241.0	228241.0	228241.0	228241.0	228241.0
126_TASK01_CON07_7.0_pos	pos	7.0	228241.0	228241.0	228241.0	228241.0	228241.0	228241.0	228241.0	228241.0	228241.0	228241.0	228241.0	228241.0	228241.0	228241.0	228241.0	228241.0	228241.0	228241.0	228241.0	228241.0	228241.0	228241.0	228241.0	228241.0	228241.0	228241.0	228241.0	228241.0	228241.0	228241.0	228241.0	228241.0	228241.0	228241.0	228241.0	228241.0	228241.0	228241.0	228241.0	228241.0	228241.0	228241.0	228241.0	228241.0	228241.0	228241.0	228241.0
126_TASK01_CON07_8.0_posneg	posneg	8.0	228241.0	228241.0	228241.0	228241.0	228241.0	228241.0	228241.0	228241.0	228241.0	228241.0	228241.0	228241.0	228241.0	228241.0	228241.0	228241.0	228241.0	228241.0	228241.0	228241.0	228241.0	228241.0	228241.0	228241.0	228241.0	228241.0	228241.0	228241.0	228241.0	228241.0	228241.0	228241.0	228241.0	228241.0	228241.0	228241.0	228241.0	228241.0	228241.0	228241.0	228241.0	228241.0	228241.0	228241.0	228241.0	228241.0	228241.0
126_TASK01_CON07_8.0_pos	pos	8.0	228241.0	228241.0	228241.0	228241.0	228241.0	228241.0	228241.0	228241.0	228241.0	228241.0	228241.0	228241.0	228241.0	228241.0	228241.0	228241.0	228241.0	228241.0	228241.0	228241.0	228241.0	228241.0	228241.0	228241.0	228241.0	228241.0	228241.0	228241.0	228241.0	228241.0	228241.0	228241.0	228241.0	228241.0	228241.0	228241.0	228241.0	228241.0	228241.0	228241.0	228241.0	228241.0	228241.0	228241.0	228241.0	228241.0	228241.0
126_TASK01_CON07_9.0_posneg	posneg	9.0	228241.0	228241.0	228241.0	228241.0	228241.0	228241.0	228241.0	228241.0	228241.0	228241.0	228241.0	228241.0	228241.0	228241.0	228241.0	228241.0	228241.0	228241.0	228241.0	228241.0	228241.0	228241.0	228241.0	228241.0	228241.0	228241.0	228241.0	228241.0	228241.0	228241.0	228241.0	228241.0	228241.0	228241.0	228241.0	228241.0	228241.0	228241.0	228241.0	228241.0	228241.0	228241.0	228241.0	228241.0	228241.0	228241.0	228241.0
126_TASK01_CON07_9.0_pos	pos	9.0	228241.0	228241.0	228241.0	228241.0	228241.0	228241.0	228241.0	228241.0	228241.0	228241.0	228241.0	228241.0	228241.0	228241.0	228241.0	228241.0	228241.0	228241.0	228241.0	228241.0	228241.0	228241.0	228241.0	228241.0	228241.0	228241.0	228241.0	228241.0	228241.0	228241.0	228241.0	228241.0	228241.0	228241.0	228241.0	228241.0	228241.0	228241.0	228241.0	228241.0	228241.0	228241.0	228241.0	228241.0	228241.0	228241.0	228241.0
126_TASK01_CON07_10.0_posneg	posneg	10.0	0.0	0.0	0.0	0.0	0.0	0.0	0.0	0.0	0.0	0.0	0.0	0.0	0.0	0.0	0.0	0.0	0.0	0.0	0.0	0.0	0.0	0.0	0.0	0.0	0.0	0.0	0.0	0.0	0.0	0.0	0.0	0.0	0.0	0.0	0.0	0.0	0.0	0.0	0.0	0.0	0.0	0.0	0.0	0.0	0.0	0.0	0.0
126_TASK01_CON07_10.0_pos	pos	10.0	0.0	0.0	0.0	0.0	0.0	0.0	0.0	0.0	0.0	0.0	0.0	0.0	0.0	0.0	0.0	0.0	0.0	0.0	0.0	0.0	0.0	0.0	0.0	0.0	0.0	0.0	0.0	0.0	0.0	0.0	0.0	0.0	0.0	0.0	0.0	0.0	0.0	0.0	0.0	0.0	0.0	0.0	0.0	0.0	0.0	0.0	0.0
126_TASK01_CON07_11.0_posneg	posneg	11.0	0.0	0.0	0.0	0.0	0.0	0.0	0.0	0.0	0.0	0.0	0.0	0.0	0.0	0.0	0.0	0.0	0.0	0.0	0.0	0.0	0.0	0.0	0.0	0.0	0.0	0.0	0.0	0.0	0.0	0.0	0.0	0.0	0.0	0.0	0.0	0.0	0.0	0.0	0.0	0.0	0.0	0.0	0.0	0.0	0.0	0.0	0.0
126_TASK01_CON07_11.0_pos	pos	11.0	0.0	0.0	0.0	0.0	0.0	0.0	0.0	0.0	0.0	0.0	0.0	0.0	0.0	0.0	0.0	0.0	0.0	0.0	0.0	0.0	0.0	0.0	0.0	0.0	0.0	0.0	0.0	0.0	0.0	0.0	0.0	0.0	0.0	0.0	0.0	0.0	0.0	0.0	0.0	0.0	0.0	0.0	0.0	0.0	0.0	0.0	0.0
126_TASK01_CON07_12.0_posneg	posneg	12.0	0.0	0.0	0.0	0.0	0.0	0.0	0.0	0.0	0.0	0.0	0.0	0.0	0.0	0.0	0.0	0.0	0.0	0.0	0.0	0.0	0.0	0.0	0.0	0.0	0.0	0.0	0.0	0.0	0.0	0.0	0.0	0.0	0.0	0.0	0.0	0.0	0.0	0.0	0.0	0.0	0.0	0.0	0.0	0.0	0.0	0.0	0.0
126_TASK01_CON07_12.0_pos	pos	12.0	0.0	0.0	0.0	0.0	0.0	0.0	0.0	0.0	0.0	0.0	0.0	0.0	0.0	0.0	0.0	0.0	0.0	0.0	0.0	0.0	0.0	0.0	0.0	0.0	0.0	0.0	0.0	0.0	0.0	0.0	0.0	0.0	0.0	0.0	0.0	0.0	0.0	0.0	0.0	0.0	0.0	0.0	0.0	0.0	0.0	0.0	0.0
126_TASK01_CON07_13.0_posneg	posneg	13.0	0.0	0.0	0.0	0.0	0.0	0.0	0.0	0.0	0.0	0.0	0.0	0.0	0.0	0.0	0.0	0.0	0.0	0.0	0.0	0.0	0.0	0.0	0.0	0.0	0.0	0.0	0.0	0.0	0.0	0.0	0.0	0.0	0.0	0.0	0.0	0.0	0.0	0.0	0.0	0.0	0.0	0.0	0.0	0.0	0.0	0.0	0.0
126_TASK01_CON07_13.0_pos	pos	13.0	0.0	0.0	0.0	0.0	0.0	0.0	0.0	0.0	0.0	0.0	0.0	0.0	0.0	0.0	0.0	0.0	0.0	0.0	0.0	0.0	0.0	0.0	0.0	0.0	0.0	0.0	0.0	0.0	0.0	0.0	0.0	0.0	0.0	0.0	0.0	0.0	0.0	0.0	0.0	0.0	0.0	0.0	0.0	0.0	0.0	0.0	0.0
126_TASK01_CON08_0.0_posneg	posneg	0.0	228380.0	228380.0	228380.0	228380.0	228380.0	228380.0	228380.0	228380.0	228380.0	228380.0	228380.0	228380.0	228380.0	228380.0	228380.0	228380.0	228380.0	228380.0	228380.0	228380.0	228380.0	228380.0	228380.0	228380.0	228380.0	228380.0	228380.0	228380.0	228380.0	228380.0	228380.0	228380.0	228380.0	228380.0	228380.0	228380.0	228380.0	228380.0	228380.0	228380.0	228380.0	228380.0	228380.0	228380.0	228380.0	228380.0	228380.0
126_TASK01_CON08_0.0_pos	pos	0.0	228321.0	228321.0	228321.0	228321.0	228321.0	228321.0	228321.0	228321.0	228321.0	228321.0	228321.0	228321.0	228321.0	228321.0	228321.0	228321.0	228321.0	228321.0	228321.0	228321.0	228321.0	228321.0	228321.0	228321.0	228321.0	228321.0	228321.0	228321.0	228321.0	228321.0	228321.0	228321.0	228321.0	228321.0	228321.0	228321.0	228321.0	228321.0	228321.0	228321.0	228321.0	228321.0	228321.0	228321.0	228321.0	228321.0	228321.0
126_TASK01_CON08_1.0_posneg	posneg	1.0	228281.0	228281.0	228281.0	228281.0	228281.0	228281.0	228281.0	228281.0	228281.0	228281.0	228281.0	228281.0	228281.0	228281.0	228281.0	228281.0	228281.0	228281.0	228281.0	228281.0	228281.0	228281.0	228281.0	228281.0	228281.0	228281.0	228281.0	228281.0	228281.0	228281.0	228281.0	228281.0	228281.0	228281.0	228281.0	228281.0	228281.0	228281.0	228281.0	228281.0	228281.0	228281.0	228281.0	228281.0	228281.0	228281.0	228281.0
126_TASK01_CON08_1.0_pos	pos	1.0	228257.0	228257.0	228257.0	228257.0	228257.0	228257.0	228257.0	228257.0	228257.0	228257.0	228257.0	228257.0	228257.0	228257.0	228257.0	228257.0	228257.0	228257.0	228257.0	228257.0	228257.0	228257.0	228257.0	228257.0	228257.0	228257.0	228257.0	228257.0	228257.0	228257.0	228257.0	228257.0	228257.0	228257.0	228257.0	228257.0	228257.0	228257.0	228257.0	228257.0	228257.0	228257.0	228257.0	228257.0	228257.0	228257.0	228257.0
126_TASK01_CON08_2.0_posneg	posneg	2.0	228241.0	228241.0	228241.0	228241.0	228241.0	228241.0	228241.0	228241.0	228241.0	228241.0	228241.0	228241.0	228241.0	228241.0	228241.0	228241.0	228241.0	228241.0	228241.0	228241.0	228241.0	228241.0	228241.0	228241.0	228241.0	228241.0	228241.0	228241.0	228241.0	228241.0	228241.0	228241.0	228241.0	228241.0	228241.0	228241.0	228241.0	228241.0	228241.0	228241.0	228241.0	228241.0	228241.0	228241.0	228241.0	228241.0	228241.0
126_TASK01_CON08_2.0_pos	pos	2.0	228241.0	228241.0	228241.0	228241.0	228241.0	228241.0	228241.0	228241.0	228241.0	228241.0	228241.0	228241.0	228241.0	228241.0	228241.0	228241.0	228241.0	228241.0	228241.0	228241.0	228241.0	228241.0	228241.0	228241.0	228241.0	228241.0	228241.0	228241.0	228241.0	228241.0	228241.0	228241.0	228241.0	228241.0	228241.0	228241.0	228241.0	228241.0	228241.0	228241.0	228241.0	228241.0	228241.0	228241.0	228241.0	228241.0	228241.0
126_TASK01_CON08_3.0_posneg	posneg	3.0	228241.0	228241.0	228241.0	228241.0	228241.0	228241.0	228241.0	228241.0	228241.0	228241.0	228241.0	228241.0	228241.0	228241.0	228241.0	228241.0	228241.0	228241.0	228241.0	228241.0	228241.0	228241.0	228241.0	228241.0	228241.0	228241.0	228241.0	228241.0	228241.0	228241.0	228241.0	228241.0	228241.0	228241.0	228241.0	228241.0	228241.0	228241.0	228241.0	228241.0	228241.0	228241.0	228241.0	228241.0	228241.0	228241.0	228241.0
126_TASK01_CON08_3.0_pos	pos	3.0	228241.0	228241.0	228241.0	228241.0	228241.0	228241.0	228241.0	228241.0	228241.0	228241.0	228241.0	228241.0	228241.0	228241.0	228241.0	228241.0	228241.0	228241.0	228241.0	228241.0	228241.0	228241.0	228241.0	228241.0	228241.0	228241.0	228241.0	228241.0	228241.0	228241.0	228241.0	228241.0	228241.0	228241.0	228241.0	228241.0	228241.0	228241.0	228241.0	228241.0	228241.0	228241.0	228241.0	228241.0	228241.0	228241.0	228241.0
126_TASK01_CON08_4.0_posneg	posneg	4.0	228241.0	228241.0	228241.0	228241.0	228241.0	228241.0	228241.0	228241.0	228241.0	228241.0	228241.0	228241.0	228241.0	228241.0	228241.0	228241.0	228241.0	228241.0	228241.0	228241.0	228241.0	228241.0	228241.0	228241.0	228241.0	228241.0	228241.0	228241.0	228241.0	228241.0	228241.0	228241.0	228241.0	228241.0	228241.0	228241.0	228241.0	228241.0	228241.0	228241.0	228241.0	228241.0	228241.0	228241.0	228241.0	228241.0	228241.0
126_TASK01_CON08_4.0_pos	pos	4.0	228241.0	228241.0	228241.0	228241.0	228241.0	228241.0	228241.0	228241.0	228241.0	228241.0	228241.0	228241.0	228241.0	228241.0	228241.0	228241.0	228241.0	228241.0	228241.0	228241.0	228241.0	228241.0	228241.0	228241.0	228241.0	228241.0	228241.0	228241.0	228241.0	228241.0	228241.0	228241.0	228241.0	228241.0	228241.0	228241.0	228241.0	228241.0	228241.0	228241.0	228241.0	228241.0	228241.0	228241.0	228241.0	228241.0	228241.0
126_TASK01_CON08_5.0_posneg	posneg	5.0	228241.0	228241.0	228241.0	228241.0	228241.0	228241.0	228241.0	228241.0	228241.0	228241.0	228241.0	228241.0	228241.0	228241.0	228241.0	228241.0	228241.0	228241.0	228241.0	228241.0	228241.0	228241.0	228241.0	228241.0	228241.0	228241.0	228241.0	228241.0	228241.0	228241.0	228241.0	228241.0	228241.0	228241.0	228241.0	228241.0	228241.0	228241.0	228241.0	228241.0	228241.0	228241.0	228241.0	228241.0	228241.0	228241.0	228241.0
126_TASK01_CON08_5.0_pos	pos	5.0	228241.0	228241.0	228241.0	228241.0	228241.0	228241.0	228241.0	228241.0	228241.0	228241.0	228241.0	228241.0	228241.0	228241.0	228241.0	228241.0	228241.0	228241.0	228241.0	228241.0	228241.0	228241.0	228241.0	228241.0	228241.0	228241.0	228241.0	228241.0	228241.0	228241.0	228241.0	228241.0	228241.0	228241.0	228241.0	228241.0	228241.0	228241.0	228241.0	228241.0	228241.0	228241.0	228241.0	228241.0	228241.0	228241.0	228241.0
126_TASK01_CON08_6.0_posneg	posneg	6.0	228241.0	228241.0	228241.0	228241.0	228241.0	228241.0	228241.0	228241.0	228241.0	228241.0	228241.0	228241.0	228241.0	228241.0	228241.0	228241.0	228241.0	228241.0	228241.0	228241.0	228241.0	228241.0	228241.0	228241.0	228241.0	228241.0	228241.0	228241.0	228241.0	228241.0	228241.0	228241.0	228241.0	228241.0	228241.0	228241.0	228241.0	228241.0	228241.0	228241.0	228241.0	228241.0	228241.0	228241.0	228241.0	228241.0	228241.0
126_TASK01_CON08_6.0_pos	pos	6.0	228241.0	228241.0	228241.0	228241.0	228241.0	228241.0	228241.0	228241.0	228241.0	228241.0	228241.0	228241.0	228241.0	228241.0	228241.0	228241.0	228241.0	228241.0	228241.0	228241.0	228241.0	228241.0	228241.0	228241.0	228241.0	228241.0	228241.0	228241.0	228241.0	228241.0	228241.0	228241.0	228241.0	228241.0	228241.0	228241.0	228241.0	228241.0	228241.0	228241.0	228241.0	228241.0	228241.0	228241.0	228241.0	228241.0	228241.0
126_TASK01_CON08_7.0_posneg	posneg	7.0	228241.0	228241.0	228241.0	228241.0	228241.0	228241.0	228241.0	228241.0	228241.0	228241.0	228241.0	228241.0	228241.0	228241.0	228241.0	228241.0	228241.0	228241.0	228241.0	228241.0	228241.0	228241.0	228241.0	228241.0	228241.0	228241.0	228241.0	228241.0	228241.0	228241.0	228241.0	228241.0	228241.0	228241.0	228241.0	228241.0	228241.0	228241.0	228241.0	228241.0	228241.0	228241.0	228241.0	228241.0	228241.0	228241.0	228241.0
126_TASK01_CON08_7.0_pos	pos	7.0	228241.0	228241.0	228241.0	228241.0	228241.0	228241.0	228241.0	228241.0	228241.0	228241.0	228241.0	228241.0	228241.0	228241.0	228241.0	228241.0	228241.0	228241.0	228241.0	228241.0	228241.0	228241.0	228241.0	228241.0	228241.0	228241.0	228241.0	228241.0	228241.0	228241.0	228241.0	228241.0	228241.0	228241.0	228241.0	228241.0	228241.0	228241.0	228241.0	228241.0	228241.0	228241.0	228241.0	228241.0	228241.0	228241.0	228241.0
126_TASK01_CON08_8.0_posneg	posneg	8.0	228241.0	228241.0	228241.0	228241.0	228241.0	228241.0	228241.0	228241.0	228241.0	228241.0	228241.0	228241.0	228241.0	228241.0	228241.0	228241.0	228241.0	228241.0	228241.0	228241.0	228241.0	228241.0	228241.0	228241.0	228241.0	228241.0	228241.0	228241.0	228241.0	228241.0	228241.0	228241.0	228241.0	228241.0	228241.0	228241.0	228241.0	228241.0	228241.0	228241.0	228241.0	228241.0	228241.0	228241.0	228241.0	228241.0	228241.0
126_TASK01_CON08_8.0_pos	pos	8.0	228241.0	228241.0	228241.0	228241.0	228241.0	228241.0	228241.0	228241.0	228241.0	228241.0	228241.0	228241.0	228241.0	228241.0	228241.0	228241.0	228241.0	228241.0	228241.0	228241.0	228241.0	228241.0	228241.0	228241.0	228241.0	228241.0	228241.0	228241.0	228241.0	228241.0	228241.0	228241.0	228241.0	228241.0	228241.0	228241.0	228241.0	228241.0	228241.0	228241.0	228241.0	228241.0	228241.0	228241.0	228241.0	228241.0	228241.0
126_TASK01_CON08_9.0_posneg	posneg	9.0	228241.0	228241.0	228241.0	228241.0	228241.0	228241.0	228241.0	228241.0	228241.0	228241.0	228241.0	228241.0	228241.0	228241.0	228241.0	228241.0	228241.0	228241.0	228241.0	228241.0	228241.0	228241.0	228241.0	228241.0	228241.0	228241.0	228241.0	228241.0	228241.0	228241.0	228241.0	228241.0	228241.0	228241.0	228241.0	228241.0	228241.0	228241.0	228241.0	228241.0	228241.0	228241.0	228241.0	228241.0	228241.0	228241.0	228241.0
126_TASK01_CON08_9.0_pos	pos	9.0	228241.0	228241.0	228241.0	228241.0	228241.0	228241.0	228241.0	228241.0	228241.0	228241.0	228241.0	228241.0	228241.0	228241.0	228241.0	228241.0	228241.0	228241.0	228241.0	228241.0	228241.0	228241.0	228241.0	228241.0	228241.0	228241.0	228241.0	228241.0	228241.0	228241.0	228241.0	228241.0	228241.0	228241.0	228241.0	228241.0	228241.0	228241.0	228241.0	228241.0	228241.0	228241.0	228241.0	228241.0	228241.0	228241.0	228241.0
126_TASK01_CON08_10.0_posneg	posneg	10.0	0.0	0.0	0.0	0.0	0.0	0.0	0.0	0.0	0.0	0.0	0.0	0.0	0.0	0.0	0.0	0.0	0.0	0.0	0.0	0.0	0.0	0.0	0.0	0.0	0.0	0.0	0.0	0.0	0.0	0.0	0.0	0.0	0.0	0.0	0.0	0.0	0.0	0.0	0.0	0.0	0.0	0.0	0.0	0.0	0.0	0.0	0.0
126_TASK01_CON08_10.0_pos	pos	10.0	0.0	0.0	0.0	0.0	0.0	0.0	0.0	0.0	0.0	0.0	0.0	0.0	0.0	0.0	0.0	0.0	0.0	0.0	0.0	0.0	0.0	0.0	0.0	0.0	0.0	0.0	0.0	0.0	0.0	0.0	0.0	0.0	0.0	0.0	0.0	0.0	0.0	0.0	0.0	0.0	0.0	0.0	0.0	0.0	0.0	0.0	0.0
126_TASK01_CON08_11.0_posneg	posneg	11.0	0.0	0.0	0.0	0.0	0.0	0.0	0.0	0.0	0.0	0.0	0.0	0.0	0.0	0.0	0.0	0.0	0.0	0.0	0.0	0.0	0.0	0.0	0.0	0.0	0.0	0.0	0.0	0.0	0.0	0.0	0.0	0.0	0.0	0.0	0.0	0.0	0.0	0.0	0.0	0.0	0.0	0.0	0.0	0.0	0.0	0.0	0.0
126_TASK01_CON08_11.0_pos	pos	11.0	0.0	0.0	0.0	0.0	0.0	0.0	0.0	0.0	0.0	0.0	0.0	0.0	0.0	0.0	0.0	0.0	0.0	0.0	0.0	0.0	0.0	0.0	0.0	0.0	0.0	0.0	0.0	0.0	0.0	0.0	0.0	0.0	0.0	0.0	0.0	0.0	0.0	0.0	0.0	0.0	0.0	0.0	0.0	0.0	0.0	0.0	0.0
126_TASK01_CON08_12.0_posneg	posneg	12.0	0.0	0.0	0.0	0.0	0.0	0.0	0.0	0.0	0.0	0.0	0.0	0.0	0.0	0.0	0.0	0.0	0.0	0.0	0.0	0.0	0.0	0.0	0.0	0.0	0.0	0.0	0.0	0.0	0.0	0.0	0.0	0.0	0.0	0.0	0.0	0.0	0.0	0.0	0.0	0.0	0.0	0.0	0.0	0.0	0.0	0.0	0.0
126_TASK01_CON08_12.0_pos	pos	12.0	0.0	0.0	0.0	0.0	0.0	0.0	0.0	0.0	0.0	0.0	0.0	0.0	0.0	0.0	0.0	0.0	0.0	0.0	0.0	0.0	0.0	0.0	0.0	0.0	0.0	0.0	0.0	0.0	0.0	0.0	0.0	0.0	0.0	0.0	0.0	0.0	0.0	0.0	0.0	0.0	0.0	0.0	0.0	0.0	0.0	0.0	0.0
126_TASK01_CON08_13.0_posneg	posneg	13.0	0.0	0.0	0.0	0.0	0.0	0.0	0.0	0.0	0.0	0.0	0.0	0.0	0.0	0.0	0.0	0.0	0.0	0.0	0.0	0.0	0.0	0.0	0.0	0.0	0.0	0.0	0.0	0.0	0.0	0.0	0.0	0.0	0.0	0.0	0.0	0.0	0.0	0.0	0.0	0.0	0.0	0.0	0.0	0.0	0.0	0.0	0.0
126_TASK01_CON08_13.0_pos	pos	13.0	0.0	0.0	0.0	0.0	0.0	0.0	0.0	0.0	0.0	0.0	0.0	0.0	0.0	0.0	0.0	0.0	0.0	0.0	0.0	0.0	0.0	0.0	0.0	0.0	0.0	0.0	0.0	0.0	0.0	0.0	0.0	0.0	0.0	0.0	0.0	0.0	0.0	0.0	0.0	0.0	0.0	0.0	0.0	0.0	0.0	0.0	0.0
126_TASK01_CON09_0.0_posneg	posneg	0.0	228380.0	228380.0	228380.0	228380.0	228380.0	228380.0	228380.0	228380.0	228380.0	228380.0	228380.0	228380.0	228380.0	228380.0	228380.0	228380.0	228380.0	228380.0	228380.0	228380.0	228380.0	228380.0	228380.0	228380.0	228380.0	228380.0	228380.0	228380.0	228380.0	228380.0	228380.0	228380.0	228380.0	228380.0	228380.0	228380.0	228380.0	228380.0	228380.0	228380.0	228380.0	228380.0	228380.0	228380.0	228380.0	228380.0	228380.0
126_TASK01_CON09_0.0_pos	pos	0.0	228345.0	228345.0	228345.0	228345.0	228345.0	228345.0	228345.0	228345.0	228345.0	228345.0	228345.0	228345.0	228345.0	228345.0	228345.0	228345.0	228345.0	228345.0	228345.0	228345.0	228345.0	228345.0	228345.0	228345.0	228345.0	228345.0	228345.0	228345.0	228345.0	228345.0	228345.0	228345.0	228345.0	228345.0	228345.0	228345.0	228345.0	228345.0	228345.0	228345.0	228345.0	228345.0	228345.0	228345.0	228345.0	228345.0	228345.0
126_TASK01_CON09_1.0_posneg	posneg	1.0	228290.0	228290.0	228290.0	228290.0	228290.0	228290.0	228290.0	228290.0	228290.0	228290.0	228290.0	228290.0	228290.0	228290.0	228290.0	228290.0	228290.0	228290.0	228290.0	228290.0	228290.0	228290.0	228290.0	228290.0	228290.0	228290.0	228290.0	228290.0	228290.0	228290.0	228290.0	228290.0	228290.0	228290.0	228290.0	228290.0	228290.0	228290.0	228290.0	228290.0	228290.0	228290.0	228290.0	228290.0	228290.0	228290.0	228290.0
126_TASK01_CON09_1.0_pos	pos	1.0	228277.0	228277.0	228277.0	228277.0	228277.0	228277.0	228277.0	228277.0	228277.0	228277.0	228277.0	228277.0	228277.0	228277.0	228277.0	228277.0	228277.0	228277.0	228277.0	228277.0	228277.0	228277.0	228277.0	228277.0	228277.0	228277.0	228277.0	228277.0	228277.0	228277.0	228277.0	228277.0	228277.0	228277.0	228277.0	228277.0	228277.0	228277.0	228277.0	228277.0	228277.0	228277.0	228277.0	228277.0	228277.0	228277.0	228277.0
126_TASK01_CON09_2.0_posneg	posneg	2.0	228241.0	228241.0	228241.0	228241.0	228241.0	228241.0	228241.0	228241.0	228241.0	228241.0	228241.0	228241.0	228241.0	228241.0	228241.0	228241.0	228241.0	228241.0	228241.0	228241.0	228241.0	228241.0	228241.0	228241.0	228241.0	228241.0	228241.0	228241.0	228241.0	228241.0	228241.0	228241.0	228241.0	228241.0	228241.0	228241.0	228241.0	228241.0	228241.0	228241.0	228241.0	228241.0	228241.0	228241.0	228241.0	228241.0	228241.0
126_TASK01_CON09_2.0_pos	pos	2.0	228241.0	228241.0	228241.0	228241.0	228241.0	228241.0	228241.0	228241.0	228241.0	228241.0	228241.0	228241.0	228241.0	228241.0	228241.0	228241.0	228241.0	228241.0	228241.0	228241.0	228241.0	228241.0	228241.0	228241.0	228241.0	228241.0	228241.0	228241.0	228241.0	228241.0	228241.0	228241.0	228241.0	228241.0	228241.0	228241.0	228241.0	228241.0	228241.0	228241.0	228241.0	228241.0	228241.0	228241.0	228241.0	228241.0	228241.0
126_TASK01_CON09_3.0_posneg	posneg	3.0	228241.0	228241.0	228241.0	228241.0	228241.0	228241.0	228241.0	228241.0	228241.0	228241.0	228241.0	228241.0	228241.0	228241.0	228241.0	228241.0	228241.0	228241.0	228241.0	228241.0	228241.0	228241.0	228241.0	228241.0	228241.0	228241.0	228241.0	228241.0	228241.0	228241.0	228241.0	228241.0	228241.0	228241.0	228241.0	228241.0	228241.0	228241.0	228241.0	228241.0	228241.0	228241.0	228241.0	228241.0	228241.0	228241.0	228241.0
126_TASK01_CON09_3.0_pos	pos	3.0	228241.0	228241.0	228241.0	228241.0	228241.0	228241.0	228241.0	228241.0	228241.0	228241.0	228241.0	228241.0	228241.0	228241.0	228241.0	228241.0	228241.0	228241.0	228241.0	228241.0	228241.0	228241.0	228241.0	228241.0	228241.0	228241.0	228241.0	228241.0	228241.0	228241.0	228241.0	228241.0	228241.0	228241.0	228241.0	228241.0	228241.0	228241.0	228241.0	228241.0	228241.0	228241.0	228241.0	228241.0	228241.0	228241.0	228241.0
126_TASK01_CON09_4.0_posneg	posneg	4.0	228241.0	228241.0	228241.0	228241.0	228241.0	228241.0	228241.0	228241.0	228241.0	228241.0	228241.0	228241.0	228241.0	228241.0	228241.0	228241.0	228241.0	228241.0	228241.0	228241.0	228241.0	228241.0	228241.0	228241.0	228241.0	228241.0	228241.0	228241.0	228241.0	228241.0	228241.0	228241.0	228241.0	228241.0	228241.0	228241.0	228241.0	228241.0	228241.0	228241.0	228241.0	228241.0	228241.0	228241.0	228241.0	228241.0	228241.0
126_TASK01_CON09_4.0_pos	pos	4.0	228241.0	228241.0	228241.0	228241.0	228241.0	228241.0	228241.0	228241.0	228241.0	228241.0	228241.0	228241.0	228241.0	228241.0	228241.0	228241.0	228241.0	228241.0	228241.0	228241.0	228241.0	228241.0	228241.0	228241.0	228241.0	228241.0	228241.0	228241.0	228241.0	228241.0	228241.0	228241.0	228241.0	228241.0	228241.0	228241.0	228241.0	228241.0	228241.0	228241.0	228241.0	228241.0	228241.0	228241.0	228241.0	228241.0	228241.0
126_TASK01_CON09_5.0_posneg	posneg	5.0	228241.0	228241.0	228241.0	228241.0	228241.0	228241.0	228241.0	228241.0	228241.0	228241.0	228241.0	228241.0	228241.0	228241.0	228241.0	228241.0	228241.0	228241.0	228241.0	228241.0	228241.0	228241.0	228241.0	228241.0	228241.0	228241.0	228241.0	228241.0	228241.0	228241.0	228241.0	228241.0	228241.0	228241.0	228241.0	228241.0	228241.0	228241.0	228241.0	228241.0	228241.0	228241.0	228241.0	228241.0	228241.0	228241.0	228241.0
126_TASK01_CON09_5.0_pos	pos	5.0	228241.0	228241.0	228241.0	228241.0	228241.0	228241.0	228241.0	228241.0	228241.0	228241.0	228241.0	228241.0	228241.0	228241.0	228241.0	228241.0	228241.0	228241.0	228241.0	228241.0	228241.0	228241.0	228241.0	228241.0	228241.0	228241.0	228241.0	228241.0	228241.0	228241.0	228241.0	228241.0	228241.0	228241.0	228241.0	228241.0	228241.0	228241.0	228241.0	228241.0	228241.0	228241.0	228241.0	228241.0	228241.0	228241.0	228241.0
126_TASK01_CON09_6.0_posneg	posneg	6.0	228241.0	228241.0	228241.0	228241.0	228241.0	228241.0	228241.0	228241.0	228241.0	228241.0	228241.0	228241.0	228241.0	228241.0	228241.0	228241.0	228241.0	228241.0	228241.0	228241.0	228241.0	228241.0	228241.0	228241.0	228241.0	228241.0	228241.0	228241.0	228241.0	228241.0	228241.0	228241.0	228241.0	228241.0	228241.0	228241.0	228241.0	228241.0	228241.0	228241.0	228241.0	228241.0	228241.0	228241.0	228241.0	228241.0	228241.0
126_TASK01_CON09_6.0_pos	pos	6.0	228241.0	228241.0	228241.0	228241.0	228241.0	228241.0	228241.0	228241.0	228241.0	228241.0	228241.0	228241.0	228241.0	228241.0	228241.0	228241.0	228241.0	228241.0	228241.0	228241.0	228241.0	228241.0	228241.0	228241.0	228241.0	228241.0	228241.0	228241.0	228241.0	228241.0	228241.0	228241.0	228241.0	228241.0	228241.0	228241.0	228241.0	228241.0	228241.0	228241.0	228241.0	228241.0	228241.0	228241.0	228241.0	228241.0	228241.0
126_TASK01_CON09_7.0_posneg	posneg	7.0	228241.0	228241.0	228241.0	228241.0	228241.0	228241.0	228241.0	228241.0	228241.0	228241.0	228241.0	228241.0	228241.0	228241.0	228241.0	228241.0	228241.0	228241.0	228241.0	228241.0	228241.0	228241.0	228241.0	228241.0	228241.0	228241.0	228241.0	228241.0	228241.0	228241.0	228241.0	228241.0	228241.0	228241.0	228241.0	228241.0	228241.0	228241.0	228241.0	228241.0	228241.0	228241.0	228241.0	228241.0	228241.0	228241.0	228241.0
126_TASK01_CON09_7.0_pos	pos	7.0	228241.0	228241.0	228241.0	228241.0	228241.0	228241.0	228241.0	228241.0	228241.0	228241.0	228241.0	228241.0	228241.0	228241.0	228241.0	228241.0	228241.0	228241.0	228241.0	228241.0	228241.0	228241.0	228241.0	228241.0	228241.0	228241.0	228241.0	228241.0	228241.0	228241.0	228241.0	228241.0	228241.0	228241.0	228241.0	228241.0	228241.0	228241.0	228241.0	228241.0	228241.0	228241.0	228241.0	228241.0	228241.0	228241.0	228241.0
126_TASK01_CON09_8.0_posneg	posneg	8.0	228241.0	228241.0	228241.0	228241.0	228241.0	228241.0	228241.0	228241.0	228241.0	228241.0	228241.0	228241.0	228241.0	228241.0	228241.0	228241.0	228241.0	228241.0	228241.0	228241.0	228241.0	228241.0	228241.0	228241.0	228241.0	228241.0	228241.0	228241.0	228241.0	228241.0	228241.0	228241.0	228241.0	228241.0	228241.0	228241.0	228241.0	228241.0	228241.0	228241.0	228241.0	228241.0	228241.0	228241.0	228241.0	228241.0	228241.0
126_TASK01_CON09_8.0_pos	pos	8.0	228241.0	228241.0	228241.0	228241.0	228241.0	228241.0	228241.0	228241.0	228241.0	228241.0	228241.0	228241.0	228241.0	228241.0	228241.0	228241.0	228241.0	228241.0	228241.0	228241.0	228241.0	228241.0	228241.0	228241.0	228241.0	228241.0	228241.0	228241.0	228241.0	228241.0	228241.0	228241.0	228241.0	228241.0	228241.0	228241.0	228241.0	228241.0	228241.0	228241.0	228241.0	228241.0	228241.0	228241.0	228241.0	228241.0	228241.0
126_TASK01_CON09_9.0_posneg	posneg	9.0	0.0	0.0	0.0	0.0	0.0	0.0	0.0	0.0	0.0	0.0	0.0	0.0	0.0	0.0	0.0	0.0	0.0	0.0	0.0	0.0	0.0	0.0	0.0	0.0	0.0	0.0	0.0	0.0	0.0	0.0	0.0	0.0	0.0	0.0	0.0	0.0	0.0	0.0	0.0	0.0	0.0	0.0	0.0	0.0	0.0	0.0	0.0
126_TASK01_CON09_9.0_pos	pos	9.0	0.0	0.0	0.0	0.0	0.0	0.0	0.0	0.0	0.0	0.0	0.0	0.0	0.0	0.0	0.0	0.0	0.0	0.0	0.0	0.0	0.0	0.0	0.0	0.0	0.0	0.0	0.0	0.0	0.0	0.0	0.0	0.0	0.0	0.0	0.0	0.0	0.0	0.0	0.0	0.0	0.0	0.0	0.0	0.0	0.0	0.0	0.0
126_TASK01_CON09_10.0_posneg	posneg	10.0	0.0	0.0	0.0	0.0	0.0	0.0	0.0	0.0	0.0	0.0	0.0	0.0	0.0	0.0	0.0	0.0	0.0	0.0	0.0	0.0	0.0	0.0	0.0	0.0	0.0	0.0	0.0	0.0	0.0	0.0	0.0	0.0	0.0	0.0	0.0	0.0	0.0	0.0	0.0	0.0	0.0	0.0	0.0	0.0	0.0	0.0	0.0
126_TASK01_CON09_10.0_pos	pos	10.0	0.0	0.0	0.0	0.0	0.0	0.0	0.0	0.0	0.0	0.0	0.0	0.0	0.0	0.0	0.0	0.0	0.0	0.0	0.0	0.0	0.0	0.0	0.0	0.0	0.0	0.0	0.0	0.0	0.0	0.0	0.0	0.0	0.0	0.0	0.0	0.0	0.0	0.0	0.0	0.0	0.0	0.0	0.0	0.0	0.0	0.0	0.0
126_TASK01_CON09_11.0_posneg	posneg	11.0	0.0	0.0	0.0	0.0	0.0	0.0	0.0	0.0	0.0	0.0	0.0	0.0	0.0	0.0	0.0	0.0	0.0	0.0	0.0	0.0	0.0	0.0	0.0	0.0	0.0	0.0	0.0	0.0	0.0	0.0	0.0	0.0	0.0	0.0	0.0	0.0	0.0	0.0	0.0	0.0	0.0	0.0	0.0	0.0	0.0	0.0	0.0
126_TASK01_CON09_11.0_pos	pos	11.0	0.0	0.0	0.0	0.0	0.0	0.0	0.0	0.0	0.0	0.0	0.0	0.0	0.0	0.0	0.0	0.0	0.0	0.0	0.0	0.0	0.0	0.0	0.0	0.0	0.0	0.0	0.0	0.0	0.0	0.0	0.0	0.0	0.0	0.0	0.0	0.0	0.0	0.0	0.0	0.0	0.0	0.0	0.0	0.0	0.0	0.0	0.0
126_TASK01_CON09_12.0_posneg	posneg	12.0	0.0	0.0	0.0	0.0	0.0	0.0	0.0	0.0	0.0	0.0	0.0	0.0	0.0	0.0	0.0	0.0	0.0	0.0	0.0	0.0	0.0	0.0	0.0	0.0	0.0	0.0	0.0	0.0	0.0	0.0	0.0	0.0	0.0	0.0	0.0	0.0	0.0	0.0	0.0	0.0	0.0	0.0	0.0	0.0	0.0	0.0	0.0
126_TASK01_CON09_12.0_pos	pos	12.0	0.0	0.0	0.0	0.0	0.0	0.0	0.0	0.0	0.0	0.0	0.0	0.0	0.0	0.0	0.0	0.0	0.0	0.0	0.0	0.0	0.0	0.0	0.0	0.0	0.0	0.0	0.0	0.0	0.0	0.0	0.0	0.0	0.0	0.0	0.0	0.0	0.0	0.0	0.0	0.0	0.0	0.0	0.0	0.0	0.0	0.0	0.0
126_TASK01_CON09_13.0_posneg	posneg	13.0	0.0	0.0	0.0	0.0	0.0	0.0	0.0	0.0	0.0	0.0	0.0	0.0	0.0	0.0	0.0	0.0	0.0	0.0	0.0	0.0	0.0	0.0	0.0	0.0	0.0	0.0	0.0	0.0	0.0	0.0	0.0	0.0	0.0	0.0	0.0	0.0	0.0	0.0	0.0	0.0	0.0	0.0	0.0	0.0	0.0	0.0	0.0
126_TASK01_CON09_13.0_pos	pos	13.0	0.0	0.0	0.0	0.0	0.0	0.0	0.0	0.0	0.0	0.0	0.0	0.0	0.0	0.0	0.0	0.0	0.0	0.0	0.0	0.0	0.0	0.0	0.0	0.0	0.0	0.0	0.0	0.0	0.0	0.0	0.0	0.0	0.0	0.0	0.0	0.0	0.0	0.0	0.0	0.0	0.0	0.0	0.0	0.0	0.0	0.0	0.0
126_TASK02_CON25_0.0_posneg	posneg	0.0	228380.0	228380.0	228380.0	228380.0	228380.0	228380.0	228380.0	228380.0	228380.0	228380.0	228380.0	228380.0	228380.0	228380.0	228380.0	228380.0	228380.0	228380.0	228380.0	228380.0	228380.0	228380.0	228380.0	228380.0	228380.0	228380.0	228380.0	228380.0	228380.0	228380.0	228380.0	228380.0	228380.0	228380.0	228380.0	228380.0	228380.0	228380.0	228380.0	228380.0	228380.0	228380.0	228380.0	228380.0	228380.0	228380.0	228380.0
126_TASK02_CON25_0.0_pos	pos	0.0	228304.0	228304.0	228304.0	228304.0	228304.0	228304.0	228304.0	228304.0	228304.0	228304.0	228304.0	228304.0	228304.0	228304.0	228304.0	228304.0	228304.0	228304.0	228304.0	228304.0	228304.0	228304.0	228304.0	228304.0	228304.0	228304.0	228304.0	228304.0	228304.0	228304.0	228304.0	228304.0	228304.0	228304.0	228304.0	228304.0	228304.0	228304.0	228304.0	228304.0	228304.0	228304.0	228304.0	228304.0	228304.0	228304.0	228304.0
126_TASK02_CON25_1.0_posneg	posneg	1.0	228279.0	228279.0	228279.0	228279.0	228279.0	228279.0	228279.0	228279.0	228279.0	228279.0	228279.0	228279.0	228279.0	228279.0	228279.0	228279.0	228279.0	228279.0	228279.0	228279.0	228279.0	228279.0	228279.0	228279.0	228279.0	228279.0	228279.0	228279.0	228279.0	228279.0	228279.0	228279.0	228279.0	228279.0	228279.0	228279.0	228279.0	228279.0	228279.0	228279.0	228279.0	228279.0	228279.0	228279.0	228279.0	228279.0	228279.0
126_TASK02_CON25_1.0_pos	pos	1.0	228255.0	228255.0	228255.0	228255.0	228255.0	228255.0	228255.0	228255.0	228255.0	228255.0	228255.0	228255.0	228255.0	228255.0	228255.0	228255.0	228255.0	228255.0	228255.0	228255.0	228255.0	228255.0	228255.0	228255.0	228255.0	228255.0	228255.0	228255.0	228255.0	228255.0	228255.0	228255.0	228255.0	228255.0	228255.0	228255.0	228255.0	228255.0	228255.0	228255.0	228255.0	228255.0	228255.0	228255.0	228255.0	228255.0	228255.0
126_TASK02_CON25_2.0_posneg	posneg	2.0	228241.0	228241.0	228241.0	228241.0	228241.0	228241.0	228241.0	228241.0	228241.0	228241.0	228241.0	228241.0	228241.0	228241.0	228241.0	228241.0	228241.0	228241.0	228241.0	228241.0	228241.0	228241.0	228241.0	228241.0	228241.0	228241.0	228241.0	228241.0	228241.0	228241.0	228241.0	228241.0	228241.0	228241.0	228241.0	228241.0	228241.0	228241.0	228241.0	228241.0	228241.0	228241.0	228241.0	228241.0	228241.0	228241.0	228241.0
126_TASK02_CON25_2.0_pos	pos	2.0	228241.0	228241.0	228241.0	228241.0	228241.0	228241.0	228241.0	228241.0	228241.0	228241.0	228241.0	228241.0	228241.0	228241.0	228241.0	228241.0	228241.0	228241.0	228241.0	228241.0	228241.0	228241.0	228241.0	228241.0	228241.0	228241.0	228241.0	228241.0	228241.0	228241.0	228241.0	228241.0	228241.0	228241.0	228241.0	228241.0	228241.0	228241.0	228241.0	228241.0	228241.0	228241.0	228241.0	228241.0	228241.0	228241.0	228241.0
126_TASK02_CON25_3.0_posneg	posneg	3.0	228241.0	228241.0	228241.0	228241.0	228241.0	228241.0	228241.0	228241.0	228241.0	228241.0	228241.0	228241.0	228241.0	228241.0	228241.0	228241.0	228241.0	228241.0	228241.0	228241.0	228241.0	228241.0	228241.0	228241.0	228241.0	228241.0	228241.0	228241.0	228241.0	228241.0	228241.0	228241.0	228241.0	228241.0	228241.0	228241.0	228241.0	228241.0	228241.0	228241.0	228241.0	228241.0	228241.0	228241.0	228241.0	228241.0	228241.0
126_TASK02_CON25_3.0_pos	pos	3.0	228241.0	228241.0	228241.0	228241.0	228241.0	228241.0	228241.0	228241.0	228241.0	228241.0	228241.0	228241.0	228241.0	228241.0	228241.0	228241.0	228241.0	228241.0	228241.0	228241.0	228241.0	228241.0	228241.0	228241.0	228241.0	228241.0	228241.0	228241.0	228241.0	228241.0	228241.0	228241.0	228241.0	228241.0	228241.0	228241.0	228241.0	228241.0	228241.0	228241.0	228241.0	228241.0	228241.0	228241.0	228241.0	228241.0	228241.0
126_TASK02_CON25_4.0_posneg	posneg	4.0	228241.0	228241.0	228241.0	228241.0	228241.0	228241.0	228241.0	228241.0	228241.0	228241.0	228241.0	228241.0	228241.0	228241.0	228241.0	228241.0	228241.0	228241.0	228241.0	228241.0	228241.0	228241.0	228241.0	228241.0	228241.0	228241.0	228241.0	228241.0	228241.0	228241.0	228241.0	228241.0	228241.0	228241.0	228241.0	228241.0	228241.0	228241.0	228241.0	228241.0	228241.0	228241.0	228241.0	228241.0	228241.0	228241.0	228241.0
126_TASK02_CON25_4.0_pos	pos	4.0	228241.0	228241.0	228241.0	228241.0	228241.0	228241.0	228241.0	228241.0	228241.0	228241.0	228241.0	228241.0	228241.0	228241.0	228241.0	228241.0	228241.0	228241.0	228241.0	228241.0	228241.0	228241.0	228241.0	228241.0	228241.0	228241.0	228241.0	228241.0	228241.0	228241.0	228241.0	228241.0	228241.0	228241.0	228241.0	228241.0	228241.0	228241.0	228241.0	228241.0	228241.0	228241.0	228241.0	228241.0	228241.0	228241.0	228241.0
126_TASK02_CON25_5.0_posneg	posneg	5.0	228241.0	228241.0	228241.0	228241.0	228241.0	228241.0	228241.0	228241.0	228241.0	228241.0	228241.0	228241.0	228241.0	228241.0	228241.0	228241.0	228241.0	228241.0	228241.0	228241.0	228241.0	228241.0	228241.0	228241.0	228241.0	228241.0	228241.0	228241.0	228241.0	228241.0	228241.0	228241.0	228241.0	228241.0	228241.0	228241.0	228241.0	228241.0	228241.0	228241.0	228241.0	228241.0	228241.0	228241.0	228241.0	228241.0	228241.0
126_TASK02_CON25_5.0_pos	pos	5.0	228241.0	228241.0	228241.0	228241.0	228241.0	228241.0	228241.0	228241.0	228241.0	228241.0	228241.0	228241.0	228241.0	228241.0	228241.0	228241.0	228241.0	228241.0	228241.0	228241.0	228241.0	228241.0	228241.0	228241.0	228241.0	228241.0	228241.0	228241.0	228241.0	228241.0	228241.0	228241.0	228241.0	228241.0	228241.0	228241.0	228241.0	228241.0	228241.0	228241.0	228241.0	228241.0	228241.0	228241.0	228241.0	228241.0	228241.0
126_TASK02_CON25_6.0_posneg	posneg	6.0	228241.0	228241.0	228241.0	228241.0	228241.0	228241.0	228241.0	228241.0	228241.0	228241.0	228241.0	228241.0	228241.0	228241.0	228241.0	228241.0	228241.0	228241.0	228241.0	228241.0	228241.0	228241.0	228241.0	228241.0	228241.0	228241.0	228241.0	228241.0	228241.0	228241.0	228241.0	228241.0	228241.0	228241.0	228241.0	228241.0	228241.0	228241.0	228241.0	228241.0	228241.0	228241.0	228241.0	228241.0	228241.0	228241.0	228241.0
126_TASK02_CON25_6.0_pos	pos	6.0	228241.0	228241.0	228241.0	228241.0	228241.0	228241.0	228241.0	228241.0	228241.0	228241.0	228241.0	228241.0	228241.0	228241.0	228241.0	228241.0	228241.0	228241.0	228241.0	228241.0	228241.0	228241.0	228241.0	228241.0	228241.0	228241.0	228241.0	228241.0	228241.0	228241.0	228241.0	228241.0	228241.0	228241.0	228241.0	228241.0	228241.0	228241.0	228241.0	228241.0	228241.0	228241.0	228241.0	228241.0	228241.0	228241.0	228241.0
126_TASK02_CON25_7.0_posneg	posneg	7.0	228241.0	228241.0	228241.0	228241.0	228241.0	228241.0	228241.0	228241.0	228241.0	228241.0	228241.0	228241.0	228241.0	228241.0	228241.0	228241.0	228241.0	228241.0	228241.0	228241.0	228241.0	228241.0	228241.0	228241.0	228241.0	228241.0	228241.0	228241.0	228241.0	228241.0	228241.0	228241.0	228241.0	228241.0	228241.0	228241.0	228241.0	228241.0	228241.0	228241.0	228241.0	228241.0	228241.0	228241.0	228241.0	228241.0	228241.0
126_TASK02_CON25_7.0_pos	pos	7.0	228241.0	228241.0	228241.0	228241.0	228241.0	228241.0	228241.0	228241.0	228241.0	228241.0	228241.0	228241.0	228241.0	228241.0	228241.0	228241.0	228241.0	228241.0	228241.0	228241.0	228241.0	228241.0	228241.0	228241.0	228241.0	228241.0	228241.0	228241.0	228241.0	228241.0	228241.0	228241.0	228241.0	228241.0	228241.0	228241.0	228241.0	228241.0	228241.0	228241.0	228241.0	228241.0	228241.0	228241.0	228241.0	228241.0	228241.0
126_TASK02_CON25_8.0_posneg	posneg	8.0	228241.0	228241.0	228241.0	228241.0	228241.0	228241.0	228241.0	228241.0	228241.0	228241.0	228241.0	228241.0	228241.0	228241.0	228241.0	228241.0	228241.0	228241.0	228241.0	228241.0	228241.0	228241.0	228241.0	228241.0	228241.0	228241.0	228241.0	228241.0	228241.0	228241.0	228241.0	228241.0	228241.0	228241.0	228241.0	228241.0	228241.0	228241.0	228241.0	228241.0	228241.0	228241.0	228241.0	228241.0	228241.0	228241.0	228241.0
126_TASK02_CON25_8.0_pos	pos	8.0	228241.0	228241.0	228241.0	228241.0	228241.0	228241.0	228241.0	228241.0	228241.0	228241.0	228241.0	228241.0	228241.0	228241.0	228241.0	228241.0	228241.0	228241.0	228241.0	228241.0	228241.0	228241.0	228241.0	228241.0	228241.0	228241.0	228241.0	228241.0	228241.0	228241.0	228241.0	228241.0	228241.0	228241.0	228241.0	228241.0	228241.0	228241.0	228241.0	228241.0	228241.0	228241.0	228241.0	228241.0	228241.0	228241.0	228241.0
126_TASK02_CON25_9.0_posneg	posneg	9.0	228241.0	228241.0	228241.0	228241.0	228241.0	228241.0	228241.0	228241.0	228241.0	228241.0	228241.0	228241.0	228241.0	228241.0	228241.0	228241.0	228241.0	228241.0	228241.0	228241.0	228241.0	228241.0	228241.0	228241.0	228241.0	228241.0	228241.0	228241.0	228241.0	228241.0	228241.0	228241.0	228241.0	228241.0	228241.0	228241.0	228241.0	228241.0	228241.0	228241.0	228241.0	228241.0	228241.0	228241.0	228241.0	228241.0	228241.0
126_TASK02_CON25_9.0_pos	pos	9.0	228241.0	228241.0	228241.0	228241.0	228241.0	228241.0	228241.0	228241.0	228241.0	228241.0	228241.0	228241.0	228241.0	228241.0	228241.0	228241.0	228241.0	228241.0	228241.0	228241.0	228241.0	228241.0	228241.0	228241.0	228241.0	228241.0	228241.0	228241.0	228241.0	228241.0	228241.0	228241.0	228241.0	228241.0	228241.0	228241.0	228241.0	228241.0	228241.0	228241.0	228241.0	228241.0	228241.0	228241.0	228241.0	228241.0	228241.0
126_TASK02_CON25_10.0_posneg	posneg	10.0	0.0	0.0	0.0	0.0	0.0	0.0	0.0	0.0	0.0	0.0	0.0	0.0	0.0	0.0	0.0	0.0	0.0	0.0	0.0	0.0	0.0	0.0	0.0	0.0	0.0	0.0	0.0	0.0	0.0	0.0	0.0	0.0	0.0	0.0	0.0	0.0	0.0	0.0	0.0	0.0	0.0	0.0	0.0	0.0	0.0	0.0	0.0
126_TASK02_CON25_10.0_pos	pos	10.0	0.0	0.0	0.0	0.0	0.0	0.0	0.0	0.0	0.0	0.0	0.0	0.0	0.0	0.0	0.0	0.0	0.0	0.0	0.0	0.0	0.0	0.0	0.0	0.0	0.0	0.0	0.0	0.0	0.0	0.0	0.0	0.0	0.0	0.0	0.0	0.0	0.0	0.0	0.0	0.0	0.0	0.0	0.0	0.0	0.0	0.0	0.0
126_TASK02_CON25_11.0_posneg	posneg	11.0	0.0	0.0	0.0	0.0	0.0	0.0	0.0	0.0	0.0	0.0	0.0	0.0	0.0	0.0	0.0	0.0	0.0	0.0	0.0	0.0	0.0	0.0	0.0	0.0	0.0	0.0	0.0	0.0	0.0	0.0	0.0	0.0	0.0	0.0	0.0	0.0	0.0	0.0	0.0	0.0	0.0	0.0	0.0	0.0	0.0	0.0	0.0
126_TASK02_CON25_11.0_pos	pos	11.0	0.0	0.0	0.0	0.0	0.0	0.0	0.0	0.0	0.0	0.0	0.0	0.0	0.0	0.0	0.0	0.0	0.0	0.0	0.0	0.0	0.0	0.0	0.0	0.0	0.0	0.0	0.0	0.0	0.0	0.0	0.0	0.0	0.0	0.0	0.0	0.0	0.0	0.0	0.0	0.0	0.0	0.0	0.0	0.0	0.0	0.0	0.0
126_TASK02_CON25_12.0_posneg	posneg	12.0	0.0	0.0	0.0	0.0	0.0	0.0	0.0	0.0	0.0	0.0	0.0	0.0	0.0	0.0	0.0	0.0	0.0	0.0	0.0	0.0	0.0	0.0	0.0	0.0	0.0	0.0	0.0	0.0	0.0	0.0	0.0	0.0	0.0	0.0	0.0	0.0	0.0	0.0	0.0	0.0	0.0	0.0	0.0	0.0	0.0	0.0	0.0
126_TASK02_CON25_12.0_pos	pos	12.0	0.0	0.0	0.0	0.0	0.0	0.0	0.0	0.0	0.0	0.0	0.0	0.0	0.0	0.0	0.0	0.0	0.0	0.0	0.0	0.0	0.0	0.0	0.0	0.0	0.0	0.0	0.0	0.0	0.0	0.0	0.0	0.0	0.0	0.0	0.0	0.0	0.0	0.0	0.0	0.0	0.0	0.0	0.0	0.0	0.0	0.0	0.0
126_TASK02_CON25_13.0_posneg	posneg	13.0	0.0	0.0	0.0	0.0	0.0	0.0	0.0	0.0	0.0	0.0	0.0	0.0	0.0	0.0	0.0	0.0	0.0	0.0	0.0	0.0	0.0	0.0	0.0	0.0	0.0	0.0	0.0	0.0	0.0	0.0	0.0	0.0	0.0	0.0	0.0	0.0	0.0	0.0	0.0	0.0	0.0	0.0	0.0	0.0	0.0	0.0	0.0
126_TASK02_CON25_13.0_pos	pos	13.0	0.0	0.0	0.0	0.0	0.0	0.0	0.0	0.0	0.0	0.0	0.0	0.0	0.0	0.0	0.0	0.0	0.0	0.0	0.0	0.0	0.0	0.0	0.0	0.0	0.0	0.0	0.0	0.0	0.0	0.0	0.0	0.0	0.0	0.0	0.0	0.0	0.0	0.0	0.0	0.0	0.0	0.0	0.0	0.0	0.0	0.0	0.0
126_TASK02_CON26_0.0_posneg	posneg	0.0	228380.0	228380.0	228380.0	228380.0	228380.0	228380.0	228380.0	228380.0	228380.0	228380.0	228380.0	228380.0	228380.0	228380.0	228380.0	228380.0	228380.0	228380.0	228380.0	228380.0	228380.0	228380.0	228380.0	228380.0	228380.0	228380.0	228380.0	228380.0	228380.0	228380.0	228380.0	228380.0	228380.0	228380.0	228380.0	228380.0	228380.0	228380.0	228380.0	228380.0	228380.0	228380.0	228380.0	228380.0	228380.0	228380.0	228380.0
126_TASK02_CON26_0.0_pos	pos	0.0	228299.0	228299.0	228299.0	228299.0	228299.0	228299.0	228299.0	228299.0	228299.0	228299.0	228299.0	228299.0	228299.0	228299.0	228299.0	228299.0	228299.0	228299.0	228299.0	228299.0	228299.0	228299.0	228299.0	228299.0	228299.0	228299.0	228299.0	228299.0	228299.0	228299.0	228299.0	228299.0	228299.0	228299.0	228299.0	228299.0	228299.0	228299.0	228299.0	228299.0	228299.0	228299.0	228299.0	228299.0	228299.0	228299.0	228299.0
126_TASK02_CON26_1.0_posneg	posneg	1.0	228271.0	228271.0	228271.0	228271.0	228271.0	228271.0	228271.0	228271.0	228271.0	228271.0	228271.0	228271.0	228271.0	228271.0	228271.0	228271.0	228271.0	228271.0	228271.0	228271.0	228271.0	228271.0	228271.0	228271.0	228271.0	228271.0	228271.0	228271.0	228271.0	228271.0	228271.0	228271.0	228271.0	228271.0	228271.0	228271.0	228271.0	228271.0	228271.0	228271.0	228271.0	228271.0	228271.0	228271.0	228271.0	228271.0	228271.0
126_TASK02_CON26_1.0_pos	pos	1.0	228258.0	228258.0	228258.0	228258.0	228258.0	228258.0	228258.0	228258.0	228258.0	228258.0	228258.0	228258.0	228258.0	228258.0	228258.0	228258.0	228258.0	228258.0	228258.0	228258.0	228258.0	228258.0	228258.0	228258.0	228258.0	228258.0	228258.0	228258.0	228258.0	228258.0	228258.0	228258.0	228258.0	228258.0	228258.0	228258.0	228258.0	228258.0	228258.0	228258.0	228258.0	228258.0	228258.0	228258.0	228258.0	228258.0	228258.0
126_TASK02_CON26_2.0_posneg	posneg	2.0	228242.0	228242.0	228242.0	228242.0	228242.0	228242.0	228242.0	228242.0	228242.0	228242.0	228242.0	228242.0	228242.0	228242.0	228242.0	228242.0	228242.0	228242.0	228242.0	228242.0	228242.0	228242.0	228242.0	228242.0	228242.0	228242.0	228242.0	228242.0	228242.0	228242.0	228242.0	228242.0	228242.0	228242.0	228242.0	228242.0	228242.0	228242.0	228242.0	228242.0	228242.0	228242.0	228242.0	228242.0	228242.0	228242.0	228242.0
126_TASK02_CON26_2.0_pos	pos	2.0	228242.0	228242.0	228242.0	228242.0	228242.0	228242.0	228242.0	228242.0	228242.0	228242.0	228242.0	228242.0	228242.0	228242.0	228242.0	228242.0	228242.0	228242.0	228242.0	228242.0	228242.0	228242.0	228242.0	228242.0	228242.0	228242.0	228242.0	228242.0	228242.0	228242.0	228242.0	228242.0	228242.0	228242.0	228242.0	228242.0	228242.0	228242.0	228242.0	228242.0	228242.0	228242.0	228242.0	228242.0	228242.0	228242.0	228242.0
126_TASK02_CON26_3.0_posneg	posneg	3.0	228241.0	228241.0	228241.0	228241.0	228241.0	228241.0	228241.0	228241.0	228241.0	228241.0	228241.0	228241.0	228241.0	228241.0	228241.0	228241.0	228241.0	228241.0	228241.0	228241.0	228241.0	228241.0	228241.0	228241.0	228241.0	228241.0	228241.0	228241.0	228241.0	228241.0	228241.0	228241.0	228241.0	228241.0	228241.0	228241.0	228241.0	228241.0	228241.0	228241.0	228241.0	228241.0	228241.0	228241.0	228241.0	228241.0	228241.0
126_TASK02_CON26_3.0_pos	pos	3.0	228241.0	228241.0	228241.0	228241.0	228241.0	228241.0	228241.0	228241.0	228241.0	228241.0	228241.0	228241.0	228241.0	228241.0	228241.0	228241.0	228241.0	228241.0	228241.0	228241.0	228241.0	228241.0	228241.0	228241.0	228241.0	228241.0	228241.0	228241.0	228241.0	228241.0	228241.0	228241.0	228241.0	228241.0	228241.0	228241.0	228241.0	228241.0	228241.0	228241.0	228241.0	228241.0	228241.0	228241.0	228241.0	228241.0	228241.0
126_TASK02_CON26_4.0_posneg	posneg	4.0	228241.0	228241.0	228241.0	228241.0	228241.0	228241.0	228241.0	228241.0	228241.0	228241.0	228241.0	228241.0	228241.0	228241.0	228241.0	228241.0	228241.0	228241.0	228241.0	228241.0	228241.0	228241.0	228241.0	228241.0	228241.0	228241.0	228241.0	228241.0	228241.0	228241.0	228241.0	228241.0	228241.0	228241.0	228241.0	228241.0	228241.0	228241.0	228241.0	228241.0	228241.0	228241.0	228241.0	228241.0	228241.0	228241.0	228241.0
126_TASK02_CON26_4.0_pos	pos	4.0	228241.0	228241.0	228241.0	228241.0	228241.0	228241.0	228241.0	228241.0	228241.0	228241.0	228241.0	228241.0	228241.0	228241.0	228241.0	228241.0	228241.0	228241.0	228241.0	228241.0	228241.0	228241.0	228241.0	228241.0	228241.0	228241.0	228241.0	228241.0	228241.0	228241.0	228241.0	228241.0	228241.0	228241.0	228241.0	228241.0	228241.0	228241.0	228241.0	228241.0	228241.0	228241.0	228241.0	228241.0	228241.0	228241.0	228241.0
126_TASK02_CON26_5.0_posneg	posneg	5.0	228241.0	228241.0	228241.0	228241.0	228241.0	228241.0	228241.0	228241.0	228241.0	228241.0	228241.0	228241.0	228241.0	228241.0	228241.0	228241.0	228241.0	228241.0	228241.0	228241.0	228241.0	228241.0	228241.0	228241.0	228241.0	228241.0	228241.0	228241.0	228241.0	228241.0	228241.0	228241.0	228241.0	228241.0	228241.0	228241.0	228241.0	228241.0	228241.0	228241.0	228241.0	228241.0	228241.0	228241.0	228241.0	228241.0	228241.0
126_TASK02_CON26_5.0_pos	pos	5.0	228241.0	228241.0	228241.0	228241.0	228241.0	228241.0	228241.0	228241.0	228241.0	228241.0	228241.0	228241.0	228241.0	228241.0	228241.0	228241.0	228241.0	228241.0	228241.0	228241.0	228241.0	228241.0	228241.0	228241.0	228241.0	228241.0	228241.0	228241.0	228241.0	228241.0	228241.0	228241.0	228241.0	228241.0	228241.0	228241.0	228241.0	228241.0	228241.0	228241.0	228241.0	228241.0	228241.0	228241.0	228241.0	228241.0	228241.0
126_TASK02_CON26_6.0_posneg	posneg	6.0	228241.0	228241.0	228241.0	228241.0	228241.0	228241.0	228241.0	228241.0	228241.0	228241.0	228241.0	228241.0	228241.0	228241.0	228241.0	228241.0	228241.0	228241.0	228241.0	228241.0	228241.0	228241.0	228241.0	228241.0	228241.0	228241.0	228241.0	228241.0	228241.0	228241.0	228241.0	228241.0	228241.0	228241.0	228241.0	228241.0	228241.0	228241.0	228241.0	228241.0	228241.0	228241.0	228241.0	228241.0	228241.0	228241.0	228241.0
126_TASK02_CON26_6.0_pos	pos	6.0	228241.0	228241.0	228241.0	228241.0	228241.0	228241.0	228241.0	228241.0	228241.0	228241.0	228241.0	228241.0	228241.0	228241.0	228241.0	228241.0	228241.0	228241.0	228241.0	228241.0	228241.0	228241.0	228241.0	228241.0	228241.0	228241.0	228241.0	228241.0	228241.0	228241.0	228241.0	228241.0	228241.0	228241.0	228241.0	228241.0	228241.0	228241.0	228241.0	228241.0	228241.0	228241.0	228241.0	228241.0	228241.0	228241.0	228241.0
126_TASK02_CON26_7.0_posneg	posneg	7.0	228241.0	228241.0	228241.0	228241.0	228241.0	228241.0	228241.0	228241.0	228241.0	228241.0	228241.0	228241.0	228241.0	228241.0	228241.0	228241.0	228241.0	228241.0	228241.0	228241.0	228241.0	228241.0	228241.0	228241.0	228241.0	228241.0	228241.0	228241.0	228241.0	228241.0	228241.0	228241.0	228241.0	228241.0	228241.0	228241.0	228241.0	228241.0	228241.0	228241.0	228241.0	228241.0	228241.0	228241.0	228241.0	228241.0	228241.0
126_TASK02_CON26_7.0_pos	pos	7.0	228241.0	228241.0	228241.0	228241.0	228241.0	228241.0	228241.0	228241.0	228241.0	228241.0	228241.0	228241.0	228241.0	228241.0	228241.0	228241.0	228241.0	228241.0	228241.0	228241.0	228241.0	228241.0	228241.0	228241.0	228241.0	228241.0	228241.0	228241.0	228241.0	228241.0	228241.0	228241.0	228241.0	228241.0	228241.0	228241.0	228241.0	228241.0	228241.0	228241.0	228241.0	228241.0	228241.0	228241.0	228241.0	228241.0	228241.0
126_TASK02_CON26_8.0_posneg	posneg	8.0	228241.0	228241.0	228241.0	228241.0	228241.0	228241.0	228241.0	228241.0	228241.0	228241.0	228241.0	228241.0	228241.0	228241.0	228241.0	228241.0	228241.0	228241.0	228241.0	228241.0	228241.0	228241.0	228241.0	228241.0	228241.0	228241.0	228241.0	228241.0	228241.0	228241.0	228241.0	228241.0	228241.0	228241.0	228241.0	228241.0	228241.0	228241.0	228241.0	228241.0	228241.0	228241.0	228241.0	228241.0	228241.0	228241.0	228241.0
126_TASK02_CON26_8.0_pos	pos	8.0	228241.0	228241.0	228241.0	228241.0	228241.0	228241.0	228241.0	228241.0	228241.0	228241.0	228241.0	228241.0	228241.0	228241.0	228241.0	228241.0	228241.0	228241.0	228241.0	228241.0	228241.0	228241.0	228241.0	228241.0	228241.0	228241.0	228241.0	228241.0	228241.0	228241.0	228241.0	228241.0	228241.0	228241.0	228241.0	228241.0	228241.0	228241.0	228241.0	228241.0	228241.0	228241.0	228241.0	228241.0	228241.0	228241.0	228241.0
126_TASK02_CON26_9.0_posneg	posneg	9.0	228241.0	228241.0	228241.0	228241.0	228241.0	228241.0	228241.0	228241.0	228241.0	228241.0	228241.0	228241.0	228241.0	228241.0	228241.0	228241.0	228241.0	228241.0	228241.0	228241.0	228241.0	228241.0	228241.0	228241.0	228241.0	228241.0	228241.0	228241.0	228241.0	228241.0	228241.0	228241.0	228241.0	228241.0	228241.0	228241.0	228241.0	228241.0	228241.0	228241.0	228241.0	228241.0	228241.0	228241.0	228241.0	228241.0	228241.0
126_TASK02_CON26_9.0_pos	pos	9.0	228241.0	228241.0	228241.0	228241.0	228241.0	228241.0	228241.0	228241.0	228241.0	228241.0	228241.0	228241.0	228241.0	228241.0	228241.0	228241.0	228241.0	228241.0	228241.0	228241.0	228241.0	228241.0	228241.0	228241.0	228241.0	228241.0	228241.0	228241.0	228241.0	228241.0	228241.0	228241.0	228241.0	228241.0	228241.0	228241.0	228241.0	228241.0	228241.0	228241.0	228241.0	228241.0	228241.0	228241.0	228241.0	228241.0	228241.0
126_TASK02_CON26_10.0_posneg	posneg	10.0	0.0	0.0	0.0	0.0	0.0	0.0	0.0	0.0	0.0	0.0	0.0	0.0	0.0	0.0	0.0	0.0	0.0	0.0	0.0	0.0	0.0	0.0	0.0	0.0	0.0	0.0	0.0	0.0	0.0	0.0	0.0	0.0	0.0	0.0	0.0	0.0	0.0	0.0	0.0	0.0	0.0	0.0	0.0	0.0	0.0	0.0	0.0
126_TASK02_CON26_10.0_pos	pos	10.0	0.0	0.0	0.0	0.0	0.0	0.0	0.0	0.0	0.0	0.0	0.0	0.0	0.0	0.0	0.0	0.0	0.0	0.0	0.0	0.0	0.0	0.0	0.0	0.0	0.0	0.0	0.0	0.0	0.0	0.0	0.0	0.0	0.0	0.0	0.0	0.0	0.0	0.0	0.0	0.0	0.0	0.0	0.0	0.0	0.0	0.0	0.0
126_TASK02_CON26_11.0_posneg	posneg	11.0	0.0	0.0	0.0	0.0	0.0	0.0	0.0	0.0	0.0	0.0	0.0	0.0	0.0	0.0	0.0	0.0	0.0	0.0	0.0	0.0	0.0	0.0	0.0	0.0	0.0	0.0	0.0	0.0	0.0	0.0	0.0	0.0	0.0	0.0	0.0	0.0	0.0	0.0	0.0	0.0	0.0	0.0	0.0	0.0	0.0	0.0	0.0
126_TASK02_CON26_11.0_pos	pos	11.0	0.0	0.0	0.0	0.0	0.0	0.0	0.0	0.0	0.0	0.0	0.0	0.0	0.0	0.0	0.0	0.0	0.0	0.0	0.0	0.0	0.0	0.0	0.0	0.0	0.0	0.0	0.0	0.0	0.0	0.0	0.0	0.0	0.0	0.0	0.0	0.0	0.0	0.0	0.0	0.0	0.0	0.0	0.0	0.0	0.0	0.0	0.0
126_TASK02_CON26_12.0_posneg	posneg	12.0	0.0	0.0	0.0	0.0	0.0	0.0	0.0	0.0	0.0	0.0	0.0	0.0	0.0	0.0	0.0	0.0	0.0	0.0	0.0	0.0	0.0	0.0	0.0	0.0	0.0	0.0	0.0	0.0	0.0	0.0	0.0	0.0	0.0	0.0	0.0	0.0	0.0	0.0	0.0	0.0	0.0	0.0	0.0	0.0	0.0	0.0	0.0
126_TASK02_CON26_12.0_pos	pos	12.0	0.0	0.0	0.0	0.0	0.0	0.0	0.0	0.0	0.0	0.0	0.0	0.0	0.0	0.0	0.0	0.0	0.0	0.0	0.0	0.0	0.0	0.0	0.0	0.0	0.0	0.0	0.0	0.0	0.0	0.0	0.0	0.0	0.0	0.0	0.0	0.0	0.0	0.0	0.0	0.0	0.0	0.0	0.0	0.0	0.0	0.0	0.0
126_TASK02_CON26_13.0_posneg	posneg	13.0	0.0	0.0	0.0	0.0	0.0	0.0	0.0	0.0	0.0	0.0	0.0	0.0	0.0	0.0	0.0	0.0	0.0	0.0	0.0	0.0	0.0	0.0	0.0	0.0	0.0	0.0	0.0	0.0	0.0	0.0	0.0	0.0	0.0	0.0	0.0	0.0	0.0	0.0	0.0	0.0	0.0	0.0	0.0	0.0	0.0	0.0	0.0
126_TASK02_CON26_13.0_pos	pos	13.0	0.0	0.0	0.0	0.0	0.0	0.0	0.0	0.0	0.0	0.0	0.0	0.0	0.0	0.0	0.0	0.0	0.0	0.0	0.0	0.0	0.0	0.0	0.0	0.0	0.0	0.0	0.0	0.0	0.0	0.0	0.0	0.0	0.0	0.0	0.0	0.0	0.0	0.0	0.0	0.0	0.0	0.0	0.0	0.0	0.0	0.0	0.0
126_TASK02_CON27_0.0_posneg	posneg	0.0	228380.0	228380.0	228380.0	228380.0	228380.0	228380.0	228380.0	228380.0	228380.0	228380.0	228380.0	228380.0	228380.0	228380.0	228380.0	228380.0	228380.0	228380.0	228380.0	228380.0	228380.0	228380.0	228380.0	228380.0	228380.0	228380.0	228380.0	228380.0	228380.0	228380.0	228380.0	228380.0	228380.0	228380.0	228380.0	228380.0	228380.0	228380.0	228380.0	228380.0	228380.0	228380.0	228380.0	228380.0	228380.0	228380.0	228380.0
126_TASK02_CON27_0.0_pos	pos	0.0	228307.0	228307.0	228307.0	228307.0	228307.0	228307.0	228307.0	228307.0	228307.0	228307.0	228307.0	228307.0	228307.0	228307.0	228307.0	228307.0	228307.0	228307.0	228307.0	228307.0	228307.0	228307.0	228307.0	228307.0	228307.0	228307.0	228307.0	228307.0	228307.0	228307.0	228307.0	228307.0	228307.0	228307.0	228307.0	228307.0	228307.0	228307.0	228307.0	228307.0	228307.0	228307.0	228307.0	228307.0	228307.0	228307.0	228307.0
126_TASK02_CON27_1.0_posneg	posneg	1.0	228293.0	228293.0	228293.0	228293.0	228293.0	228293.0	228293.0	228293.0	228293.0	228293.0	228293.0	228293.0	228293.0	228293.0	228293.0	228293.0	228293.0	228293.0	228293.0	228293.0	228293.0	228293.0	228293.0	228293.0	228293.0	228293.0	228293.0	228293.0	228293.0	228293.0	228293.0	228293.0	228293.0	228293.0	228293.0	228293.0	228293.0	228293.0	228293.0	228293.0	228293.0	228293.0	228293.0	228293.0	228293.0	228293.0	228293.0
126_TASK02_CON27_1.0_pos	pos	1.0	228256.0	228256.0	228256.0	228256.0	228256.0	228256.0	228256.0	228256.0	228256.0	228256.0	228256.0	228256.0	228256.0	228256.0	228256.0	228256.0	228256.0	228256.0	228256.0	228256.0	228256.0	228256.0	228256.0	228256.0	228256.0	228256.0	228256.0	228256.0	228256.0	228256.0	228256.0	228256.0	228256.0	228256.0	228256.0	228256.0	228256.0	228256.0	228256.0	228256.0	228256.0	228256.0	228256.0	228256.0	228256.0	228256.0	228256.0
126_TASK02_CON27_2.0_posneg	posneg	2.0	228242.0	228242.0	228242.0	228242.0	228242.0	228242.0	228242.0	228242.0	228242.0	228242.0	228242.0	228242.0	228242.0	228242.0	228242.0	228242.0	228242.0	228242.0	228242.0	228242.0	228242.0	228242.0	228242.0	228242.0	228242.0	228242.0	228242.0	228242.0	228242.0	228242.0	228242.0	228242.0	228242.0	228242.0	228242.0	228242.0	228242.0	228242.0	228242.0	228242.0	228242.0	228242.0	228242.0	228242.0	228242.0	228242.0	228242.0
126_TASK02_CON27_2.0_pos	pos	2.0	228242.0	228242.0	228242.0	228242.0	228242.0	228242.0	228242.0	228242.0	228242.0	228242.0	228242.0	228242.0	228242.0	228242.0	228242.0	228242.0	228242.0	228242.0	228242.0	228242.0	228242.0	228242.0	228242.0	228242.0	228242.0	228242.0	228242.0	228242.0	228242.0	228242.0	228242.0	228242.0	228242.0	228242.0	228242.0	228242.0	228242.0	228242.0	228242.0	228242.0	228242.0	228242.0	228242.0	228242.0	228242.0	228242.0	228242.0
126_TASK02_CON27_3.0_posneg	posneg	3.0	228241.0	228241.0	228241.0	228241.0	228241.0	228241.0	228241.0	228241.0	228241.0	228241.0	228241.0	228241.0	228241.0	228241.0	228241.0	228241.0	228241.0	228241.0	228241.0	228241.0	228241.0	228241.0	228241.0	228241.0	228241.0	228241.0	228241.0	228241.0	228241.0	228241.0	228241.0	228241.0	228241.0	228241.0	228241.0	228241.0	228241.0	228241.0	228241.0	228241.0	228241.0	228241.0	228241.0	228241.0	228241.0	228241.0	228241.0
126_TASK02_CON27_3.0_pos	pos	3.0	228241.0	228241.0	228241.0	228241.0	228241.0	228241.0	228241.0	228241.0	228241.0	228241.0	228241.0	228241.0	228241.0	228241.0	228241.0	228241.0	228241.0	228241.0	228241.0	228241.0	228241.0	228241.0	228241.0	228241.0	228241.0	228241.0	228241.0	228241.0	228241.0	228241.0	228241.0	228241.0	228241.0	228241.0	228241.0	228241.0	228241.0	228241.0	228241.0	228241.0	228241.0	228241.0	228241.0	228241.0	228241.0	228241.0	228241.0
126_TASK02_CON27_4.0_posneg	posneg	4.0	228241.0	228241.0	228241.0	228241.0	228241.0	228241.0	228241.0	228241.0	228241.0	228241.0	228241.0	228241.0	228241.0	228241.0	228241.0	228241.0	228241.0	228241.0	228241.0	228241.0	228241.0	228241.0	228241.0	228241.0	228241.0	228241.0	228241.0	228241.0	228241.0	228241.0	228241.0	228241.0	228241.0	228241.0	228241.0	228241.0	228241.0	228241.0	228241.0	228241.0	228241.0	228241.0	228241.0	228241.0	228241.0	228241.0	228241.0
126_TASK02_CON27_4.0_pos	pos	4.0	228241.0	228241.0	228241.0	228241.0	228241.0	228241.0	228241.0	228241.0	228241.0	228241.0	228241.0	228241.0	228241.0	228241.0	228241.0	228241.0	228241.0	228241.0	228241.0	228241.0	228241.0	228241.0	228241.0	228241.0	228241.0	228241.0	228241.0	228241.0	228241.0	228241.0	228241.0	228241.0	228241.0	228241.0	228241.0	228241.0	228241.0	228241.0	228241.0	228241.0	228241.0	228241.0	228241.0	228241.0	228241.0	228241.0	228241.0
126_TASK02_CON27_5.0_posneg	posneg	5.0	228241.0	228241.0	228241.0	228241.0	228241.0	228241.0	228241.0	228241.0	228241.0	228241.0	228241.0	228241.0	228241.0	228241.0	228241.0	228241.0	228241.0	228241.0	228241.0	228241.0	228241.0	228241.0	228241.0	228241.0	228241.0	228241.0	228241.0	228241.0	228241.0	228241.0	228241.0	228241.0	228241.0	228241.0	228241.0	228241.0	228241.0	228241.0	228241.0	228241.0	228241.0	228241.0	228241.0	228241.0	228241.0	228241.0	228241.0
126_TASK02_CON27_5.0_pos	pos	5.0	0.0	0.0	0.0	0.0	0.0	0.0	0.0	0.0	0.0	0.0	0.0	0.0	0.0	0.0	0.0	0.0	0.0	0.0	0.0	0.0	0.0	0.0	0.0	0.0	0.0	0.0	0.0	0.0	0.0	0.0	0.0	0.0	0.0	0.0	0.0	0.0	0.0	0.0	0.0	0.0	0.0	0.0	0.0	0.0	0.0	0.0	0.0
126_TASK02_CON27_6.0_posneg	posneg	6.0	0.0	0.0	0.0	0.0	0.0	0.0	0.0	0.0	0.0	0.0	0.0	0.0	0.0	0.0	0.0	0.0	0.0	0.0	0.0	0.0	0.0	0.0	0.0	0.0	0.0	0.0	0.0	0.0	0.0	0.0	0.0	0.0	0.0	0.0	0.0	0.0	0.0	0.0	0.0	0.0	0.0	0.0	0.0	0.0	0.0	0.0	0.0
126_TASK02_CON27_6.0_pos	pos	6.0	0.0	0.0	0.0	0.0	0.0	0.0	0.0	0.0	0.0	0.0	0.0	0.0	0.0	0.0	0.0	0.0	0.0	0.0	0.0	0.0	0.0	0.0	0.0	0.0	0.0	0.0	0.0	0.0	0.0	0.0	0.0	0.0	0.0	0.0	0.0	0.0	0.0	0.0	0.0	0.0	0.0	0.0	0.0	0.0	0.0	0.0	0.0
126_TASK02_CON27_7.0_posneg	posneg	7.0	0.0	0.0	0.0	0.0	0.0	0.0	0.0	0.0	0.0	0.0	0.0	0.0	0.0	0.0	0.0	0.0	0.0	0.0	0.0	0.0	0.0	0.0	0.0	0.0	0.0	0.0	0.0	0.0	0.0	0.0	0.0	0.0	0.0	0.0	0.0	0.0	0.0	0.0	0.0	0.0	0.0	0.0	0.0	0.0	0.0	0.0	0.0
126_TASK02_CON27_7.0_pos	pos	7.0	0.0	0.0	0.0	0.0	0.0	0.0	0.0	0.0	0.0	0.0	0.0	0.0	0.0	0.0	0.0	0.0	0.0	0.0	0.0	0.0	0.0	0.0	0.0	0.0	0.0	0.0	0.0	0.0	0.0	0.0	0.0	0.0	0.0	0.0	0.0	0.0	0.0	0.0	0.0	0.0	0.0	0.0	0.0	0.0	0.0	0.0	0.0
126_TASK02_CON27_8.0_posneg	posneg	8.0	0.0	0.0	0.0	0.0	0.0	0.0	0.0	0.0	0.0	0.0	0.0	0.0	0.0	0.0	0.0	0.0	0.0	0.0	0.0	0.0	0.0	0.0	0.0	0.0	0.0	0.0	0.0	0.0	0.0	0.0	0.0	0.0	0.0	0.0	0.0	0.0	0.0	0.0	0.0	0.0	0.0	0.0	0.0	0.0	0.0	0.0	0.0
126_TASK02_CON27_8.0_pos	pos	8.0	0.0	0.0	0.0	0.0	0.0	0.0	0.0	0.0	0.0	0.0	0.0	0.0	0.0	0.0	0.0	0.0	0.0	0.0	0.0	0.0	0.0	0.0	0.0	0.0	0.0	0.0	0.0	0.0	0.0	0.0	0.0	0.0	0.0	0.0	0.0	0.0	0.0	0.0	0.0	0.0	0.0	0.0	0.0	0.0	0.0	0.0	0.0
126_TASK02_CON27_9.0_posneg	posneg	9.0	0.0	0.0	0.0	0.0	0.0	0.0	0.0	0.0	0.0	0.0	0.0	0.0	0.0	0.0	0.0	0.0	0.0	0.0	0.0	0.0	0.0	0.0	0.0	0.0	0.0	0.0	0.0	0.0	0.0	0.0	0.0	0.0	0.0	0.0	0.0	0.0	0.0	0.0	0.0	0.0	0.0	0.0	0.0	0.0	0.0	0.0	0.0
126_TASK02_CON27_9.0_pos	pos	9.0	0.0	0.0	0.0	0.0	0.0	0.0	0.0	0.0	0.0	0.0	0.0	0.0	0.0	0.0	0.0	0.0	0.0	0.0	0.0	0.0	0.0	0.0	0.0	0.0	0.0	0.0	0.0	0.0	0.0	0.0	0.0	0.0	0.0	0.0	0.0	0.0	0.0	0.0	0.0	0.0	0.0	0.0	0.0	0.0	0.0	0.0	0.0
126_TASK02_CON27_10.0_posneg	posneg	10.0	0.0	0.0	0.0	0.0	0.0	0.0	0.0	0.0	0.0	0.0	0.0	0.0	0.0	0.0	0.0	0.0	0.0	0.0	0.0	0.0	0.0	0.0	0.0	0.0	0.0	0.0	0.0	0.0	0.0	0.0	0.0	0.0	0.0	0.0	0.0	0.0	0.0	0.0	0.0	0.0	0.0	0.0	0.0	0.0	0.0	0.0	0.0
126_TASK02_CON27_10.0_pos	pos	10.0	0.0	0.0	0.0	0.0	0.0	0.0	0.0	0.0	0.0	0.0	0.0	0.0	0.0	0.0	0.0	0.0	0.0	0.0	0.0	0.0	0.0	0.0	0.0	0.0	0.0	0.0	0.0	0.0	0.0	0.0	0.0	0.0	0.0	0.0	0.0	0.0	0.0	0.0	0.0	0.0	0.0	0.0	0.0	0.0	0.0	0.0	0.0
126_TASK02_CON27_11.0_posneg	posneg	11.0	0.0	0.0	0.0	0.0	0.0	0.0	0.0	0.0	0.0	0.0	0.0	0.0	0.0	0.0	0.0	0.0	0.0	0.0	0.0	0.0	0.0	0.0	0.0	0.0	0.0	0.0	0.0	0.0	0.0	0.0	0.0	0.0	0.0	0.0	0.0	0.0	0.0	0.0	0.0	0.0	0.0	0.0	0.0	0.0	0.0	0.0	0.0
126_TASK02_CON27_11.0_pos	pos	11.0	0.0	0.0	0.0	0.0	0.0	0.0	0.0	0.0	0.0	0.0	0.0	0.0	0.0	0.0	0.0	0.0	0.0	0.0	0.0	0.0	0.0	0.0	0.0	0.0	0.0	0.0	0.0	0.0	0.0	0.0	0.0	0.0	0.0	0.0	0.0	0.0	0.0	0.0	0.0	0.0	0.0	0.0	0.0	0.0	0.0	0.0	0.0
126_TASK02_CON27_12.0_posneg	posneg	12.0	0.0	0.0	0.0	0.0	0.0	0.0	0.0	0.0	0.0	0.0	0.0	0.0	0.0	0.0	0.0	0.0	0.0	0.0	0.0	0.0	0.0	0.0	0.0	0.0	0.0	0.0	0.0	0.0	0.0	0.0	0.0	0.0	0.0	0.0	0.0	0.0	0.0	0.0	0.0	0.0	0.0	0.0	0.0	0.0	0.0	0.0	0.0
126_TASK02_CON27_12.0_pos	pos	12.0	0.0	0.0	0.0	0.0	0.0	0.0	0.0	0.0	0.0	0.0	0.0	0.0	0.0	0.0	0.0	0.0	0.0	0.0	0.0	0.0	0.0	0.0	0.0	0.0	0.0	0.0	0.0	0.0	0.0	0.0	0.0	0.0	0.0	0.0	0.0	0.0	0.0	0.0	0.0	0.0	0.0	0.0	0.0	0.0	0.0	0.0	0.0
126_TASK02_CON27_13.0_posneg	posneg	13.0	0.0	0.0	0.0	0.0	0.0	0.0	0.0	0.0	0.0	0.0	0.0	0.0	0.0	0.0	0.0	0.0	0.0	0.0	0.0	0.0	0.0	0.0	0.0	0.0	0.0	0.0	0.0	0.0	0.0	0.0	0.0	0.0	0.0	0.0	0.0	0.0	0.0	0.0	0.0	0.0	0.0	0.0	0.0	0.0	0.0	0.0	0.0
126_TASK02_CON27_13.0_pos	pos	13.0	0.0	0.0	0.0	0.0	0.0	0.0	0.0	0.0	0.0	0.0	0.0	0.0	0.0	0.0	0.0	0.0	0.0	0.0	0.0	0.0	0.0	0.0	0.0	0.0	0.0	0.0	0.0	0.0	0.0	0.0	0.0	0.0	0.0	0.0	0.0	0.0	0.0	0.0	0.0	0.0	0.0	0.0	0.0	0.0	0.0	0.0	0.0
126_TASK03_CON19_0.0_posneg	posneg	0.0	228380.0	228380.0	228380.0	228380.0	228380.0	228380.0	228380.0	228380.0	228380.0	228380.0	228380.0	228380.0	228380.0	228380.0	228380.0	228380.0	228380.0	228380.0	228380.0	228380.0	228380.0	228380.0	228380.0	228380.0	228380.0	228380.0	228380.0	228380.0	228380.0	228380.0	228380.0	228380.0	228380.0	228380.0	228380.0	228380.0	228380.0	228380.0	228380.0	228380.0	228380.0	228380.0	228380.0	228380.0	228380.0	228380.0	228380.0
126_TASK03_CON19_0.0_pos	pos	0.0	228268.0	228268.0	228268.0	228268.0	228268.0	228268.0	228268.0	228268.0	228268.0	228268.0	228268.0	228268.0	228268.0	228268.0	228268.0	228268.0	228268.0	228268.0	228268.0	228268.0	228268.0	228268.0	228268.0	228268.0	228268.0	228268.0	228268.0	228268.0	228268.0	228268.0	228268.0	228268.0	228268.0	228268.0	228268.0	228268.0	228268.0	228268.0	228268.0	228268.0	228268.0	228268.0	228268.0	228268.0	228268.0	228268.0	228268.0
126_TASK03_CON19_1.0_posneg	posneg	1.0	228288.0	228288.0	228288.0	228288.0	228288.0	228288.0	228288.0	228288.0	228288.0	228288.0	228288.0	228288.0	228288.0	228288.0	228288.0	228288.0	228288.0	228288.0	228288.0	228288.0	228288.0	228288.0	228288.0	228288.0	228288.0	228288.0	228288.0	228288.0	228288.0	228288.0	228288.0	228288.0	228288.0	228288.0	228288.0	228288.0	228288.0	228288.0	228288.0	228288.0	228288.0	228288.0	228288.0	228288.0	228288.0	228288.0	228288.0
126_TASK03_CON19_1.0_pos	pos	1.0	228241.0	228241.0	228241.0	228241.0	228241.0	228241.0	228241.0	228241.0	228241.0	228241.0	228241.0	228241.0	228241.0	228241.0	228241.0	228241.0	228241.0	228241.0	228241.0	228241.0	228241.0	228241.0	228241.0	228241.0	228241.0	228241.0	228241.0	228241.0	228241.0	228241.0	228241.0	228241.0	228241.0	228241.0	228241.0	228241.0	228241.0	228241.0	228241.0	228241.0	228241.0	228241.0	228241.0	228241.0	228241.0	228241.0	228241.0
126_TASK03_CON19_2.0_posneg	posneg	2.0	228242.0	228242.0	228242.0	228242.0	228242.0	228242.0	228242.0	228242.0	228242.0	228242.0	228242.0	228242.0	228242.0	228242.0	228242.0	228242.0	228242.0	228242.0	228242.0	228242.0	228242.0	228242.0	228242.0	228242.0	228242.0	228242.0	228242.0	228242.0	228242.0	228242.0	228242.0	228242.0	228242.0	228242.0	228242.0	228242.0	228242.0	228242.0	228242.0	228242.0	228242.0	228242.0	228242.0	228242.0	228242.0	228242.0	228242.0
126_TASK03_CON19_2.0_pos	pos	2.0	228241.0	228241.0	228241.0	228241.0	228241.0	228241.0	228241.0	228241.0	228241.0	228241.0	228241.0	228241.0	228241.0	228241.0	228241.0	228241.0	228241.0	228241.0	228241.0	228241.0	228241.0	228241.0	228241.0	228241.0	228241.0	228241.0	228241.0	228241.0	228241.0	228241.0	228241.0	228241.0	228241.0	228241.0	228241.0	228241.0	228241.0	228241.0	228241.0	228241.0	228241.0	228241.0	228241.0	228241.0	228241.0	228241.0	228241.0
126_TASK03_CON19_3.0_posneg	posneg	3.0	228241.0	228241.0	228241.0	228241.0	228241.0	228241.0	228241.0	228241.0	228241.0	228241.0	228241.0	228241.0	228241.0	228241.0	228241.0	228241.0	228241.0	228241.0	228241.0	228241.0	228241.0	228241.0	228241.0	228241.0	228241.0	228241.0	228241.0	228241.0	228241.0	228241.0	228241.0	228241.0	228241.0	228241.0	228241.0	228241.0	228241.0	228241.0	228241.0	228241.0	228241.0	228241.0	228241.0	228241.0	228241.0	228241.0	228241.0
126_TASK03_CON19_3.0_pos	pos	3.0	228241.0	228241.0	228241.0	228241.0	228241.0	228241.0	228241.0	228241.0	228241.0	228241.0	228241.0	228241.0	228241.0	228241.0	228241.0	228241.0	228241.0	228241.0	228241.0	228241.0	228241.0	228241.0	228241.0	228241.0	228241.0	228241.0	228241.0	228241.0	228241.0	228241.0	228241.0	228241.0	228241.0	228241.0	228241.0	228241.0	228241.0	228241.0	228241.0	228241.0	228241.0	228241.0	228241.0	228241.0	228241.0	228241.0	228241.0
126_TASK03_CON19_4.0_posneg	posneg	4.0	228241.0	228241.0	228241.0	228241.0	228241.0	228241.0	228241.0	228241.0	228241.0	228241.0	228241.0	228241.0	228241.0	228241.0	228241.0	228241.0	228241.0	228241.0	228241.0	228241.0	228241.0	228241.0	228241.0	228241.0	228241.0	228241.0	228241.0	228241.0	228241.0	228241.0	228241.0	228241.0	228241.0	228241.0	228241.0	228241.0	228241.0	228241.0	228241.0	228241.0	228241.0	228241.0	228241.0	228241.0	228241.0	228241.0	228241.0
126_TASK03_CON19_4.0_pos	pos	4.0	228241.0	228241.0	228241.0	228241.0	228241.0	228241.0	228241.0	228241.0	228241.0	228241.0	228241.0	228241.0	228241.0	228241.0	228241.0	228241.0	228241.0	228241.0	228241.0	228241.0	228241.0	228241.0	228241.0	228241.0	228241.0	228241.0	228241.0	228241.0	228241.0	228241.0	228241.0	228241.0	228241.0	228241.0	228241.0	228241.0	228241.0	228241.0	228241.0	228241.0	228241.0	228241.0	228241.0	228241.0	228241.0	228241.0	228241.0
126_TASK03_CON19_5.0_posneg	posneg	5.0	228241.0	228241.0	228241.0	228241.0	228241.0	228241.0	228241.0	228241.0	228241.0	228241.0	228241.0	228241.0	228241.0	228241.0	228241.0	228241.0	228241.0	228241.0	228241.0	228241.0	228241.0	228241.0	228241.0	228241.0	228241.0	228241.0	228241.0	228241.0	228241.0	228241.0	228241.0	228241.0	228241.0	228241.0	228241.0	228241.0	228241.0	228241.0	228241.0	228241.0	228241.0	228241.0	228241.0	228241.0	228241.0	228241.0	228241.0
126_TASK03_CON19_5.0_pos	pos	5.0	228241.0	228241.0	228241.0	228241.0	228241.0	228241.0	228241.0	228241.0	228241.0	228241.0	228241.0	228241.0	228241.0	228241.0	228241.0	228241.0	228241.0	228241.0	228241.0	228241.0	228241.0	228241.0	228241.0	228241.0	228241.0	228241.0	228241.0	228241.0	228241.0	228241.0	228241.0	228241.0	228241.0	228241.0	228241.0	228241.0	228241.0	228241.0	228241.0	228241.0	228241.0	228241.0	228241.0	228241.0	228241.0	228241.0	228241.0
126_TASK03_CON19_6.0_posneg	posneg	6.0	228241.0	228241.0	228241.0	228241.0	228241.0	228241.0	228241.0	228241.0	228241.0	228241.0	228241.0	228241.0	228241.0	228241.0	228241.0	228241.0	228241.0	228241.0	228241.0	228241.0	228241.0	228241.0	228241.0	228241.0	228241.0	228241.0	228241.0	228241.0	228241.0	228241.0	228241.0	228241.0	228241.0	228241.0	228241.0	228241.0	228241.0	228241.0	228241.0	228241.0	228241.0	228241.0	228241.0	228241.0	228241.0	228241.0	228241.0
126_TASK03_CON19_6.0_pos	pos	6.0	228241.0	228241.0	228241.0	228241.0	228241.0	228241.0	228241.0	228241.0	228241.0	228241.0	228241.0	228241.0	228241.0	228241.0	228241.0	228241.0	228241.0	228241.0	228241.0	228241.0	228241.0	228241.0	228241.0	228241.0	228241.0	228241.0	228241.0	228241.0	228241.0	228241.0	228241.0	228241.0	228241.0	228241.0	228241.0	228241.0	228241.0	228241.0	228241.0	228241.0	228241.0	228241.0	228241.0	228241.0	228241.0	228241.0	228241.0
126_TASK03_CON19_7.0_posneg	posneg	7.0	228241.0	228241.0	228241.0	228241.0	228241.0	228241.0	228241.0	228241.0	228241.0	228241.0	228241.0	228241.0	228241.0	228241.0	228241.0	228241.0	228241.0	228241.0	228241.0	228241.0	228241.0	228241.0	228241.0	228241.0	228241.0	228241.0	228241.0	228241.0	228241.0	228241.0	228241.0	228241.0	228241.0	228241.0	228241.0	228241.0	228241.0	228241.0	228241.0	228241.0	228241.0	228241.0	228241.0	228241.0	228241.0	228241.0	228241.0
126_TASK03_CON19_7.0_pos	pos	7.0	228241.0	228241.0	228241.0	228241.0	228241.0	228241.0	228241.0	228241.0	228241.0	228241.0	228241.0	228241.0	228241.0	228241.0	228241.0	228241.0	228241.0	228241.0	228241.0	228241.0	228241.0	228241.0	228241.0	228241.0	228241.0	228241.0	228241.0	228241.0	228241.0	228241.0	228241.0	228241.0	228241.0	228241.0	228241.0	228241.0	228241.0	228241.0	228241.0	228241.0	228241.0	228241.0	228241.0	228241.0	228241.0	228241.0	228241.0
126_TASK03_CON19_8.0_posneg	posneg	8.0	228241.0	228241.0	228241.0	228241.0	228241.0	228241.0	228241.0	228241.0	228241.0	228241.0	228241.0	228241.0	228241.0	228241.0	228241.0	228241.0	228241.0	228241.0	228241.0	228241.0	228241.0	228241.0	228241.0	228241.0	228241.0	228241.0	228241.0	228241.0	228241.0	228241.0	228241.0	228241.0	228241.0	228241.0	228241.0	228241.0	228241.0	228241.0	228241.0	228241.0	228241.0	228241.0	228241.0	228241.0	228241.0	228241.0	228241.0
126_TASK03_CON19_8.0_pos	pos	8.0	228241.0	228241.0	228241.0	228241.0	228241.0	228241.0	228241.0	228241.0	228241.0	228241.0	228241.0	228241.0	228241.0	228241.0	228241.0	228241.0	228241.0	228241.0	228241.0	228241.0	228241.0	228241.0	228241.0	228241.0	228241.0	228241.0	228241.0	228241.0	228241.0	228241.0	228241.0	228241.0	228241.0	228241.0	228241.0	228241.0	228241.0	228241.0	228241.0	228241.0	228241.0	228241.0	228241.0	228241.0	228241.0	228241.0	228241.0
126_TASK03_CON19_9.0_posneg	posneg	9.0	228241.0	228241.0	228241.0	228241.0	228241.0	228241.0	228241.0	228241.0	228241.0	228241.0	228241.0	228241.0	228241.0	228241.0	228241.0	228241.0	228241.0	228241.0	228241.0	228241.0	228241.0	228241.0	228241.0	228241.0	228241.0	228241.0	228241.0	228241.0	228241.0	228241.0	228241.0	228241.0	228241.0	228241.0	228241.0	228241.0	228241.0	228241.0	228241.0	228241.0	228241.0	228241.0	228241.0	228241.0	228241.0	228241.0	228241.0
126_TASK03_CON19_9.0_pos	pos	9.0	228241.0	228241.0	228241.0	228241.0	228241.0	228241.0	228241.0	228241.0	228241.0	228241.0	228241.0	228241.0	228241.0	228241.0	228241.0	228241.0	228241.0	228241.0	228241.0	228241.0	228241.0	228241.0	228241.0	228241.0	228241.0	228241.0	228241.0	228241.0	228241.0	228241.0	228241.0	228241.0	228241.0	228241.0	228241.0	228241.0	228241.0	228241.0	228241.0	228241.0	228241.0	228241.0	228241.0	228241.0	228241.0	228241.0	228241.0
126_TASK03_CON19_10.0_posneg	posneg	10.0	228241.0	228241.0	228241.0	228241.0	228241.0	228241.0	228241.0	228241.0	228241.0	228241.0	228241.0	228241.0	228241.0	228241.0	228241.0	228241.0	228241.0	228241.0	228241.0	228241.0	228241.0	228241.0	228241.0	228241.0	228241.0	228241.0	228241.0	228241.0	228241.0	228241.0	228241.0	228241.0	228241.0	228241.0	228241.0	228241.0	228241.0	228241.0	228241.0	228241.0	228241.0	228241.0	228241.0	228241.0	228241.0	228241.0	228241.0
126_TASK03_CON19_10.0_pos	pos	10.0	0.0	0.0	0.0	0.0	0.0	0.0	0.0	0.0	0.0	0.0	0.0	0.0	0.0	0.0	0.0	0.0	0.0	0.0	0.0	0.0	0.0	0.0	0.0	0.0	0.0	0.0	0.0	0.0	0.0	0.0	0.0	0.0	0.0	0.0	0.0	0.0	0.0	0.0	0.0	0.0	0.0	0.0	0.0	0.0	0.0	0.0	0.0
126_TASK03_CON19_11.0_posneg	posneg	11.0	0.0	0.0	0.0	0.0	0.0	0.0	0.0	0.0	0.0	0.0	0.0	0.0	0.0	0.0	0.0	0.0	0.0	0.0	0.0	0.0	0.0	0.0	0.0	0.0	0.0	0.0	0.0	0.0	0.0	0.0	0.0	0.0	0.0	0.0	0.0	0.0	0.0	0.0	0.0	0.0	0.0	0.0	0.0	0.0	0.0	0.0	0.0
126_TASK03_CON19_11.0_pos	pos	11.0	0.0	0.0	0.0	0.0	0.0	0.0	0.0	0.0	0.0	0.0	0.0	0.0	0.0	0.0	0.0	0.0	0.0	0.0	0.0	0.0	0.0	0.0	0.0	0.0	0.0	0.0	0.0	0.0	0.0	0.0	0.0	0.0	0.0	0.0	0.0	0.0	0.0	0.0	0.0	0.0	0.0	0.0	0.0	0.0	0.0	0.0	0.0
126_TASK03_CON19_12.0_posneg	posneg	12.0	0.0	0.0	0.0	0.0	0.0	0.0	0.0	0.0	0.0	0.0	0.0	0.0	0.0	0.0	0.0	0.0	0.0	0.0	0.0	0.0	0.0	0.0	0.0	0.0	0.0	0.0	0.0	0.0	0.0	0.0	0.0	0.0	0.0	0.0	0.0	0.0	0.0	0.0	0.0	0.0	0.0	0.0	0.0	0.0	0.0	0.0	0.0
126_TASK03_CON19_12.0_pos	pos	12.0	0.0	0.0	0.0	0.0	0.0	0.0	0.0	0.0	0.0	0.0	0.0	0.0	0.0	0.0	0.0	0.0	0.0	0.0	0.0	0.0	0.0	0.0	0.0	0.0	0.0	0.0	0.0	0.0	0.0	0.0	0.0	0.0	0.0	0.0	0.0	0.0	0.0	0.0	0.0	0.0	0.0	0.0	0.0	0.0	0.0	0.0	0.0
126_TASK03_CON19_13.0_posneg	posneg	13.0	0.0	0.0	0.0	0.0	0.0	0.0	0.0	0.0	0.0	0.0	0.0	0.0	0.0	0.0	0.0	0.0	0.0	0.0	0.0	0.0	0.0	0.0	0.0	0.0	0.0	0.0	0.0	0.0	0.0	0.0	0.0	0.0	0.0	0.0	0.0	0.0	0.0	0.0	0.0	0.0	0.0	0.0	0.0	0.0	0.0	0.0	0.0
126_TASK03_CON19_13.0_pos	pos	13.0	0.0	0.0	0.0	0.0	0.0	0.0	0.0	0.0	0.0	0.0	0.0	0.0	0.0	0.0	0.0	0.0	0.0	0.0	0.0	0.0	0.0	0.0	0.0	0.0	0.0	0.0	0.0	0.0	0.0	0.0	0.0	0.0	0.0	0.0	0.0	0.0	0.0	0.0	0.0	0.0	0.0	0.0	0.0	0.0	0.0	0.0	0.0
126_TASK03_CON20_0.0_posneg	posneg	0.0	228380.0	228380.0	228380.0	228380.0	228380.0	228380.0	228380.0	228380.0	228380.0	228380.0	228380.0	228380.0	228380.0	228380.0	228380.0	228380.0	228380.0	228380.0	228380.0	228380.0	228380.0	228380.0	228380.0	228380.0	228380.0	228380.0	228380.0	228380.0	228380.0	228380.0	228380.0	228380.0	228380.0	228380.0	228380.0	228380.0	228380.0	228380.0	228380.0	228380.0	228380.0	228380.0	228380.0	228380.0	228380.0	228380.0	228380.0
126_TASK03_CON20_0.0_pos	pos	0.0	228274.0	228274.0	228274.0	228274.0	228274.0	228274.0	228274.0	228274.0	228274.0	228274.0	228274.0	228274.0	228274.0	228274.0	228274.0	228274.0	228274.0	228274.0	228274.0	228274.0	228274.0	228274.0	228274.0	228274.0	228274.0	228274.0	228274.0	228274.0	228274.0	228274.0	228274.0	228274.0	228274.0	228274.0	228274.0	228274.0	228274.0	228274.0	228274.0	228274.0	228274.0	228274.0	228274.0	228274.0	228274.0	228274.0	228274.0
126_TASK03_CON20_1.0_posneg	posneg	1.0	228280.0	228280.0	228280.0	228280.0	228280.0	228280.0	228280.0	228280.0	228280.0	228280.0	228280.0	228280.0	228280.0	228280.0	228280.0	228280.0	228280.0	228280.0	228280.0	228280.0	228280.0	228280.0	228280.0	228280.0	228280.0	228280.0	228280.0	228280.0	228280.0	228280.0	228280.0	228280.0	228280.0	228280.0	228280.0	228280.0	228280.0	228280.0	228280.0	228280.0	228280.0	228280.0	228280.0	228280.0	228280.0	228280.0	228280.0
126_TASK03_CON20_1.0_pos	pos	1.0	228247.0	228247.0	228247.0	228247.0	228247.0	228247.0	228247.0	228247.0	228247.0	228247.0	228247.0	228247.0	228247.0	228247.0	228247.0	228247.0	228247.0	228247.0	228247.0	228247.0	228247.0	228247.0	228247.0	228247.0	228247.0	228247.0	228247.0	228247.0	228247.0	228247.0	228247.0	228247.0	228247.0	228247.0	228247.0	228247.0	228247.0	228247.0	228247.0	228247.0	228247.0	228247.0	228247.0	228247.0	228247.0	228247.0	228247.0
126_TASK03_CON20_2.0_posneg	posneg	2.0	228242.0	228242.0	228242.0	228242.0	228242.0	228242.0	228242.0	228242.0	228242.0	228242.0	228242.0	228242.0	228242.0	228242.0	228242.0	228242.0	228242.0	228242.0	228242.0	228242.0	228242.0	228242.0	228242.0	228242.0	228242.0	228242.0	228242.0	228242.0	228242.0	228242.0	228242.0	228242.0	228242.0	228242.0	228242.0	228242.0	228242.0	228242.0	228242.0	228242.0	228242.0	228242.0	228242.0	228242.0	228242.0	228242.0	228242.0
126_TASK03_CON20_2.0_pos	pos	2.0	228241.0	228241.0	228241.0	228241.0	228241.0	228241.0	228241.0	228241.0	228241.0	228241.0	228241.0	228241.0	228241.0	228241.0	228241.0	228241.0	228241.0	228241.0	228241.0	228241.0	228241.0	228241.0	228241.0	228241.0	228241.0	228241.0	228241.0	228241.0	228241.0	228241.0	228241.0	228241.0	228241.0	228241.0	228241.0	228241.0	228241.0	228241.0	228241.0	228241.0	228241.0	228241.0	228241.0	228241.0	228241.0	228241.0	228241.0
126_TASK03_CON20_3.0_posneg	posneg	3.0	228241.0	228241.0	228241.0	228241.0	228241.0	228241.0	228241.0	228241.0	228241.0	228241.0	228241.0	228241.0	228241.0	228241.0	228241.0	228241.0	228241.0	228241.0	228241.0	228241.0	228241.0	228241.0	228241.0	228241.0	228241.0	228241.0	228241.0	228241.0	228241.0	228241.0	228241.0	228241.0	228241.0	228241.0	228241.0	228241.0	228241.0	228241.0	228241.0	228241.0	228241.0	228241.0	228241.0	228241.0	228241.0	228241.0	228241.0
126_TASK03_CON20_3.0_pos	pos	3.0	228241.0	228241.0	228241.0	228241.0	228241.0	228241.0	228241.0	228241.0	228241.0	228241.0	228241.0	228241.0	228241.0	228241.0	228241.0	228241.0	228241.0	228241.0	228241.0	228241.0	228241.0	228241.0	228241.0	228241.0	228241.0	228241.0	228241.0	228241.0	228241.0	228241.0	228241.0	228241.0	228241.0	228241.0	228241.0	228241.0	228241.0	228241.0	228241.0	228241.0	228241.0	228241.0	228241.0	228241.0	228241.0	228241.0	228241.0
126_TASK03_CON20_4.0_posneg	posneg	4.0	228241.0	228241.0	228241.0	228241.0	228241.0	228241.0	228241.0	228241.0	228241.0	228241.0	228241.0	228241.0	228241.0	228241.0	228241.0	228241.0	228241.0	228241.0	228241.0	228241.0	228241.0	228241.0	228241.0	228241.0	228241.0	228241.0	228241.0	228241.0	228241.0	228241.0	228241.0	228241.0	228241.0	228241.0	228241.0	228241.0	228241.0	228241.0	228241.0	228241.0	228241.0	228241.0	228241.0	228241.0	228241.0	228241.0	228241.0
126_TASK03_CON20_4.0_pos	pos	4.0	228241.0	228241.0	228241.0	228241.0	228241.0	228241.0	228241.0	228241.0	228241.0	228241.0	228241.0	228241.0	228241.0	228241.0	228241.0	228241.0	228241.0	228241.0	228241.0	228241.0	228241.0	228241.0	228241.0	228241.0	228241.0	228241.0	228241.0	228241.0	228241.0	228241.0	228241.0	228241.0	228241.0	228241.0	228241.0	228241.0	228241.0	228241.0	228241.0	228241.0	228241.0	228241.0	228241.0	228241.0	228241.0	228241.0	228241.0
126_TASK03_CON20_5.0_posneg	posneg	5.0	228241.0	228241.0	228241.0	228241.0	228241.0	228241.0	228241.0	228241.0	228241.0	228241.0	228241.0	228241.0	228241.0	228241.0	228241.0	228241.0	228241.0	228241.0	228241.0	228241.0	228241.0	228241.0	228241.0	228241.0	228241.0	228241.0	228241.0	228241.0	228241.0	228241.0	228241.0	228241.0	228241.0	228241.0	228241.0	228241.0	228241.0	228241.0	228241.0	228241.0	228241.0	228241.0	228241.0	228241.0	228241.0	228241.0	228241.0
126_TASK03_CON20_5.0_pos	pos	5.0	228241.0	228241.0	228241.0	228241.0	228241.0	228241.0	228241.0	228241.0	228241.0	228241.0	228241.0	228241.0	228241.0	228241.0	228241.0	228241.0	228241.0	228241.0	228241.0	228241.0	228241.0	228241.0	228241.0	228241.0	228241.0	228241.0	228241.0	228241.0	228241.0	228241.0	228241.0	228241.0	228241.0	228241.0	228241.0	228241.0	228241.0	228241.0	228241.0	228241.0	228241.0	228241.0	228241.0	228241.0	228241.0	228241.0	228241.0
126_TASK03_CON20_6.0_posneg	posneg	6.0	228241.0	228241.0	228241.0	228241.0	228241.0	228241.0	228241.0	228241.0	228241.0	228241.0	228241.0	228241.0	228241.0	228241.0	228241.0	228241.0	228241.0	228241.0	228241.0	228241.0	228241.0	228241.0	228241.0	228241.0	228241.0	228241.0	228241.0	228241.0	228241.0	228241.0	228241.0	228241.0	228241.0	228241.0	228241.0	228241.0	228241.0	228241.0	228241.0	228241.0	228241.0	228241.0	228241.0	228241.0	228241.0	228241.0	228241.0
126_TASK03_CON20_6.0_pos	pos	6.0	228241.0	228241.0	228241.0	228241.0	228241.0	228241.0	228241.0	228241.0	228241.0	228241.0	228241.0	228241.0	228241.0	228241.0	228241.0	228241.0	228241.0	228241.0	228241.0	228241.0	228241.0	228241.0	228241.0	228241.0	228241.0	228241.0	228241.0	228241.0	228241.0	228241.0	228241.0	228241.0	228241.0	228241.0	228241.0	228241.0	228241.0	228241.0	228241.0	228241.0	228241.0	228241.0	228241.0	228241.0	228241.0	228241.0	228241.0
126_TASK03_CON20_7.0_posneg	posneg	7.0	228241.0	228241.0	228241.0	228241.0	228241.0	228241.0	228241.0	228241.0	228241.0	228241.0	228241.0	228241.0	228241.0	228241.0	228241.0	228241.0	228241.0	228241.0	228241.0	228241.0	228241.0	228241.0	228241.0	228241.0	228241.0	228241.0	228241.0	228241.0	228241.0	228241.0	228241.0	228241.0	228241.0	228241.0	228241.0	228241.0	228241.0	228241.0	228241.0	228241.0	228241.0	228241.0	228241.0	228241.0	228241.0	228241.0	228241.0
126_TASK03_CON20_7.0_pos	pos	7.0	228241.0	228241.0	228241.0	228241.0	228241.0	228241.0	228241.0	228241.0	228241.0	228241.0	228241.0	228241.0	228241.0	228241.0	228241.0	228241.0	228241.0	228241.0	228241.0	228241.0	228241.0	228241.0	228241.0	228241.0	228241.0	228241.0	228241.0	228241.0	228241.0	228241.0	228241.0	228241.0	228241.0	228241.0	228241.0	228241.0	228241.0	228241.0	228241.0	228241.0	228241.0	228241.0	228241.0	228241.0	228241.0	228241.0	228241.0
126_TASK03_CON20_8.0_posneg	posneg	8.0	228241.0	228241.0	228241.0	228241.0	228241.0	228241.0	228241.0	228241.0	228241.0	228241.0	228241.0	228241.0	228241.0	228241.0	228241.0	228241.0	228241.0	228241.0	228241.0	228241.0	228241.0	228241.0	228241.0	228241.0	228241.0	228241.0	228241.0	228241.0	228241.0	228241.0	228241.0	228241.0	228241.0	228241.0	228241.0	228241.0	228241.0	228241.0	228241.0	228241.0	228241.0	228241.0	228241.0	228241.0	228241.0	228241.0	228241.0
126_TASK03_CON20_8.0_pos	pos	8.0	228241.0	228241.0	228241.0	228241.0	228241.0	228241.0	228241.0	228241.0	228241.0	228241.0	228241.0	228241.0	228241.0	228241.0	228241.0	228241.0	228241.0	228241.0	228241.0	228241.0	228241.0	228241.0	228241.0	228241.0	228241.0	228241.0	228241.0	228241.0	228241.0	228241.0	228241.0	228241.0	228241.0	228241.0	228241.0	228241.0	228241.0	228241.0	228241.0	228241.0	228241.0	228241.0	228241.0	228241.0	228241.0	228241.0	228241.0
126_TASK03_CON20_9.0_posneg	posneg	9.0	228241.0	228241.0	228241.0	228241.0	228241.0	228241.0	228241.0	228241.0	228241.0	228241.0	228241.0	228241.0	228241.0	228241.0	228241.0	228241.0	228241.0	228241.0	228241.0	228241.0	228241.0	228241.0	228241.0	228241.0	228241.0	228241.0	228241.0	228241.0	228241.0	228241.0	228241.0	228241.0	228241.0	228241.0	228241.0	228241.0	228241.0	228241.0	228241.0	228241.0	228241.0	228241.0	228241.0	228241.0	228241.0	228241.0	228241.0
126_TASK03_CON20_9.0_pos	pos	9.0	228241.0	228241.0	228241.0	228241.0	228241.0	228241.0	228241.0	228241.0	228241.0	228241.0	228241.0	228241.0	228241.0	228241.0	228241.0	228241.0	228241.0	228241.0	228241.0	228241.0	228241.0	228241.0	228241.0	228241.0	228241.0	228241.0	228241.0	228241.0	228241.0	228241.0	228241.0	228241.0	228241.0	228241.0	228241.0	228241.0	228241.0	228241.0	228241.0	228241.0	228241.0	228241.0	228241.0	228241.0	228241.0	228241.0	228241.0
126_TASK03_CON20_10.0_posneg	posneg	10.0	228241.0	228241.0	228241.0	228241.0	228241.0	228241.0	228241.0	228241.0	228241.0	228241.0	228241.0	228241.0	228241.0	228241.0	228241.0	228241.0	228241.0	228241.0	228241.0	228241.0	228241.0	228241.0	228241.0	228241.0	228241.0	228241.0	228241.0	228241.0	228241.0	228241.0	228241.0	228241.0	228241.0	228241.0	228241.0	228241.0	228241.0	228241.0	228241.0	228241.0	228241.0	228241.0	228241.0	228241.0	228241.0	228241.0	228241.0
126_TASK03_CON20_10.0_pos	pos	10.0	0.0	0.0	0.0	0.0	0.0	0.0	0.0	0.0	0.0	0.0	0.0	0.0	0.0	0.0	0.0	0.0	0.0	0.0	0.0	0.0	0.0	0.0	0.0	0.0	0.0	0.0	0.0	0.0	0.0	0.0	0.0	0.0	0.0	0.0	0.0	0.0	0.0	0.0	0.0	0.0	0.0	0.0	0.0	0.0	0.0	0.0	0.0
126_TASK03_CON20_11.0_posneg	posneg	11.0	228241.0	228241.0	228241.0	228241.0	228241.0	228241.0	228241.0	228241.0	228241.0	228241.0	228241.0	228241.0	228241.0	228241.0	228241.0	228241.0	228241.0	228241.0	228241.0	228241.0	228241.0	228241.0	228241.0	228241.0	228241.0	228241.0	228241.0	228241.0	228241.0	228241.0	228241.0	228241.0	228241.0	228241.0	228241.0	228241.0	228241.0	228241.0	228241.0	228241.0	228241.0	228241.0	228241.0	228241.0	228241.0	228241.0	228241.0
126_TASK03_CON20_11.0_pos	pos	11.0	0.0	0.0	0.0	0.0	0.0	0.0	0.0	0.0	0.0	0.0	0.0	0.0	0.0	0.0	0.0	0.0	0.0	0.0	0.0	0.0	0.0	0.0	0.0	0.0	0.0	0.0	0.0	0.0	0.0	0.0	0.0	0.0	0.0	0.0	0.0	0.0	0.0	0.0	0.0	0.0	0.0	0.0	0.0	0.0	0.0	0.0	0.0
126_TASK03_CON20_12.0_posneg	posneg	12.0	0.0	0.0	0.0	0.0	0.0	0.0	0.0	0.0	0.0	0.0	0.0	0.0	0.0	0.0	0.0	0.0	0.0	0.0	0.0	0.0	0.0	0.0	0.0	0.0	0.0	0.0	0.0	0.0	0.0	0.0	0.0	0.0	0.0	0.0	0.0	0.0	0.0	0.0	0.0	0.0	0.0	0.0	0.0	0.0	0.0	0.0	0.0
126_TASK03_CON20_12.0_pos	pos	12.0	0.0	0.0	0.0	0.0	0.0	0.0	0.0	0.0	0.0	0.0	0.0	0.0	0.0	0.0	0.0	0.0	0.0	0.0	0.0	0.0	0.0	0.0	0.0	0.0	0.0	0.0	0.0	0.0	0.0	0.0	0.0	0.0	0.0	0.0	0.0	0.0	0.0	0.0	0.0	0.0	0.0	0.0	0.0	0.0	0.0	0.0	0.0
126_TASK03_CON20_13.0_posneg	posneg	13.0	0.0	0.0	0.0	0.0	0.0	0.0	0.0	0.0	0.0	0.0	0.0	0.0	0.0	0.0	0.0	0.0	0.0	0.0	0.0	0.0	0.0	0.0	0.0	0.0	0.0	0.0	0.0	0.0	0.0	0.0	0.0	0.0	0.0	0.0	0.0	0.0	0.0	0.0	0.0	0.0	0.0	0.0	0.0	0.0	0.0	0.0	0.0
126_TASK03_CON20_13.0_pos	pos	13.0	0.0	0.0	0.0	0.0	0.0	0.0	0.0	0.0	0.0	0.0	0.0	0.0	0.0	0.0	0.0	0.0	0.0	0.0	0.0	0.0	0.0	0.0	0.0	0.0	0.0	0.0	0.0	0.0	0.0	0.0	0.0	0.0	0.0	0.0	0.0	0.0	0.0	0.0	0.0	0.0	0.0	0.0	0.0	0.0	0.0	0.0	0.0
126_TASK03_CON22_0.0_posneg	posneg	0.0	228380.0	228380.0	228380.0	228380.0	228380.0	228380.0	228380.0	228380.0	228380.0	228380.0	228380.0	228380.0	228380.0	228380.0	228380.0	228380.0	228380.0	228380.0	228380.0	228380.0	228380.0	228380.0	228380.0	228380.0	228380.0	228380.0	228380.0	228380.0	228380.0	228380.0	228380.0	228380.0	228380.0	228380.0	228380.0	228380.0	228380.0	228380.0	228380.0	228380.0	228380.0	228380.0	228380.0	228380.0	228380.0	228380.0	228380.0
126_TASK03_CON22_0.0_pos	pos	0.0	228317.0	228317.0	228317.0	228317.0	228317.0	228317.0	228317.0	228317.0	228317.0	228317.0	228317.0	228317.0	228317.0	228317.0	228317.0	228317.0	228317.0	228317.0	228317.0	228317.0	228317.0	228317.0	228317.0	228317.0	228317.0	228317.0	228317.0	228317.0	228317.0	228317.0	228317.0	228317.0	228317.0	228317.0	228317.0	228317.0	228317.0	228317.0	228317.0	228317.0	228317.0	228317.0	228317.0	228317.0	228317.0	228317.0	228317.0
126_TASK03_CON22_1.0_posneg	posneg	1.0	228282.0	228282.0	228282.0	228282.0	228282.0	228282.0	228282.0	228282.0	228282.0	228282.0	228282.0	228282.0	228282.0	228282.0	228282.0	228282.0	228282.0	228282.0	228282.0	228282.0	228282.0	228282.0	228282.0	228282.0	228282.0	228282.0	228282.0	228282.0	228282.0	228282.0	228282.0	228282.0	228282.0	228282.0	228282.0	228282.0	228282.0	228282.0	228282.0	228282.0	228282.0	228282.0	228282.0	228282.0	228282.0	228282.0	228282.0
126_TASK03_CON22_1.0_pos	pos	1.0	228268.0	228268.0	228268.0	228268.0	228268.0	228268.0	228268.0	228268.0	228268.0	228268.0	228268.0	228268.0	228268.0	228268.0	228268.0	228268.0	228268.0	228268.0	228268.0	228268.0	228268.0	228268.0	228268.0	228268.0	228268.0	228268.0	228268.0	228268.0	228268.0	228268.0	228268.0	228268.0	228268.0	228268.0	228268.0	228268.0	228268.0	228268.0	228268.0	228268.0	228268.0	228268.0	228268.0	228268.0	228268.0	228268.0	228268.0
126_TASK03_CON22_2.0_posneg	posneg	2.0	228241.0	228241.0	228241.0	228241.0	228241.0	228241.0	228241.0	228241.0	228241.0	228241.0	228241.0	228241.0	228241.0	228241.0	228241.0	228241.0	228241.0	228241.0	228241.0	228241.0	228241.0	228241.0	228241.0	228241.0	228241.0	228241.0	228241.0	228241.0	228241.0	228241.0	228241.0	228241.0	228241.0	228241.0	228241.0	228241.0	228241.0	228241.0	228241.0	228241.0	228241.0	228241.0	228241.0	228241.0	228241.0	228241.0	228241.0
126_TASK03_CON22_2.0_pos	pos	2.0	228241.0	228241.0	228241.0	228241.0	228241.0	228241.0	228241.0	228241.0	228241.0	228241.0	228241.0	228241.0	228241.0	228241.0	228241.0	228241.0	228241.0	228241.0	228241.0	228241.0	228241.0	228241.0	228241.0	228241.0	228241.0	228241.0	228241.0	228241.0	228241.0	228241.0	228241.0	228241.0	228241.0	228241.0	228241.0	228241.0	228241.0	228241.0	228241.0	228241.0	228241.0	228241.0	228241.0	228241.0	228241.0	228241.0	228241.0
126_TASK03_CON22_3.0_posneg	posneg	3.0	228241.0	228241.0	228241.0	228241.0	228241.0	228241.0	228241.0	228241.0	228241.0	228241.0	228241.0	228241.0	228241.0	228241.0	228241.0	228241.0	228241.0	228241.0	228241.0	228241.0	228241.0	228241.0	228241.0	228241.0	228241.0	228241.0	228241.0	228241.0	228241.0	228241.0	228241.0	228241.0	228241.0	228241.0	228241.0	228241.0	228241.0	228241.0	228241.0	228241.0	228241.0	228241.0	228241.0	228241.0	228241.0	228241.0	228241.0
126_TASK03_CON22_3.0_pos	pos	3.0	228241.0	228241.0	228241.0	228241.0	228241.0	228241.0	228241.0	228241.0	228241.0	228241.0	228241.0	228241.0	228241.0	228241.0	228241.0	228241.0	228241.0	228241.0	228241.0	228241.0	228241.0	228241.0	228241.0	228241.0	228241.0	228241.0	228241.0	228241.0	228241.0	228241.0	228241.0	228241.0	228241.0	228241.0	228241.0	228241.0	228241.0	228241.0	228241.0	228241.0	228241.0	228241.0	228241.0	228241.0	228241.0	228241.0	228241.0
126_TASK03_CON22_4.0_posneg	posneg	4.0	228241.0	228241.0	228241.0	228241.0	228241.0	228241.0	228241.0	228241.0	228241.0	228241.0	228241.0	228241.0	228241.0	228241.0	228241.0	228241.0	228241.0	228241.0	228241.0	228241.0	228241.0	228241.0	228241.0	228241.0	228241.0	228241.0	228241.0	228241.0	228241.0	228241.0	228241.0	228241.0	228241.0	228241.0	228241.0	228241.0	228241.0	228241.0	228241.0	228241.0	228241.0	228241.0	228241.0	228241.0	228241.0	228241.0	228241.0
126_TASK03_CON22_4.0_pos	pos	4.0	228241.0	228241.0	228241.0	228241.0	228241.0	228241.0	228241.0	228241.0	228241.0	228241.0	228241.0	228241.0	228241.0	228241.0	228241.0	228241.0	228241.0	228241.0	228241.0	228241.0	228241.0	228241.0	228241.0	228241.0	228241.0	228241.0	228241.0	228241.0	228241.0	228241.0	228241.0	228241.0	228241.0	228241.0	228241.0	228241.0	228241.0	228241.0	228241.0	228241.0	228241.0	228241.0	228241.0	228241.0	228241.0	228241.0	228241.0
126_TASK03_CON22_5.0_posneg	posneg	5.0	228241.0	228241.0	228241.0	228241.0	228241.0	228241.0	228241.0	228241.0	228241.0	228241.0	228241.0	228241.0	228241.0	228241.0	228241.0	228241.0	228241.0	228241.0	228241.0	228241.0	228241.0	228241.0	228241.0	228241.0	228241.0	228241.0	228241.0	228241.0	228241.0	228241.0	228241.0	228241.0	228241.0	228241.0	228241.0	228241.0	228241.0	228241.0	228241.0	228241.0	228241.0	228241.0	228241.0	228241.0	228241.0	228241.0	228241.0
126_TASK03_CON22_5.0_pos	pos	5.0	228241.0	228241.0	228241.0	228241.0	228241.0	228241.0	228241.0	228241.0	228241.0	228241.0	228241.0	228241.0	228241.0	228241.0	228241.0	228241.0	228241.0	228241.0	228241.0	228241.0	228241.0	228241.0	228241.0	228241.0	228241.0	228241.0	228241.0	228241.0	228241.0	228241.0	228241.0	228241.0	228241.0	228241.0	228241.0	228241.0	228241.0	228241.0	228241.0	228241.0	228241.0	228241.0	228241.0	228241.0	228241.0	228241.0	228241.0
126_TASK03_CON22_6.0_posneg	posneg	6.0	228241.0	228241.0	228241.0	228241.0	228241.0	228241.0	228241.0	228241.0	228241.0	228241.0	228241.0	228241.0	228241.0	228241.0	228241.0	228241.0	228241.0	228241.0	228241.0	228241.0	228241.0	228241.0	228241.0	228241.0	228241.0	228241.0	228241.0	228241.0	228241.0	228241.0	228241.0	228241.0	228241.0	228241.0	228241.0	228241.0	228241.0	228241.0	228241.0	228241.0	228241.0	228241.0	228241.0	228241.0	228241.0	228241.0	228241.0
126_TASK03_CON22_6.0_pos	pos	6.0	228241.0	228241.0	228241.0	228241.0	228241.0	228241.0	228241.0	228241.0	228241.0	228241.0	228241.0	228241.0	228241.0	228241.0	228241.0	228241.0	228241.0	228241.0	228241.0	228241.0	228241.0	228241.0	228241.0	228241.0	228241.0	228241.0	228241.0	228241.0	228241.0	228241.0	228241.0	228241.0	228241.0	228241.0	228241.0	228241.0	228241.0	228241.0	228241.0	228241.0	228241.0	228241.0	228241.0	228241.0	228241.0	228241.0	228241.0
126_TASK03_CON22_7.0_posneg	posneg	7.0	228241.0	228241.0	228241.0	228241.0	228241.0	228241.0	228241.0	228241.0	228241.0	228241.0	228241.0	228241.0	228241.0	228241.0	228241.0	228241.0	228241.0	228241.0	228241.0	228241.0	228241.0	228241.0	228241.0	228241.0	228241.0	228241.0	228241.0	228241.0	228241.0	228241.0	228241.0	228241.0	228241.0	228241.0	228241.0	228241.0	228241.0	228241.0	228241.0	228241.0	228241.0	228241.0	228241.0	228241.0	228241.0	228241.0	228241.0
126_TASK03_CON22_7.0_pos	pos	7.0	228241.0	228241.0	228241.0	228241.0	228241.0	228241.0	228241.0	228241.0	228241.0	228241.0	228241.0	228241.0	228241.0	228241.0	228241.0	228241.0	228241.0	228241.0	228241.0	228241.0	228241.0	228241.0	228241.0	228241.0	228241.0	228241.0	228241.0	228241.0	228241.0	228241.0	228241.0	228241.0	228241.0	228241.0	228241.0	228241.0	228241.0	228241.0	228241.0	228241.0	228241.0	228241.0	228241.0	228241.0	228241.0	228241.0	228241.0
126_TASK03_CON22_8.0_posneg	posneg	8.0	228241.0	228241.0	228241.0	228241.0	228241.0	228241.0	228241.0	228241.0	228241.0	228241.0	228241.0	228241.0	228241.0	228241.0	228241.0	228241.0	228241.0	228241.0	228241.0	228241.0	228241.0	228241.0	228241.0	228241.0	228241.0	228241.0	228241.0	228241.0	228241.0	228241.0	228241.0	228241.0	228241.0	228241.0	228241.0	228241.0	228241.0	228241.0	228241.0	228241.0	228241.0	228241.0	228241.0	228241.0	228241.0	228241.0	228241.0
126_TASK03_CON22_8.0_pos	pos	8.0	228241.0	228241.0	228241.0	228241.0	228241.0	228241.0	228241.0	228241.0	228241.0	228241.0	228241.0	228241.0	228241.0	228241.0	228241.0	228241.0	228241.0	228241.0	228241.0	228241.0	228241.0	228241.0	228241.0	228241.0	228241.0	228241.0	228241.0	228241.0	228241.0	228241.0	228241.0	228241.0	228241.0	228241.0	228241.0	228241.0	228241.0	228241.0	228241.0	228241.0	228241.0	228241.0	228241.0	228241.0	228241.0	228241.0	228241.0
126_TASK03_CON22_9.0_posneg	posneg	9.0	0.0	0.0	0.0	0.0	0.0	0.0	0.0	0.0	0.0	0.0	0.0	0.0	0.0	0.0	0.0	0.0	0.0	0.0	0.0	0.0	0.0	0.0	0.0	0.0	0.0	0.0	0.0	0.0	0.0	0.0	0.0	0.0	0.0	0.0	0.0	0.0	0.0	0.0	0.0	0.0	0.0	0.0	0.0	0.0	0.0	0.0	0.0
126_TASK03_CON22_9.0_pos	pos	9.0	0.0	0.0	0.0	0.0	0.0	0.0	0.0	0.0	0.0	0.0	0.0	0.0	0.0	0.0	0.0	0.0	0.0	0.0	0.0	0.0	0.0	0.0	0.0	0.0	0.0	0.0	0.0	0.0	0.0	0.0	0.0	0.0	0.0	0.0	0.0	0.0	0.0	0.0	0.0	0.0	0.0	0.0	0.0	0.0	0.0	0.0	0.0
126_TASK03_CON22_10.0_posneg	posneg	10.0	0.0	0.0	0.0	0.0	0.0	0.0	0.0	0.0	0.0	0.0	0.0	0.0	0.0	0.0	0.0	0.0	0.0	0.0	0.0	0.0	0.0	0.0	0.0	0.0	0.0	0.0	0.0	0.0	0.0	0.0	0.0	0.0	0.0	0.0	0.0	0.0	0.0	0.0	0.0	0.0	0.0	0.0	0.0	0.0	0.0	0.0	0.0
126_TASK03_CON22_10.0_pos	pos	10.0	0.0	0.0	0.0	0.0	0.0	0.0	0.0	0.0	0.0	0.0	0.0	0.0	0.0	0.0	0.0	0.0	0.0	0.0	0.0	0.0	0.0	0.0	0.0	0.0	0.0	0.0	0.0	0.0	0.0	0.0	0.0	0.0	0.0	0.0	0.0	0.0	0.0	0.0	0.0	0.0	0.0	0.0	0.0	0.0	0.0	0.0	0.0
126_TASK03_CON22_11.0_posneg	posneg	11.0	0.0	0.0	0.0	0.0	0.0	0.0	0.0	0.0	0.0	0.0	0.0	0.0	0.0	0.0	0.0	0.0	0.0	0.0	0.0	0.0	0.0	0.0	0.0	0.0	0.0	0.0	0.0	0.0	0.0	0.0	0.0	0.0	0.0	0.0	0.0	0.0	0.0	0.0	0.0	0.0	0.0	0.0	0.0	0.0	0.0	0.0	0.0
126_TASK03_CON22_11.0_pos	pos	11.0	0.0	0.0	0.0	0.0	0.0	0.0	0.0	0.0	0.0	0.0	0.0	0.0	0.0	0.0	0.0	0.0	0.0	0.0	0.0	0.0	0.0	0.0	0.0	0.0	0.0	0.0	0.0	0.0	0.0	0.0	0.0	0.0	0.0	0.0	0.0	0.0	0.0	0.0	0.0	0.0	0.0	0.0	0.0	0.0	0.0	0.0	0.0
126_TASK03_CON22_12.0_posneg	posneg	12.0	0.0	0.0	0.0	0.0	0.0	0.0	0.0	0.0	0.0	0.0	0.0	0.0	0.0	0.0	0.0	0.0	0.0	0.0	0.0	0.0	0.0	0.0	0.0	0.0	0.0	0.0	0.0	0.0	0.0	0.0	0.0	0.0	0.0	0.0	0.0	0.0	0.0	0.0	0.0	0.0	0.0	0.0	0.0	0.0	0.0	0.0	0.0
126_TASK03_CON22_12.0_pos	pos	12.0	0.0	0.0	0.0	0.0	0.0	0.0	0.0	0.0	0.0	0.0	0.0	0.0	0.0	0.0	0.0	0.0	0.0	0.0	0.0	0.0	0.0	0.0	0.0	0.0	0.0	0.0	0.0	0.0	0.0	0.0	0.0	0.0	0.0	0.0	0.0	0.0	0.0	0.0	0.0	0.0	0.0	0.0	0.0	0.0	0.0	0.0	0.0
126_TASK03_CON22_13.0_posneg	posneg	13.0	0.0	0.0	0.0	0.0	0.0	0.0	0.0	0.0	0.0	0.0	0.0	0.0	0.0	0.0	0.0	0.0	0.0	0.0	0.0	0.0	0.0	0.0	0.0	0.0	0.0	0.0	0.0	0.0	0.0	0.0	0.0	0.0	0.0	0.0	0.0	0.0	0.0	0.0	0.0	0.0	0.0	0.0	0.0	0.0	0.0	0.0	0.0
126_TASK03_CON22_13.0_pos	pos	13.0	0.0	0.0	0.0	0.0	0.0	0.0	0.0	0.0	0.0	0.0	0.0	0.0	0.0	0.0	0.0	0.0	0.0	0.0	0.0	0.0	0.0	0.0	0.0	0.0	0.0	0.0	0.0	0.0	0.0	0.0	0.0	0.0	0.0	0.0	0.0	0.0	0.0	0.0	0.0	0.0	0.0	0.0	0.0	0.0	0.0	0.0	0.0
126_TASK04_CON61_0.0_posneg	posneg	0.0	228380.0	228380.0	228380.0	228380.0	228380.0	228380.0	228380.0	228380.0	228380.0	228380.0	228380.0	228380.0	228380.0	228380.0	228380.0	228380.0	228380.0	228380.0	228380.0	228380.0	228380.0	228380.0	228380.0	228380.0	228380.0	228380.0	228380.0	228380.0	228380.0	228380.0	228380.0	228380.0	228380.0	228380.0	228380.0	228380.0	228380.0	228380.0	228380.0	228380.0	228380.0	228380.0	228380.0	228380.0	228380.0	228380.0	228380.0
126_TASK04_CON61_0.0_pos	pos	0.0	228328.0	228328.0	228328.0	228328.0	228328.0	228328.0	228328.0	228328.0	228328.0	228328.0	228328.0	228328.0	228328.0	228328.0	228328.0	228328.0	228328.0	228328.0	228328.0	228328.0	228328.0	228328.0	228328.0	228328.0	228328.0	228328.0	228328.0	228328.0	228328.0	228328.0	228328.0	228328.0	228328.0	228328.0	228328.0	228328.0	228328.0	228328.0	228328.0	228328.0	228328.0	228328.0	228328.0	228328.0	228328.0	228328.0	228328.0
126_TASK04_CON61_1.0_posneg	posneg	1.0	228285.0	228285.0	228285.0	228285.0	228285.0	228285.0	228285.0	228285.0	228285.0	228285.0	228285.0	228285.0	228285.0	228285.0	228285.0	228285.0	228285.0	228285.0	228285.0	228285.0	228285.0	228285.0	228285.0	228285.0	228285.0	228285.0	228285.0	228285.0	228285.0	228285.0	228285.0	228285.0	228285.0	228285.0	228285.0	228285.0	228285.0	228285.0	228285.0	228285.0	228285.0	228285.0	228285.0	228285.0	228285.0	228285.0	228285.0
126_TASK04_CON61_1.0_pos	pos	1.0	228271.0	228271.0	228271.0	228271.0	228271.0	228271.0	228271.0	228271.0	228271.0	228271.0	228271.0	228271.0	228271.0	228271.0	228271.0	228271.0	228271.0	228271.0	228271.0	228271.0	228271.0	228271.0	228271.0	228271.0	228271.0	228271.0	228271.0	228271.0	228271.0	228271.0	228271.0	228271.0	228271.0	228271.0	228271.0	228271.0	228271.0	228271.0	228271.0	228271.0	228271.0	228271.0	228271.0	228271.0	228271.0	228271.0	228271.0
126_TASK04_CON61_2.0_posneg	posneg	2.0	228241.0	228241.0	228241.0	228241.0	228241.0	228241.0	228241.0	228241.0	228241.0	228241.0	228241.0	228241.0	228241.0	228241.0	228241.0	228241.0	228241.0	228241.0	228241.0	228241.0	228241.0	228241.0	228241.0	228241.0	228241.0	228241.0	228241.0	228241.0	228241.0	228241.0	228241.0	228241.0	228241.0	228241.0	228241.0	228241.0	228241.0	228241.0	228241.0	228241.0	228241.0	228241.0	228241.0	228241.0	228241.0	228241.0	228241.0
126_TASK04_CON61_2.0_pos	pos	2.0	228241.0	228241.0	228241.0	228241.0	228241.0	228241.0	228241.0	228241.0	228241.0	228241.0	228241.0	228241.0	228241.0	228241.0	228241.0	228241.0	228241.0	228241.0	228241.0	228241.0	228241.0	228241.0	228241.0	228241.0	228241.0	228241.0	228241.0	228241.0	228241.0	228241.0	228241.0	228241.0	228241.0	228241.0	228241.0	228241.0	228241.0	228241.0	228241.0	228241.0	228241.0	228241.0	228241.0	228241.0	228241.0	228241.0	228241.0
126_TASK04_CON61_3.0_posneg	posneg	3.0	228241.0	228241.0	228241.0	228241.0	228241.0	228241.0	228241.0	228241.0	228241.0	228241.0	228241.0	228241.0	228241.0	228241.0	228241.0	228241.0	228241.0	228241.0	228241.0	228241.0	228241.0	228241.0	228241.0	228241.0	228241.0	228241.0	228241.0	228241.0	228241.0	228241.0	228241.0	228241.0	228241.0	228241.0	228241.0	228241.0	228241.0	228241.0	228241.0	228241.0	228241.0	228241.0	228241.0	228241.0	228241.0	228241.0	228241.0
126_TASK04_CON61_3.0_pos	pos	3.0	228241.0	228241.0	228241.0	228241.0	228241.0	228241.0	228241.0	228241.0	228241.0	228241.0	228241.0	228241.0	228241.0	228241.0	228241.0	228241.0	228241.0	228241.0	228241.0	228241.0	228241.0	228241.0	228241.0	228241.0	228241.0	228241.0	228241.0	228241.0	228241.0	228241.0	228241.0	228241.0	228241.0	228241.0	228241.0	228241.0	228241.0	228241.0	228241.0	228241.0	228241.0	228241.0	228241.0	228241.0	228241.0	228241.0	228241.0
126_TASK04_CON61_4.0_posneg	posneg	4.0	228241.0	228241.0	228241.0	228241.0	228241.0	228241.0	228241.0	228241.0	228241.0	228241.0	228241.0	228241.0	228241.0	228241.0	228241.0	228241.0	228241.0	228241.0	228241.0	228241.0	228241.0	228241.0	228241.0	228241.0	228241.0	228241.0	228241.0	228241.0	228241.0	228241.0	228241.0	228241.0	228241.0	228241.0	228241.0	228241.0	228241.0	228241.0	228241.0	228241.0	228241.0	228241.0	228241.0	228241.0	228241.0	228241.0	228241.0
126_TASK04_CON61_4.0_pos	pos	4.0	228241.0	228241.0	228241.0	228241.0	228241.0	228241.0	228241.0	228241.0	228241.0	228241.0	228241.0	228241.0	228241.0	228241.0	228241.0	228241.0	228241.0	228241.0	228241.0	228241.0	228241.0	228241.0	228241.0	228241.0	228241.0	228241.0	228241.0	228241.0	228241.0	228241.0	228241.0	228241.0	228241.0	228241.0	228241.0	228241.0	228241.0	228241.0	228241.0	228241.0	228241.0	228241.0	228241.0	228241.0	228241.0	228241.0	228241.0
126_TASK04_CON61_5.0_posneg	posneg	5.0	228241.0	228241.0	228241.0	228241.0	228241.0	228241.0	228241.0	228241.0	228241.0	228241.0	228241.0	228241.0	228241.0	228241.0	228241.0	228241.0	228241.0	228241.0	228241.0	228241.0	228241.0	228241.0	228241.0	228241.0	228241.0	228241.0	228241.0	228241.0	228241.0	228241.0	228241.0	228241.0	228241.0	228241.0	228241.0	228241.0	228241.0	228241.0	228241.0	228241.0	228241.0	228241.0	228241.0	228241.0	228241.0	228241.0	228241.0
126_TASK04_CON61_5.0_pos	pos	5.0	228241.0	228241.0	228241.0	228241.0	228241.0	228241.0	228241.0	228241.0	228241.0	228241.0	228241.0	228241.0	228241.0	228241.0	228241.0	228241.0	228241.0	228241.0	228241.0	228241.0	228241.0	228241.0	228241.0	228241.0	228241.0	228241.0	228241.0	228241.0	228241.0	228241.0	228241.0	228241.0	228241.0	228241.0	228241.0	228241.0	228241.0	228241.0	228241.0	228241.0	228241.0	228241.0	228241.0	228241.0	228241.0	228241.0	228241.0
126_TASK04_CON61_6.0_posneg	posneg	6.0	228241.0	228241.0	228241.0	228241.0	228241.0	228241.0	228241.0	228241.0	228241.0	228241.0	228241.0	228241.0	228241.0	228241.0	228241.0	228241.0	228241.0	228241.0	228241.0	228241.0	228241.0	228241.0	228241.0	228241.0	228241.0	228241.0	228241.0	228241.0	228241.0	228241.0	228241.0	228241.0	228241.0	228241.0	228241.0	228241.0	228241.0	228241.0	228241.0	228241.0	228241.0	228241.0	228241.0	228241.0	228241.0	228241.0	228241.0
126_TASK04_CON61_6.0_pos	pos	6.0	228241.0	228241.0	228241.0	228241.0	228241.0	228241.0	228241.0	228241.0	228241.0	228241.0	228241.0	228241.0	228241.0	228241.0	228241.0	228241.0	228241.0	228241.0	228241.0	228241.0	228241.0	228241.0	228241.0	228241.0	228241.0	228241.0	228241.0	228241.0	228241.0	228241.0	228241.0	228241.0	228241.0	228241.0	228241.0	228241.0	228241.0	228241.0	228241.0	228241.0	228241.0	228241.0	228241.0	228241.0	228241.0	228241.0	228241.0
126_TASK04_CON61_7.0_posneg	posneg	7.0	228241.0	228241.0	228241.0	228241.0	228241.0	228241.0	228241.0	228241.0	228241.0	228241.0	228241.0	228241.0	228241.0	228241.0	228241.0	228241.0	228241.0	228241.0	228241.0	228241.0	228241.0	228241.0	228241.0	228241.0	228241.0	228241.0	228241.0	228241.0	228241.0	228241.0	228241.0	228241.0	228241.0	228241.0	228241.0	228241.0	228241.0	228241.0	228241.0	228241.0	228241.0	228241.0	228241.0	228241.0	228241.0	228241.0	228241.0
126_TASK04_CON61_7.0_pos	pos	7.0	228241.0	228241.0	228241.0	228241.0	228241.0	228241.0	228241.0	228241.0	228241.0	228241.0	228241.0	228241.0	228241.0	228241.0	228241.0	228241.0	228241.0	228241.0	228241.0	228241.0	228241.0	228241.0	228241.0	228241.0	228241.0	228241.0	228241.0	228241.0	228241.0	228241.0	228241.0	228241.0	228241.0	228241.0	228241.0	228241.0	228241.0	228241.0	228241.0	228241.0	228241.0	228241.0	228241.0	228241.0	228241.0	228241.0	228241.0
126_TASK04_CON61_8.0_posneg	posneg	8.0	228241.0	228241.0	228241.0	228241.0	228241.0	228241.0	228241.0	228241.0	228241.0	228241.0	228241.0	228241.0	228241.0	228241.0	228241.0	228241.0	228241.0	228241.0	228241.0	228241.0	228241.0	228241.0	228241.0	228241.0	228241.0	228241.0	228241.0	228241.0	228241.0	228241.0	228241.0	228241.0	228241.0	228241.0	228241.0	228241.0	228241.0	228241.0	228241.0	228241.0	228241.0	228241.0	228241.0	228241.0	228241.0	228241.0	228241.0
126_TASK04_CON61_8.0_pos	pos	8.0	228241.0	228241.0	228241.0	228241.0	228241.0	228241.0	228241.0	228241.0	228241.0	228241.0	228241.0	228241.0	228241.0	228241.0	228241.0	228241.0	228241.0	228241.0	228241.0	228241.0	228241.0	228241.0	228241.0	228241.0	228241.0	228241.0	228241.0	228241.0	228241.0	228241.0	228241.0	228241.0	228241.0	228241.0	228241.0	228241.0	228241.0	228241.0	228241.0	228241.0	228241.0	228241.0	228241.0	228241.0	228241.0	228241.0	228241.0
126_TASK04_CON61_9.0_posneg	posneg	9.0	228241.0	228241.0	228241.0	228241.0	228241.0	228241.0	228241.0	228241.0	228241.0	228241.0	228241.0	228241.0	228241.0	228241.0	228241.0	228241.0	228241.0	228241.0	228241.0	228241.0	228241.0	228241.0	228241.0	228241.0	228241.0	228241.0	228241.0	228241.0	228241.0	228241.0	228241.0	228241.0	228241.0	228241.0	228241.0	228241.0	228241.0	228241.0	228241.0	228241.0	228241.0	228241.0	228241.0	228241.0	228241.0	228241.0	228241.0
126_TASK04_CON61_9.0_pos	pos	9.0	228241.0	228241.0	228241.0	228241.0	228241.0	228241.0	228241.0	228241.0	228241.0	228241.0	228241.0	228241.0	228241.0	228241.0	228241.0	228241.0	228241.0	228241.0	228241.0	228241.0	228241.0	228241.0	228241.0	228241.0	228241.0	228241.0	228241.0	228241.0	228241.0	228241.0	228241.0	228241.0	228241.0	228241.0	228241.0	228241.0	228241.0	228241.0	228241.0	228241.0	228241.0	228241.0	228241.0	228241.0	228241.0	228241.0	228241.0
126_TASK04_CON61_10.0_posneg	posneg	10.0	0.0	0.0	0.0	0.0	0.0	0.0	0.0	0.0	0.0	0.0	0.0	0.0	0.0	0.0	0.0	0.0	0.0	0.0	0.0	0.0	0.0	0.0	0.0	0.0	0.0	0.0	0.0	0.0	0.0	0.0	0.0	0.0	0.0	0.0	0.0	0.0	0.0	0.0	0.0	0.0	0.0	0.0	0.0	0.0	0.0	0.0	0.0
126_TASK04_CON61_10.0_pos	pos	10.0	0.0	0.0	0.0	0.0	0.0	0.0	0.0	0.0	0.0	0.0	0.0	0.0	0.0	0.0	0.0	0.0	0.0	0.0	0.0	0.0	0.0	0.0	0.0	0.0	0.0	0.0	0.0	0.0	0.0	0.0	0.0	0.0	0.0	0.0	0.0	0.0	0.0	0.0	0.0	0.0	0.0	0.0	0.0	0.0	0.0	0.0	0.0
126_TASK04_CON61_11.0_posneg	posneg	11.0	0.0	0.0	0.0	0.0	0.0	0.0	0.0	0.0	0.0	0.0	0.0	0.0	0.0	0.0	0.0	0.0	0.0	0.0	0.0	0.0	0.0	0.0	0.0	0.0	0.0	0.0	0.0	0.0	0.0	0.0	0.0	0.0	0.0	0.0	0.0	0.0	0.0	0.0	0.0	0.0	0.0	0.0	0.0	0.0	0.0	0.0	0.0
126_TASK04_CON61_11.0_pos	pos	11.0	0.0	0.0	0.0	0.0	0.0	0.0	0.0	0.0	0.0	0.0	0.0	0.0	0.0	0.0	0.0	0.0	0.0	0.0	0.0	0.0	0.0	0.0	0.0	0.0	0.0	0.0	0.0	0.0	0.0	0.0	0.0	0.0	0.0	0.0	0.0	0.0	0.0	0.0	0.0	0.0	0.0	0.0	0.0	0.0	0.0	0.0	0.0
126_TASK04_CON61_12.0_posneg	posneg	12.0	0.0	0.0	0.0	0.0	0.0	0.0	0.0	0.0	0.0	0.0	0.0	0.0	0.0	0.0	0.0	0.0	0.0	0.0	0.0	0.0	0.0	0.0	0.0	0.0	0.0	0.0	0.0	0.0	0.0	0.0	0.0	0.0	0.0	0.0	0.0	0.0	0.0	0.0	0.0	0.0	0.0	0.0	0.0	0.0	0.0	0.0	0.0
126_TASK04_CON61_12.0_pos	pos	12.0	0.0	0.0	0.0	0.0	0.0	0.0	0.0	0.0	0.0	0.0	0.0	0.0	0.0	0.0	0.0	0.0	0.0	0.0	0.0	0.0	0.0	0.0	0.0	0.0	0.0	0.0	0.0	0.0	0.0	0.0	0.0	0.0	0.0	0.0	0.0	0.0	0.0	0.0	0.0	0.0	0.0	0.0	0.0	0.0	0.0	0.0	0.0
126_TASK04_CON61_13.0_posneg	posneg	13.0	0.0	0.0	0.0	0.0	0.0	0.0	0.0	0.0	0.0	0.0	0.0	0.0	0.0	0.0	0.0	0.0	0.0	0.0	0.0	0.0	0.0	0.0	0.0	0.0	0.0	0.0	0.0	0.0	0.0	0.0	0.0	0.0	0.0	0.0	0.0	0.0	0.0	0.0	0.0	0.0	0.0	0.0	0.0	0.0	0.0	0.0	0.0
126_TASK04_CON61_13.0_pos	pos	13.0	0.0	0.0	0.0	0.0	0.0	0.0	0.0	0.0	0.0	0.0	0.0	0.0	0.0	0.0	0.0	0.0	0.0	0.0	0.0	0.0	0.0	0.0	0.0	0.0	0.0	0.0	0.0	0.0	0.0	0.0	0.0	0.0	0.0	0.0	0.0	0.0	0.0	0.0	0.0	0.0	0.0	0.0	0.0	0.0	0.0	0.0	0.0
126_TASK04_CON62_0.0_posneg	posneg	0.0	228380.0	228380.0	228380.0	228380.0	228380.0	228380.0	228380.0	228380.0	228380.0	228380.0	228380.0	228380.0	228380.0	228380.0	228380.0	228380.0	228380.0	228380.0	228380.0	228380.0	228380.0	228380.0	228380.0	228380.0	228380.0	228380.0	228380.0	228380.0	228380.0	228380.0	228380.0	228380.0	228380.0	228380.0	228380.0	228380.0	228380.0	228380.0	228380.0	228380.0	228380.0	228380.0	228380.0	228380.0	228380.0	228380.0	228380.0
126_TASK04_CON62_0.0_pos	pos	0.0	228302.0	228302.0	228302.0	228302.0	228302.0	228302.0	228302.0	228302.0	228302.0	228302.0	228302.0	228302.0	228302.0	228302.0	228302.0	228302.0	228302.0	228302.0	228302.0	228302.0	228302.0	228302.0	228302.0	228302.0	228302.0	228302.0	228302.0	228302.0	228302.0	228302.0	228302.0	228302.0	228302.0	228302.0	228302.0	228302.0	228302.0	228302.0	228302.0	228302.0	228302.0	228302.0	228302.0	228302.0	228302.0	228302.0	228302.0
126_TASK04_CON62_1.0_posneg	posneg	1.0	228271.0	228271.0	228271.0	228271.0	228271.0	228271.0	228271.0	228271.0	228271.0	228271.0	228271.0	228271.0	228271.0	228271.0	228271.0	228271.0	228271.0	228271.0	228271.0	228271.0	228271.0	228271.0	228271.0	228271.0	228271.0	228271.0	228271.0	228271.0	228271.0	228271.0	228271.0	228271.0	228271.0	228271.0	228271.0	228271.0	228271.0	228271.0	228271.0	228271.0	228271.0	228271.0	228271.0	228271.0	228271.0	228271.0	228271.0
126_TASK04_CON62_1.0_pos	pos	1.0	228261.0	228261.0	228261.0	228261.0	228261.0	228261.0	228261.0	228261.0	228261.0	228261.0	228261.0	228261.0	228261.0	228261.0	228261.0	228261.0	228261.0	228261.0	228261.0	228261.0	228261.0	228261.0	228261.0	228261.0	228261.0	228261.0	228261.0	228261.0	228261.0	228261.0	228261.0	228261.0	228261.0	228261.0	228261.0	228261.0	228261.0	228261.0	228261.0	228261.0	228261.0	228261.0	228261.0	228261.0	228261.0	228261.0	228261.0
126_TASK04_CON62_2.0_posneg	posneg	2.0	228241.0	228241.0	228241.0	228241.0	228241.0	228241.0	228241.0	228241.0	228241.0	228241.0	228241.0	228241.0	228241.0	228241.0	228241.0	228241.0	228241.0	228241.0	228241.0	228241.0	228241.0	228241.0	228241.0	228241.0	228241.0	228241.0	228241.0	228241.0	228241.0	228241.0	228241.0	228241.0	228241.0	228241.0	228241.0	228241.0	228241.0	228241.0	228241.0	228241.0	228241.0	228241.0	228241.0	228241.0	228241.0	228241.0	228241.0
126_TASK04_CON62_2.0_pos	pos	2.0	228241.0	228241.0	228241.0	228241.0	228241.0	228241.0	228241.0	228241.0	228241.0	228241.0	228241.0	228241.0	228241.0	228241.0	228241.0	228241.0	228241.0	228241.0	228241.0	228241.0	228241.0	228241.0	228241.0	228241.0	228241.0	228241.0	228241.0	228241.0	228241.0	228241.0	228241.0	228241.0	228241.0	228241.0	228241.0	228241.0	228241.0	228241.0	228241.0	228241.0	228241.0	228241.0	228241.0	228241.0	228241.0	228241.0	228241.0
126_TASK04_CON62_3.0_posneg	posneg	3.0	228241.0	228241.0	228241.0	228241.0	228241.0	228241.0	228241.0	228241.0	228241.0	228241.0	228241.0	228241.0	228241.0	228241.0	228241.0	228241.0	228241.0	228241.0	228241.0	228241.0	228241.0	228241.0	228241.0	228241.0	228241.0	228241.0	228241.0	228241.0	228241.0	228241.0	228241.0	228241.0	228241.0	228241.0	228241.0	228241.0	228241.0	228241.0	228241.0	228241.0	228241.0	228241.0	228241.0	228241.0	228241.0	228241.0	228241.0
126_TASK04_CON62_3.0_pos	pos	3.0	228241.0	228241.0	228241.0	228241.0	228241.0	228241.0	228241.0	228241.0	228241.0	228241.0	228241.0	228241.0	228241.0	228241.0	228241.0	228241.0	228241.0	228241.0	228241.0	228241.0	228241.0	228241.0	228241.0	228241.0	228241.0	228241.0	228241.0	228241.0	228241.0	228241.0	228241.0	228241.0	228241.0	228241.0	228241.0	228241.0	228241.0	228241.0	228241.0	228241.0	228241.0	228241.0	228241.0	228241.0	228241.0	228241.0	228241.0
126_TASK04_CON62_4.0_posneg	posneg	4.0	228241.0	228241.0	228241.0	228241.0	228241.0	228241.0	228241.0	228241.0	228241.0	228241.0	228241.0	228241.0	228241.0	228241.0	228241.0	228241.0	228241.0	228241.0	228241.0	228241.0	228241.0	228241.0	228241.0	228241.0	228241.0	228241.0	228241.0	228241.0	228241.0	228241.0	228241.0	228241.0	228241.0	228241.0	228241.0	228241.0	228241.0	228241.0	228241.0	228241.0	228241.0	228241.0	228241.0	228241.0	228241.0	228241.0	228241.0
126_TASK04_CON62_4.0_pos	pos	4.0	228241.0	228241.0	228241.0	228241.0	228241.0	228241.0	228241.0	228241.0	228241.0	228241.0	228241.0	228241.0	228241.0	228241.0	228241.0	228241.0	228241.0	228241.0	228241.0	228241.0	228241.0	228241.0	228241.0	228241.0	228241.0	228241.0	228241.0	228241.0	228241.0	228241.0	228241.0	228241.0	228241.0	228241.0	228241.0	228241.0	228241.0	228241.0	228241.0	228241.0	228241.0	228241.0	228241.0	228241.0	228241.0	228241.0	228241.0
126_TASK04_CON62_5.0_posneg	posneg	5.0	228241.0	228241.0	228241.0	228241.0	228241.0	228241.0	228241.0	228241.0	228241.0	228241.0	228241.0	228241.0	228241.0	228241.0	228241.0	228241.0	228241.0	228241.0	228241.0	228241.0	228241.0	228241.0	228241.0	228241.0	228241.0	228241.0	228241.0	228241.0	228241.0	228241.0	228241.0	228241.0	228241.0	228241.0	228241.0	228241.0	228241.0	228241.0	228241.0	228241.0	228241.0	228241.0	228241.0	228241.0	228241.0	228241.0	228241.0
126_TASK04_CON62_5.0_pos	pos	5.0	228241.0	228241.0	228241.0	228241.0	228241.0	228241.0	228241.0	228241.0	228241.0	228241.0	228241.0	228241.0	228241.0	228241.0	228241.0	228241.0	228241.0	228241.0	228241.0	228241.0	228241.0	228241.0	228241.0	228241.0	228241.0	228241.0	228241.0	228241.0	228241.0	228241.0	228241.0	228241.0	228241.0	228241.0	228241.0	228241.0	228241.0	228241.0	228241.0	228241.0	228241.0	228241.0	228241.0	228241.0	228241.0	228241.0	228241.0
126_TASK04_CON62_6.0_posneg	posneg	6.0	228241.0	228241.0	228241.0	228241.0	228241.0	228241.0	228241.0	228241.0	228241.0	228241.0	228241.0	228241.0	228241.0	228241.0	228241.0	228241.0	228241.0	228241.0	228241.0	228241.0	228241.0	228241.0	228241.0	228241.0	228241.0	228241.0	228241.0	228241.0	228241.0	228241.0	228241.0	228241.0	228241.0	228241.0	228241.0	228241.0	228241.0	228241.0	228241.0	228241.0	228241.0	228241.0	228241.0	228241.0	228241.0	228241.0	228241.0
126_TASK04_CON62_6.0_pos	pos	6.0	228241.0	228241.0	228241.0	228241.0	228241.0	228241.0	228241.0	228241.0	228241.0	228241.0	228241.0	228241.0	228241.0	228241.0	228241.0	228241.0	228241.0	228241.0	228241.0	228241.0	228241.0	228241.0	228241.0	228241.0	228241.0	228241.0	228241.0	228241.0	228241.0	228241.0	228241.0	228241.0	228241.0	228241.0	228241.0	228241.0	228241.0	228241.0	228241.0	228241.0	228241.0	228241.0	228241.0	228241.0	228241.0	228241.0	228241.0
126_TASK04_CON62_7.0_posneg	posneg	7.0	228241.0	228241.0	228241.0	228241.0	228241.0	228241.0	228241.0	228241.0	228241.0	228241.0	228241.0	228241.0	228241.0	228241.0	228241.0	228241.0	228241.0	228241.0	228241.0	228241.0	228241.0	228241.0	228241.0	228241.0	228241.0	228241.0	228241.0	228241.0	228241.0	228241.0	228241.0	228241.0	228241.0	228241.0	228241.0	228241.0	228241.0	228241.0	228241.0	228241.0	228241.0	228241.0	228241.0	228241.0	228241.0	228241.0	228241.0
126_TASK04_CON62_7.0_pos	pos	7.0	228241.0	228241.0	228241.0	228241.0	228241.0	228241.0	228241.0	228241.0	228241.0	228241.0	228241.0	228241.0	228241.0	228241.0	228241.0	228241.0	228241.0	228241.0	228241.0	228241.0	228241.0	228241.0	228241.0	228241.0	228241.0	228241.0	228241.0	228241.0	228241.0	228241.0	228241.0	228241.0	228241.0	228241.0	228241.0	228241.0	228241.0	228241.0	228241.0	228241.0	228241.0	228241.0	228241.0	228241.0	228241.0	228241.0	228241.0
126_TASK04_CON62_8.0_posneg	posneg	8.0	228241.0	228241.0	228241.0	228241.0	228241.0	228241.0	228241.0	228241.0	228241.0	228241.0	228241.0	228241.0	228241.0	228241.0	228241.0	228241.0	228241.0	228241.0	228241.0	228241.0	228241.0	228241.0	228241.0	228241.0	228241.0	228241.0	228241.0	228241.0	228241.0	228241.0	228241.0	228241.0	228241.0	228241.0	228241.0	228241.0	228241.0	228241.0	228241.0	228241.0	228241.0	228241.0	228241.0	228241.0	228241.0	228241.0	228241.0
126_TASK04_CON62_8.0_pos	pos	8.0	228241.0	228241.0	228241.0	228241.0	228241.0	228241.0	228241.0	228241.0	228241.0	228241.0	228241.0	228241.0	228241.0	228241.0	228241.0	228241.0	228241.0	228241.0	228241.0	228241.0	228241.0	228241.0	228241.0	228241.0	228241.0	228241.0	228241.0	228241.0	228241.0	228241.0	228241.0	228241.0	228241.0	228241.0	228241.0	228241.0	228241.0	228241.0	228241.0	228241.0	228241.0	228241.0	228241.0	228241.0	228241.0	228241.0	228241.0
126_TASK04_CON62_9.0_posneg	posneg	9.0	228241.0	228241.0	228241.0	228241.0	228241.0	228241.0	228241.0	228241.0	228241.0	228241.0	228241.0	228241.0	228241.0	228241.0	228241.0	228241.0	228241.0	228241.0	228241.0	228241.0	228241.0	228241.0	228241.0	228241.0	228241.0	228241.0	228241.0	228241.0	228241.0	228241.0	228241.0	228241.0	228241.0	228241.0	228241.0	228241.0	228241.0	228241.0	228241.0	228241.0	228241.0	228241.0	228241.0	228241.0	228241.0	228241.0	228241.0
126_TASK04_CON62_9.0_pos	pos	9.0	228241.0	228241.0	228241.0	228241.0	228241.0	228241.0	228241.0	228241.0	228241.0	228241.0	228241.0	228241.0	228241.0	228241.0	228241.0	228241.0	228241.0	228241.0	228241.0	228241.0	228241.0	228241.0	228241.0	228241.0	228241.0	228241.0	228241.0	228241.0	228241.0	228241.0	228241.0	228241.0	228241.0	228241.0	228241.0	228241.0	228241.0	228241.0	228241.0	228241.0	228241.0	228241.0	228241.0	228241.0	228241.0	228241.0	228241.0
126_TASK04_CON62_10.0_posneg	posneg	10.0	0.0	0.0	0.0	0.0	0.0	0.0	0.0	0.0	0.0	0.0	0.0	0.0	0.0	0.0	0.0	0.0	0.0	0.0	0.0	0.0	0.0	0.0	0.0	0.0	0.0	0.0	0.0	0.0	0.0	0.0	0.0	0.0	0.0	0.0	0.0	0.0	0.0	0.0	0.0	0.0	0.0	0.0	0.0	0.0	0.0	0.0	0.0
126_TASK04_CON62_10.0_pos	pos	10.0	0.0	0.0	0.0	0.0	0.0	0.0	0.0	0.0	0.0	0.0	0.0	0.0	0.0	0.0	0.0	0.0	0.0	0.0	0.0	0.0	0.0	0.0	0.0	0.0	0.0	0.0	0.0	0.0	0.0	0.0	0.0	0.0	0.0	0.0	0.0	0.0	0.0	0.0	0.0	0.0	0.0	0.0	0.0	0.0	0.0	0.0	0.0
126_TASK04_CON62_11.0_posneg	posneg	11.0	0.0	0.0	0.0	0.0	0.0	0.0	0.0	0.0	0.0	0.0	0.0	0.0	0.0	0.0	0.0	0.0	0.0	0.0	0.0	0.0	0.0	0.0	0.0	0.0	0.0	0.0	0.0	0.0	0.0	0.0	0.0	0.0	0.0	0.0	0.0	0.0	0.0	0.0	0.0	0.0	0.0	0.0	0.0	0.0	0.0	0.0	0.0
126_TASK04_CON62_11.0_pos	pos	11.0	0.0	0.0	0.0	0.0	0.0	0.0	0.0	0.0	0.0	0.0	0.0	0.0	0.0	0.0	0.0	0.0	0.0	0.0	0.0	0.0	0.0	0.0	0.0	0.0	0.0	0.0	0.0	0.0	0.0	0.0	0.0	0.0	0.0	0.0	0.0	0.0	0.0	0.0	0.0	0.0	0.0	0.0	0.0	0.0	0.0	0.0	0.0
126_TASK04_CON62_12.0_posneg	posneg	12.0	0.0	0.0	0.0	0.0	0.0	0.0	0.0	0.0	0.0	0.0	0.0	0.0	0.0	0.0	0.0	0.0	0.0	0.0	0.0	0.0	0.0	0.0	0.0	0.0	0.0	0.0	0.0	0.0	0.0	0.0	0.0	0.0	0.0	0.0	0.0	0.0	0.0	0.0	0.0	0.0	0.0	0.0	0.0	0.0	0.0	0.0	0.0
126_TASK04_CON62_12.0_pos	pos	12.0	0.0	0.0	0.0	0.0	0.0	0.0	0.0	0.0	0.0	0.0	0.0	0.0	0.0	0.0	0.0	0.0	0.0	0.0	0.0	0.0	0.0	0.0	0.0	0.0	0.0	0.0	0.0	0.0	0.0	0.0	0.0	0.0	0.0	0.0	0.0	0.0	0.0	0.0	0.0	0.0	0.0	0.0	0.0	0.0	0.0	0.0	0.0
126_TASK04_CON62_13.0_posneg	posneg	13.0	0.0	0.0	0.0	0.0	0.0	0.0	0.0	0.0	0.0	0.0	0.0	0.0	0.0	0.0	0.0	0.0	0.0	0.0	0.0	0.0	0.0	0.0	0.0	0.0	0.0	0.0	0.0	0.0	0.0	0.0	0.0	0.0	0.0	0.0	0.0	0.0	0.0	0.0	0.0	0.0	0.0	0.0	0.0	0.0	0.0	0.0	0.0
126_TASK04_CON62_13.0_pos	pos	13.0	0.0	0.0	0.0	0.0	0.0	0.0	0.0	0.0	0.0	0.0	0.0	0.0	0.0	0.0	0.0	0.0	0.0	0.0	0.0	0.0	0.0	0.0	0.0	0.0	0.0	0.0	0.0	0.0	0.0	0.0	0.0	0.0	0.0	0.0	0.0	0.0	0.0	0.0	0.0	0.0	0.0	0.0	0.0	0.0	0.0	0.0	0.0
126_TASK04_CON63_0.0_posneg	posneg	0.0	228380.0	228380.0	228380.0	228380.0	228380.0	228380.0	228380.0	228380.0	228380.0	228380.0	228380.0	228380.0	228380.0	228380.0	228380.0	228380.0	228380.0	228380.0	228380.0	228380.0	228380.0	228380.0	228380.0	228380.0	228380.0	228380.0	228380.0	228380.0	228380.0	228380.0	228380.0	228380.0	228380.0	228380.0	228380.0	228380.0	228380.0	228380.0	228380.0	228380.0	228380.0	228380.0	228380.0	228380.0	228380.0	228380.0	228380.0
126_TASK04_CON63_0.0_pos	pos	0.0	228275.0	228275.0	228275.0	228275.0	228275.0	228275.0	228275.0	228275.0	228275.0	228275.0	228275.0	228275.0	228275.0	228275.0	228275.0	228275.0	228275.0	228275.0	228275.0	228275.0	228275.0	228275.0	228275.0	228275.0	228275.0	228275.0	228275.0	228275.0	228275.0	228275.0	228275.0	228275.0	228275.0	228275.0	228275.0	228275.0	228275.0	228275.0	228275.0	228275.0	228275.0	228275.0	228275.0	228275.0	228275.0	228275.0	228275.0
126_TASK04_CON63_1.0_posneg	posneg	1.0	228273.0	228273.0	228273.0	228273.0	228273.0	228273.0	228273.0	228273.0	228273.0	228273.0	228273.0	228273.0	228273.0	228273.0	228273.0	228273.0	228273.0	228273.0	228273.0	228273.0	228273.0	228273.0	228273.0	228273.0	228273.0	228273.0	228273.0	228273.0	228273.0	228273.0	228273.0	228273.0	228273.0	228273.0	228273.0	228273.0	228273.0	228273.0	228273.0	228273.0	228273.0	228273.0	228273.0	228273.0	228273.0	228273.0	228273.0
126_TASK04_CON63_1.0_pos	pos	1.0	228244.0	228244.0	228244.0	228244.0	228244.0	228244.0	228244.0	228244.0	228244.0	228244.0	228244.0	228244.0	228244.0	228244.0	228244.0	228244.0	228244.0	228244.0	228244.0	228244.0	228244.0	228244.0	228244.0	228244.0	228244.0	228244.0	228244.0	228244.0	228244.0	228244.0	228244.0	228244.0	228244.0	228244.0	228244.0	228244.0	228244.0	228244.0	228244.0	228244.0	228244.0	228244.0	228244.0	228244.0	228244.0	228244.0	228244.0
126_TASK04_CON63_2.0_posneg	posneg	2.0	228241.0	228241.0	228241.0	228241.0	228241.0	228241.0	228241.0	228241.0	228241.0	228241.0	228241.0	228241.0	228241.0	228241.0	228241.0	228241.0	228241.0	228241.0	228241.0	228241.0	228241.0	228241.0	228241.0	228241.0	228241.0	228241.0	228241.0	228241.0	228241.0	228241.0	228241.0	228241.0	228241.0	228241.0	228241.0	228241.0	228241.0	228241.0	228241.0	228241.0	228241.0	228241.0	228241.0	228241.0	228241.0	228241.0	228241.0
126_TASK04_CON63_2.0_pos	pos	2.0	228241.0	228241.0	228241.0	228241.0	228241.0	228241.0	228241.0	228241.0	228241.0	228241.0	228241.0	228241.0	228241.0	228241.0	228241.0	228241.0	228241.0	228241.0	228241.0	228241.0	228241.0	228241.0	228241.0	228241.0	228241.0	228241.0	228241.0	228241.0	228241.0	228241.0	228241.0	228241.0	228241.0	228241.0	228241.0	228241.0	228241.0	228241.0	228241.0	228241.0	228241.0	228241.0	228241.0	228241.0	228241.0	228241.0	228241.0
126_TASK04_CON63_3.0_posneg	posneg	3.0	228241.0	228241.0	228241.0	228241.0	228241.0	228241.0	228241.0	228241.0	228241.0	228241.0	228241.0	228241.0	228241.0	228241.0	228241.0	228241.0	228241.0	228241.0	228241.0	228241.0	228241.0	228241.0	228241.0	228241.0	228241.0	228241.0	228241.0	228241.0	228241.0	228241.0	228241.0	228241.0	228241.0	228241.0	228241.0	228241.0	228241.0	228241.0	228241.0	228241.0	228241.0	228241.0	228241.0	228241.0	228241.0	228241.0	228241.0
126_TASK04_CON63_3.0_pos	pos	3.0	228241.0	228241.0	228241.0	228241.0	228241.0	228241.0	228241.0	228241.0	228241.0	228241.0	228241.0	228241.0	228241.0	228241.0	228241.0	228241.0	228241.0	228241.0	228241.0	228241.0	228241.0	228241.0	228241.0	228241.0	228241.0	228241.0	228241.0	228241.0	228241.0	228241.0	228241.0	228241.0	228241.0	228241.0	228241.0	228241.0	228241.0	228241.0	228241.0	228241.0	228241.0	228241.0	228241.0	228241.0	228241.0	228241.0	228241.0
126_TASK04_CON63_4.0_posneg	posneg	4.0	228241.0	228241.0	228241.0	228241.0	228241.0	228241.0	228241.0	228241.0	228241.0	228241.0	228241.0	228241.0	228241.0	228241.0	228241.0	228241.0	228241.0	228241.0	228241.0	228241.0	228241.0	228241.0	228241.0	228241.0	228241.0	228241.0	228241.0	228241.0	228241.0	228241.0	228241.0	228241.0	228241.0	228241.0	228241.0	228241.0	228241.0	228241.0	228241.0	228241.0	228241.0	228241.0	228241.0	228241.0	228241.0	228241.0	228241.0
126_TASK04_CON63_4.0_pos	pos	4.0	228241.0	228241.0	228241.0	228241.0	228241.0	228241.0	228241.0	228241.0	228241.0	228241.0	228241.0	228241.0	228241.0	228241.0	228241.0	228241.0	228241.0	228241.0	228241.0	228241.0	228241.0	228241.0	228241.0	228241.0	228241.0	228241.0	228241.0	228241.0	228241.0	228241.0	228241.0	228241.0	228241.0	228241.0	228241.0	228241.0	228241.0	228241.0	228241.0	228241.0	228241.0	228241.0	228241.0	228241.0	228241.0	228241.0	228241.0
126_TASK04_CON63_5.0_posneg	posneg	5.0	228241.0	228241.0	228241.0	228241.0	228241.0	228241.0	228241.0	228241.0	228241.0	228241.0	228241.0	228241.0	228241.0	228241.0	228241.0	228241.0	228241.0	228241.0	228241.0	228241.0	228241.0	228241.0	228241.0	228241.0	228241.0	228241.0	228241.0	228241.0	228241.0	228241.0	228241.0	228241.0	228241.0	228241.0	228241.0	228241.0	228241.0	228241.0	228241.0	228241.0	228241.0	228241.0	228241.0	228241.0	228241.0	228241.0	228241.0
126_TASK04_CON63_5.0_pos	pos	5.0	228241.0	228241.0	228241.0	228241.0	228241.0	228241.0	228241.0	228241.0	228241.0	228241.0	228241.0	228241.0	228241.0	228241.0	228241.0	228241.0	228241.0	228241.0	228241.0	228241.0	228241.0	228241.0	228241.0	228241.0	228241.0	228241.0	228241.0	228241.0	228241.0	228241.0	228241.0	228241.0	228241.0	228241.0	228241.0	228241.0	228241.0	228241.0	228241.0	228241.0	228241.0	228241.0	228241.0	228241.0	228241.0	228241.0	228241.0
126_TASK04_CON63_6.0_posneg	posneg	6.0	228241.0	228241.0	228241.0	228241.0	228241.0	228241.0	228241.0	228241.0	228241.0	228241.0	228241.0	228241.0	228241.0	228241.0	228241.0	228241.0	228241.0	228241.0	228241.0	228241.0	228241.0	228241.0	228241.0	228241.0	228241.0	228241.0	228241.0	228241.0	228241.0	228241.0	228241.0	228241.0	228241.0	228241.0	228241.0	228241.0	228241.0	228241.0	228241.0	228241.0	228241.0	228241.0	228241.0	228241.0	228241.0	228241.0	228241.0
126_TASK04_CON63_6.0_pos	pos	6.0	228241.0	228241.0	228241.0	228241.0	228241.0	228241.0	228241.0	228241.0	228241.0	228241.0	228241.0	228241.0	228241.0	228241.0	228241.0	228241.0	228241.0	228241.0	228241.0	228241.0	228241.0	228241.0	228241.0	228241.0	228241.0	228241.0	228241.0	228241.0	228241.0	228241.0	228241.0	228241.0	228241.0	228241.0	228241.0	228241.0	228241.0	228241.0	228241.0	228241.0	228241.0	228241.0	228241.0	228241.0	228241.0	228241.0	228241.0
126_TASK04_CON63_7.0_posneg	posneg	7.0	228241.0	228241.0	228241.0	228241.0	228241.0	228241.0	228241.0	228241.0	228241.0	228241.0	228241.0	228241.0	228241.0	228241.0	228241.0	228241.0	228241.0	228241.0	228241.0	228241.0	228241.0	228241.0	228241.0	228241.0	228241.0	228241.0	228241.0	228241.0	228241.0	228241.0	228241.0	228241.0	228241.0	228241.0	228241.0	228241.0	228241.0	228241.0	228241.0	228241.0	228241.0	228241.0	228241.0	228241.0	228241.0	228241.0	228241.0
126_TASK04_CON63_7.0_pos	pos	7.0	228241.0	228241.0	228241.0	228241.0	228241.0	228241.0	228241.0	228241.0	228241.0	228241.0	228241.0	228241.0	228241.0	228241.0	228241.0	228241.0	228241.0	228241.0	228241.0	228241.0	228241.0	228241.0	228241.0	228241.0	228241.0	228241.0	228241.0	228241.0	228241.0	228241.0	228241.0	228241.0	228241.0	228241.0	228241.0	228241.0	228241.0	228241.0	228241.0	228241.0	228241.0	228241.0	228241.0	228241.0	228241.0	228241.0	228241.0
126_TASK04_CON63_8.0_posneg	posneg	8.0	228241.0	228241.0	228241.0	228241.0	228241.0	228241.0	228241.0	228241.0	228241.0	228241.0	228241.0	228241.0	228241.0	228241.0	228241.0	228241.0	228241.0	228241.0	228241.0	228241.0	228241.0	228241.0	228241.0	228241.0	228241.0	228241.0	228241.0	228241.0	228241.0	228241.0	228241.0	228241.0	228241.0	228241.0	228241.0	228241.0	228241.0	228241.0	228241.0	228241.0	228241.0	228241.0	228241.0	228241.0	228241.0	228241.0	228241.0
126_TASK04_CON63_8.0_pos	pos	8.0	228241.0	228241.0	228241.0	228241.0	228241.0	228241.0	228241.0	228241.0	228241.0	228241.0	228241.0	228241.0	228241.0	228241.0	228241.0	228241.0	228241.0	228241.0	228241.0	228241.0	228241.0	228241.0	228241.0	228241.0	228241.0	228241.0	228241.0	228241.0	228241.0	228241.0	228241.0	228241.0	228241.0	228241.0	228241.0	228241.0	228241.0	228241.0	228241.0	228241.0	228241.0	228241.0	228241.0	228241.0	228241.0	228241.0	228241.0
126_TASK04_CON63_9.0_posneg	posneg	9.0	228241.0	228241.0	228241.0	228241.0	228241.0	228241.0	228241.0	228241.0	228241.0	228241.0	228241.0	228241.0	228241.0	228241.0	228241.0	228241.0	228241.0	228241.0	228241.0	228241.0	228241.0	228241.0	228241.0	228241.0	228241.0	228241.0	228241.0	228241.0	228241.0	228241.0	228241.0	228241.0	228241.0	228241.0	228241.0	228241.0	228241.0	228241.0	228241.0	228241.0	228241.0	228241.0	228241.0	228241.0	228241.0	228241.0	228241.0
126_TASK04_CON63_9.0_pos	pos	9.0	228241.0	228241.0	228241.0	228241.0	228241.0	228241.0	228241.0	228241.0	228241.0	228241.0	228241.0	228241.0	228241.0	228241.0	228241.0	228241.0	228241.0	228241.0	228241.0	228241.0	228241.0	228241.0	228241.0	228241.0	228241.0	228241.0	228241.0	228241.0	228241.0	228241.0	228241.0	228241.0	228241.0	228241.0	228241.0	228241.0	228241.0	228241.0	228241.0	228241.0	228241.0	228241.0	228241.0	228241.0	228241.0	228241.0	228241.0
126_TASK04_CON63_10.0_posneg	posneg	10.0	228241.0	228241.0	228241.0	228241.0	228241.0	228241.0	228241.0	228241.0	228241.0	228241.0	228241.0	228241.0	228241.0	228241.0	228241.0	228241.0	228241.0	228241.0	228241.0	228241.0	228241.0	228241.0	228241.0	228241.0	228241.0	228241.0	228241.0	228241.0	228241.0	228241.0	228241.0	228241.0	228241.0	228241.0	228241.0	228241.0	228241.0	228241.0	228241.0	228241.0	228241.0	228241.0	228241.0	228241.0	228241.0	228241.0	228241.0
126_TASK04_CON63_10.0_pos	pos	10.0	228241.0	228241.0	228241.0	228241.0	228241.0	228241.0	228241.0	228241.0	228241.0	228241.0	228241.0	228241.0	228241.0	228241.0	228241.0	228241.0	228241.0	228241.0	228241.0	228241.0	228241.0	228241.0	228241.0	228241.0	228241.0	228241.0	228241.0	228241.0	228241.0	228241.0	228241.0	228241.0	228241.0	228241.0	228241.0	228241.0	228241.0	228241.0	228241.0	228241.0	228241.0	228241.0	228241.0	228241.0	228241.0	228241.0	228241.0
126_TASK04_CON63_11.0_posneg	posneg	11.0	0.0	0.0	0.0	0.0	0.0	0.0	0.0	0.0	0.0	0.0	0.0	0.0	0.0	0.0	0.0	0.0	0.0	0.0	0.0	0.0	0.0	0.0	0.0	0.0	0.0	0.0	0.0	0.0	0.0	0.0	0.0	0.0	0.0	0.0	0.0	0.0	0.0	0.0	0.0	0.0	0.0	0.0	0.0	0.0	0.0	0.0	0.0
126_TASK04_CON63_11.0_pos	pos	11.0	0.0	0.0	0.0	0.0	0.0	0.0	0.0	0.0	0.0	0.0	0.0	0.0	0.0	0.0	0.0	0.0	0.0	0.0	0.0	0.0	0.0	0.0	0.0	0.0	0.0	0.0	0.0	0.0	0.0	0.0	0.0	0.0	0.0	0.0	0.0	0.0	0.0	0.0	0.0	0.0	0.0	0.0	0.0	0.0	0.0	0.0	0.0
126_TASK04_CON63_12.0_posneg	posneg	12.0	0.0	0.0	0.0	0.0	0.0	0.0	0.0	0.0	0.0	0.0	0.0	0.0	0.0	0.0	0.0	0.0	0.0	0.0	0.0	0.0	0.0	0.0	0.0	0.0	0.0	0.0	0.0	0.0	0.0	0.0	0.0	0.0	0.0	0.0	0.0	0.0	0.0	0.0	0.0	0.0	0.0	0.0	0.0	0.0	0.0	0.0	0.0
126_TASK04_CON63_12.0_pos	pos	12.0	0.0	0.0	0.0	0.0	0.0	0.0	0.0	0.0	0.0	0.0	0.0	0.0	0.0	0.0	0.0	0.0	0.0	0.0	0.0	0.0	0.0	0.0	0.0	0.0	0.0	0.0	0.0	0.0	0.0	0.0	0.0	0.0	0.0	0.0	0.0	0.0	0.0	0.0	0.0	0.0	0.0	0.0	0.0	0.0	0.0	0.0	0.0
126_TASK04_CON63_13.0_posneg	posneg	13.0	0.0	0.0	0.0	0.0	0.0	0.0	0.0	0.0	0.0	0.0	0.0	0.0	0.0	0.0	0.0	0.0	0.0	0.0	0.0	0.0	0.0	0.0	0.0	0.0	0.0	0.0	0.0	0.0	0.0	0.0	0.0	0.0	0.0	0.0	0.0	0.0	0.0	0.0	0.0	0.0	0.0	0.0	0.0	0.0	0.0	0.0	0.0
126_TASK04_CON63_13.0_pos	pos	13.0	0.0	0.0	0.0	0.0	0.0	0.0	0.0	0.0	0.0	0.0	0.0	0.0	0.0	0.0	0.0	0.0	0.0	0.0	0.0	0.0	0.0	0.0	0.0	0.0	0.0	0.0	0.0	0.0	0.0	0.0	0.0	0.0	0.0	0.0	0.0	0.0	0.0	0.0	0.0	0.0	0.0	0.0	0.0	0.0	0.0	0.0	0.0
126_TASK04_CON64_0.0_posneg	posneg	0.0	228380.0	228380.0	228380.0	228380.0	228380.0	228380.0	228380.0	228380.0	228380.0	228380.0	228380.0	228380.0	228380.0	228380.0	228380.0	228380.0	228380.0	228380.0	228380.0	228380.0	228380.0	228380.0	228380.0	228380.0	228380.0	228380.0	228380.0	228380.0	228380.0	228380.0	228380.0	228380.0	228380.0	228380.0	228380.0	228380.0	228380.0	228380.0	228380.0	228380.0	228380.0	228380.0	228380.0	228380.0	228380.0	228380.0	228380.0
126_TASK04_CON64_0.0_pos	pos	0.0	228308.0	228308.0	228308.0	228308.0	228308.0	228308.0	228308.0	228308.0	228308.0	228308.0	228308.0	228308.0	228308.0	228308.0	228308.0	228308.0	228308.0	228308.0	228308.0	228308.0	228308.0	228308.0	228308.0	228308.0	228308.0	228308.0	228308.0	228308.0	228308.0	228308.0	228308.0	228308.0	228308.0	228308.0	228308.0	228308.0	228308.0	228308.0	228308.0	228308.0	228308.0	228308.0	228308.0	228308.0	228308.0	228308.0	228308.0
126_TASK04_CON64_1.0_posneg	posneg	1.0	228272.0	228272.0	228272.0	228272.0	228272.0	228272.0	228272.0	228272.0	228272.0	228272.0	228272.0	228272.0	228272.0	228272.0	228272.0	228272.0	228272.0	228272.0	228272.0	228272.0	228272.0	228272.0	228272.0	228272.0	228272.0	228272.0	228272.0	228272.0	228272.0	228272.0	228272.0	228272.0	228272.0	228272.0	228272.0	228272.0	228272.0	228272.0	228272.0	228272.0	228272.0	228272.0	228272.0	228272.0	228272.0	228272.0	228272.0
126_TASK04_CON64_1.0_pos	pos	1.0	228261.0	228261.0	228261.0	228261.0	228261.0	228261.0	228261.0	228261.0	228261.0	228261.0	228261.0	228261.0	228261.0	228261.0	228261.0	228261.0	228261.0	228261.0	228261.0	228261.0	228261.0	228261.0	228261.0	228261.0	228261.0	228261.0	228261.0	228261.0	228261.0	228261.0	228261.0	228261.0	228261.0	228261.0	228261.0	228261.0	228261.0	228261.0	228261.0	228261.0	228261.0	228261.0	228261.0	228261.0	228261.0	228261.0	228261.0
126_TASK04_CON64_2.0_posneg	posneg	2.0	228241.0	228241.0	228241.0	228241.0	228241.0	228241.0	228241.0	228241.0	228241.0	228241.0	228241.0	228241.0	228241.0	228241.0	228241.0	228241.0	228241.0	228241.0	228241.0	228241.0	228241.0	228241.0	228241.0	228241.0	228241.0	228241.0	228241.0	228241.0	228241.0	228241.0	228241.0	228241.0	228241.0	228241.0	228241.0	228241.0	228241.0	228241.0	228241.0	228241.0	228241.0	228241.0	228241.0	228241.0	228241.0	228241.0	228241.0
126_TASK04_CON64_2.0_pos	pos	2.0	228241.0	228241.0	228241.0	228241.0	228241.0	228241.0	228241.0	228241.0	228241.0	228241.0	228241.0	228241.0	228241.0	228241.0	228241.0	228241.0	228241.0	228241.0	228241.0	228241.0	228241.0	228241.0	228241.0	228241.0	228241.0	228241.0	228241.0	228241.0	228241.0	228241.0	228241.0	228241.0	228241.0	228241.0	228241.0	228241.0	228241.0	228241.0	228241.0	228241.0	228241.0	228241.0	228241.0	228241.0	228241.0	228241.0	228241.0
126_TASK04_CON64_3.0_posneg	posneg	3.0	228241.0	228241.0	228241.0	228241.0	228241.0	228241.0	228241.0	228241.0	228241.0	228241.0	228241.0	228241.0	228241.0	228241.0	228241.0	228241.0	228241.0	228241.0	228241.0	228241.0	228241.0	228241.0	228241.0	228241.0	228241.0	228241.0	228241.0	228241.0	228241.0	228241.0	228241.0	228241.0	228241.0	228241.0	228241.0	228241.0	228241.0	228241.0	228241.0	228241.0	228241.0	228241.0	228241.0	228241.0	228241.0	228241.0	228241.0
126_TASK04_CON64_3.0_pos	pos	3.0	228241.0	228241.0	228241.0	228241.0	228241.0	228241.0	228241.0	228241.0	228241.0	228241.0	228241.0	228241.0	228241.0	228241.0	228241.0	228241.0	228241.0	228241.0	228241.0	228241.0	228241.0	228241.0	228241.0	228241.0	228241.0	228241.0	228241.0	228241.0	228241.0	228241.0	228241.0	228241.0	228241.0	228241.0	228241.0	228241.0	228241.0	228241.0	228241.0	228241.0	228241.0	228241.0	228241.0	228241.0	228241.0	228241.0	228241.0
126_TASK04_CON64_4.0_posneg	posneg	4.0	228241.0	228241.0	228241.0	228241.0	228241.0	228241.0	228241.0	228241.0	228241.0	228241.0	228241.0	228241.0	228241.0	228241.0	228241.0	228241.0	228241.0	228241.0	228241.0	228241.0	228241.0	228241.0	228241.0	228241.0	228241.0	228241.0	228241.0	228241.0	228241.0	228241.0	228241.0	228241.0	228241.0	228241.0	228241.0	228241.0	228241.0	228241.0	228241.0	228241.0	228241.0	228241.0	228241.0	228241.0	228241.0	228241.0	228241.0
126_TASK04_CON64_4.0_pos	pos	4.0	228241.0	228241.0	228241.0	228241.0	228241.0	228241.0	228241.0	228241.0	228241.0	228241.0	228241.0	228241.0	228241.0	228241.0	228241.0	228241.0	228241.0	228241.0	228241.0	228241.0	228241.0	228241.0	228241.0	228241.0	228241.0	228241.0	228241.0	228241.0	228241.0	228241.0	228241.0	228241.0	228241.0	228241.0	228241.0	228241.0	228241.0	228241.0	228241.0	228241.0	228241.0	228241.0	228241.0	228241.0	228241.0	228241.0	228241.0
126_TASK04_CON64_5.0_posneg	posneg	5.0	228241.0	228241.0	228241.0	228241.0	228241.0	228241.0	228241.0	228241.0	228241.0	228241.0	228241.0	228241.0	228241.0	228241.0	228241.0	228241.0	228241.0	228241.0	228241.0	228241.0	228241.0	228241.0	228241.0	228241.0	228241.0	228241.0	228241.0	228241.0	228241.0	228241.0	228241.0	228241.0	228241.0	228241.0	228241.0	228241.0	228241.0	228241.0	228241.0	228241.0	228241.0	228241.0	228241.0	228241.0	228241.0	228241.0	228241.0
126_TASK04_CON64_5.0_pos	pos	5.0	228241.0	228241.0	228241.0	228241.0	228241.0	228241.0	228241.0	228241.0	228241.0	228241.0	228241.0	228241.0	228241.0	228241.0	228241.0	228241.0	228241.0	228241.0	228241.0	228241.0	228241.0	228241.0	228241.0	228241.0	228241.0	228241.0	228241.0	228241.0	228241.0	228241.0	228241.0	228241.0	228241.0	228241.0	228241.0	228241.0	228241.0	228241.0	228241.0	228241.0	228241.0	228241.0	228241.0	228241.0	228241.0	228241.0	228241.0
126_TASK04_CON64_6.0_posneg	posneg	6.0	228241.0	228241.0	228241.0	228241.0	228241.0	228241.0	228241.0	228241.0	228241.0	228241.0	228241.0	228241.0	228241.0	228241.0	228241.0	228241.0	228241.0	228241.0	228241.0	228241.0	228241.0	228241.0	228241.0	228241.0	228241.0	228241.0	228241.0	228241.0	228241.0	228241.0	228241.0	228241.0	228241.0	228241.0	228241.0	228241.0	228241.0	228241.0	228241.0	228241.0	228241.0	228241.0	228241.0	228241.0	228241.0	228241.0	228241.0
126_TASK04_CON64_6.0_pos	pos	6.0	228241.0	228241.0	228241.0	228241.0	228241.0	228241.0	228241.0	228241.0	228241.0	228241.0	228241.0	228241.0	228241.0	228241.0	228241.0	228241.0	228241.0	228241.0	228241.0	228241.0	228241.0	228241.0	228241.0	228241.0	228241.0	228241.0	228241.0	228241.0	228241.0	228241.0	228241.0	228241.0	228241.0	228241.0	228241.0	228241.0	228241.0	228241.0	228241.0	228241.0	228241.0	228241.0	228241.0	228241.0	228241.0	228241.0	228241.0
126_TASK04_CON64_7.0_posneg	posneg	7.0	228241.0	228241.0	228241.0	228241.0	228241.0	228241.0	228241.0	228241.0	228241.0	228241.0	228241.0	228241.0	228241.0	228241.0	228241.0	228241.0	228241.0	228241.0	228241.0	228241.0	228241.0	228241.0	228241.0	228241.0	228241.0	228241.0	228241.0	228241.0	228241.0	228241.0	228241.0	228241.0	228241.0	228241.0	228241.0	228241.0	228241.0	228241.0	228241.0	228241.0	228241.0	228241.0	228241.0	228241.0	228241.0	228241.0	228241.0
126_TASK04_CON64_7.0_pos	pos	7.0	228241.0	228241.0	228241.0	228241.0	228241.0	228241.0	228241.0	228241.0	228241.0	228241.0	228241.0	228241.0	228241.0	228241.0	228241.0	228241.0	228241.0	228241.0	228241.0	228241.0	228241.0	228241.0	228241.0	228241.0	228241.0	228241.0	228241.0	228241.0	228241.0	228241.0	228241.0	228241.0	228241.0	228241.0	228241.0	228241.0	228241.0	228241.0	228241.0	228241.0	228241.0	228241.0	228241.0	228241.0	228241.0	228241.0	228241.0
126_TASK04_CON64_8.0_posneg	posneg	8.0	228241.0	228241.0	228241.0	228241.0	228241.0	228241.0	228241.0	228241.0	228241.0	228241.0	228241.0	228241.0	228241.0	228241.0	228241.0	228241.0	228241.0	228241.0	228241.0	228241.0	228241.0	228241.0	228241.0	228241.0	228241.0	228241.0	228241.0	228241.0	228241.0	228241.0	228241.0	228241.0	228241.0	228241.0	228241.0	228241.0	228241.0	228241.0	228241.0	228241.0	228241.0	228241.0	228241.0	228241.0	228241.0	228241.0	228241.0
126_TASK04_CON64_8.0_pos	pos	8.0	228241.0	228241.0	228241.0	228241.0	228241.0	228241.0	228241.0	228241.0	228241.0	228241.0	228241.0	228241.0	228241.0	228241.0	228241.0	228241.0	228241.0	228241.0	228241.0	228241.0	228241.0	228241.0	228241.0	228241.0	228241.0	228241.0	228241.0	228241.0	228241.0	228241.0	228241.0	228241.0	228241.0	228241.0	228241.0	228241.0	228241.0	228241.0	228241.0	228241.0	228241.0	228241.0	228241.0	228241.0	228241.0	228241.0	228241.0
126_TASK04_CON64_9.0_posneg	posneg	9.0	228241.0	228241.0	228241.0	228241.0	228241.0	228241.0	228241.0	228241.0	228241.0	228241.0	228241.0	228241.0	228241.0	228241.0	228241.0	228241.0	228241.0	228241.0	228241.0	228241.0	228241.0	228241.0	228241.0	228241.0	228241.0	228241.0	228241.0	228241.0	228241.0	228241.0	228241.0	228241.0	228241.0	228241.0	228241.0	228241.0	228241.0	228241.0	228241.0	228241.0	228241.0	228241.0	228241.0	228241.0	228241.0	228241.0	228241.0
126_TASK04_CON64_9.0_pos	pos	9.0	228241.0	228241.0	228241.0	228241.0	228241.0	228241.0	228241.0	228241.0	228241.0	228241.0	228241.0	228241.0	228241.0	228241.0	228241.0	228241.0	228241.0	228241.0	228241.0	228241.0	228241.0	228241.0	228241.0	228241.0	228241.0	228241.0	228241.0	228241.0	228241.0	228241.0	228241.0	228241.0	228241.0	228241.0	228241.0	228241.0	228241.0	228241.0	228241.0	228241.0	228241.0	228241.0	228241.0	228241.0	228241.0	228241.0	228241.0
126_TASK04_CON64_10.0_posneg	posneg	10.0	0.0	0.0	0.0	0.0	0.0	0.0	0.0	0.0	0.0	0.0	0.0	0.0	0.0	0.0	0.0	0.0	0.0	0.0	0.0	0.0	0.0	0.0	0.0	0.0	0.0	0.0	0.0	0.0	0.0	0.0	0.0	0.0	0.0	0.0	0.0	0.0	0.0	0.0	0.0	0.0	0.0	0.0	0.0	0.0	0.0	0.0	0.0
126_TASK04_CON64_10.0_pos	pos	10.0	0.0	0.0	0.0	0.0	0.0	0.0	0.0	0.0	0.0	0.0	0.0	0.0	0.0	0.0	0.0	0.0	0.0	0.0	0.0	0.0	0.0	0.0	0.0	0.0	0.0	0.0	0.0	0.0	0.0	0.0	0.0	0.0	0.0	0.0	0.0	0.0	0.0	0.0	0.0	0.0	0.0	0.0	0.0	0.0	0.0	0.0	0.0
126_TASK04_CON64_11.0_posneg	posneg	11.0	0.0	0.0	0.0	0.0	0.0	0.0	0.0	0.0	0.0	0.0	0.0	0.0	0.0	0.0	0.0	0.0	0.0	0.0	0.0	0.0	0.0	0.0	0.0	0.0	0.0	0.0	0.0	0.0	0.0	0.0	0.0	0.0	0.0	0.0	0.0	0.0	0.0	0.0	0.0	0.0	0.0	0.0	0.0	0.0	0.0	0.0	0.0
126_TASK04_CON64_11.0_pos	pos	11.0	0.0	0.0	0.0	0.0	0.0	0.0	0.0	0.0	0.0	0.0	0.0	0.0	0.0	0.0	0.0	0.0	0.0	0.0	0.0	0.0	0.0	0.0	0.0	0.0	0.0	0.0	0.0	0.0	0.0	0.0	0.0	0.0	0.0	0.0	0.0	0.0	0.0	0.0	0.0	0.0	0.0	0.0	0.0	0.0	0.0	0.0	0.0
126_TASK04_CON64_12.0_posneg	posneg	12.0	0.0	0.0	0.0	0.0	0.0	0.0	0.0	0.0	0.0	0.0	0.0	0.0	0.0	0.0	0.0	0.0	0.0	0.0	0.0	0.0	0.0	0.0	0.0	0.0	0.0	0.0	0.0	0.0	0.0	0.0	0.0	0.0	0.0	0.0	0.0	0.0	0.0	0.0	0.0	0.0	0.0	0.0	0.0	0.0	0.0	0.0	0.0
126_TASK04_CON64_12.0_pos	pos	12.0	0.0	0.0	0.0	0.0	0.0	0.0	0.0	0.0	0.0	0.0	0.0	0.0	0.0	0.0	0.0	0.0	0.0	0.0	0.0	0.0	0.0	0.0	0.0	0.0	0.0	0.0	0.0	0.0	0.0	0.0	0.0	0.0	0.0	0.0	0.0	0.0	0.0	0.0	0.0	0.0	0.0	0.0	0.0	0.0	0.0	0.0	0.0
126_TASK04_CON64_13.0_posneg	posneg	13.0	0.0	0.0	0.0	0.0	0.0	0.0	0.0	0.0	0.0	0.0	0.0	0.0	0.0	0.0	0.0	0.0	0.0	0.0	0.0	0.0	0.0	0.0	0.0	0.0	0.0	0.0	0.0	0.0	0.0	0.0	0.0	0.0	0.0	0.0	0.0	0.0	0.0	0.0	0.0	0.0	0.0	0.0	0.0	0.0	0.0	0.0	0.0
126_TASK04_CON64_13.0_pos	pos	13.0	0.0	0.0	0.0	0.0	0.0	0.0	0.0	0.0	0.0	0.0	0.0	0.0	0.0	0.0	0.0	0.0	0.0	0.0	0.0	0.0	0.0	0.0	0.0	0.0	0.0	0.0	0.0	0.0	0.0	0.0	0.0	0.0	0.0	0.0	0.0	0.0	0.0	0.0	0.0	0.0	0.0	0.0	0.0	0.0	0.0	0.0	0.0
126_TASK04_CON65_0.0_posneg	posneg	0.0	228380.0	228380.0	228380.0	228380.0	228380.0	228380.0	228380.0	228380.0	228380.0	228380.0	228380.0	228380.0	228380.0	228380.0	228380.0	228380.0	228380.0	228380.0	228380.0	228380.0	228380.0	228380.0	228380.0	228380.0	228380.0	228380.0	228380.0	228380.0	228380.0	228380.0	228380.0	228380.0	228380.0	228380.0	228380.0	228380.0	228380.0	228380.0	228380.0	228380.0	228380.0	228380.0	228380.0	228380.0	228380.0	228380.0	228380.0
126_TASK04_CON65_0.0_pos	pos	0.0	228318.0	228318.0	228318.0	228318.0	228318.0	228318.0	228318.0	228318.0	228318.0	228318.0	228318.0	228318.0	228318.0	228318.0	228318.0	228318.0	228318.0	228318.0	228318.0	228318.0	228318.0	228318.0	228318.0	228318.0	228318.0	228318.0	228318.0	228318.0	228318.0	228318.0	228318.0	228318.0	228318.0	228318.0	228318.0	228318.0	228318.0	228318.0	228318.0	228318.0	228318.0	228318.0	228318.0	228318.0	228318.0	228318.0	228318.0
126_TASK04_CON65_1.0_posneg	posneg	1.0	228269.0	228269.0	228269.0	228269.0	228269.0	228269.0	228269.0	228269.0	228269.0	228269.0	228269.0	228269.0	228269.0	228269.0	228269.0	228269.0	228269.0	228269.0	228269.0	228269.0	228269.0	228269.0	228269.0	228269.0	228269.0	228269.0	228269.0	228269.0	228269.0	228269.0	228269.0	228269.0	228269.0	228269.0	228269.0	228269.0	228269.0	228269.0	228269.0	228269.0	228269.0	228269.0	228269.0	228269.0	228269.0	228269.0	228269.0
126_TASK04_CON65_1.0_pos	pos	1.0	228254.0	228254.0	228254.0	228254.0	228254.0	228254.0	228254.0	228254.0	228254.0	228254.0	228254.0	228254.0	228254.0	228254.0	228254.0	228254.0	228254.0	228254.0	228254.0	228254.0	228254.0	228254.0	228254.0	228254.0	228254.0	228254.0	228254.0	228254.0	228254.0	228254.0	228254.0	228254.0	228254.0	228254.0	228254.0	228254.0	228254.0	228254.0	228254.0	228254.0	228254.0	228254.0	228254.0	228254.0	228254.0	228254.0	228254.0
126_TASK04_CON65_2.0_posneg	posneg	2.0	228241.0	228241.0	228241.0	228241.0	228241.0	228241.0	228241.0	228241.0	228241.0	228241.0	228241.0	228241.0	228241.0	228241.0	228241.0	228241.0	228241.0	228241.0	228241.0	228241.0	228241.0	228241.0	228241.0	228241.0	228241.0	228241.0	228241.0	228241.0	228241.0	228241.0	228241.0	228241.0	228241.0	228241.0	228241.0	228241.0	228241.0	228241.0	228241.0	228241.0	228241.0	228241.0	228241.0	228241.0	228241.0	228241.0	228241.0
126_TASK04_CON65_2.0_pos	pos	2.0	228241.0	228241.0	228241.0	228241.0	228241.0	228241.0	228241.0	228241.0	228241.0	228241.0	228241.0	228241.0	228241.0	228241.0	228241.0	228241.0	228241.0	228241.0	228241.0	228241.0	228241.0	228241.0	228241.0	228241.0	228241.0	228241.0	228241.0	228241.0	228241.0	228241.0	228241.0	228241.0	228241.0	228241.0	228241.0	228241.0	228241.0	228241.0	228241.0	228241.0	228241.0	228241.0	228241.0	228241.0	228241.0	228241.0	228241.0
126_TASK04_CON65_3.0_posneg	posneg	3.0	228241.0	228241.0	228241.0	228241.0	228241.0	228241.0	228241.0	228241.0	228241.0	228241.0	228241.0	228241.0	228241.0	228241.0	228241.0	228241.0	228241.0	228241.0	228241.0	228241.0	228241.0	228241.0	228241.0	228241.0	228241.0	228241.0	228241.0	228241.0	228241.0	228241.0	228241.0	228241.0	228241.0	228241.0	228241.0	228241.0	228241.0	228241.0	228241.0	228241.0	228241.0	228241.0	228241.0	228241.0	228241.0	228241.0	228241.0
126_TASK04_CON65_3.0_pos	pos	3.0	228241.0	228241.0	228241.0	228241.0	228241.0	228241.0	228241.0	228241.0	228241.0	228241.0	228241.0	228241.0	228241.0	228241.0	228241.0	228241.0	228241.0	228241.0	228241.0	228241.0	228241.0	228241.0	228241.0	228241.0	228241.0	228241.0	228241.0	228241.0	228241.0	228241.0	228241.0	228241.0	228241.0	228241.0	228241.0	228241.0	228241.0	228241.0	228241.0	228241.0	228241.0	228241.0	228241.0	228241.0	228241.0	228241.0	228241.0
126_TASK04_CON65_4.0_posneg	posneg	4.0	228241.0	228241.0	228241.0	228241.0	228241.0	228241.0	228241.0	228241.0	228241.0	228241.0	228241.0	228241.0	228241.0	228241.0	228241.0	228241.0	228241.0	228241.0	228241.0	228241.0	228241.0	228241.0	228241.0	228241.0	228241.0	228241.0	228241.0	228241.0	228241.0	228241.0	228241.0	228241.0	228241.0	228241.0	228241.0	228241.0	228241.0	228241.0	228241.0	228241.0	228241.0	228241.0	228241.0	228241.0	228241.0	228241.0	228241.0
126_TASK04_CON65_4.0_pos	pos	4.0	228241.0	228241.0	228241.0	228241.0	228241.0	228241.0	228241.0	228241.0	228241.0	228241.0	228241.0	228241.0	228241.0	228241.0	228241.0	228241.0	228241.0	228241.0	228241.0	228241.0	228241.0	228241.0	228241.0	228241.0	228241.0	228241.0	228241.0	228241.0	228241.0	228241.0	228241.0	228241.0	228241.0	228241.0	228241.0	228241.0	228241.0	228241.0	228241.0	228241.0	228241.0	228241.0	228241.0	228241.0	228241.0	228241.0	228241.0
126_TASK04_CON65_5.0_posneg	posneg	5.0	228241.0	228241.0	228241.0	228241.0	228241.0	228241.0	228241.0	228241.0	228241.0	228241.0	228241.0	228241.0	228241.0	228241.0	228241.0	228241.0	228241.0	228241.0	228241.0	228241.0	228241.0	228241.0	228241.0	228241.0	228241.0	228241.0	228241.0	228241.0	228241.0	228241.0	228241.0	228241.0	228241.0	228241.0	228241.0	228241.0	228241.0	228241.0	228241.0	228241.0	228241.0	228241.0	228241.0	228241.0	228241.0	228241.0	228241.0
126_TASK04_CON65_5.0_pos	pos	5.0	228241.0	228241.0	228241.0	228241.0	228241.0	228241.0	228241.0	228241.0	228241.0	228241.0	228241.0	228241.0	228241.0	228241.0	228241.0	228241.0	228241.0	228241.0	228241.0	228241.0	228241.0	228241.0	228241.0	228241.0	228241.0	228241.0	228241.0	228241.0	228241.0	228241.0	228241.0	228241.0	228241.0	228241.0	228241.0	228241.0	228241.0	228241.0	228241.0	228241.0	228241.0	228241.0	228241.0	228241.0	228241.0	228241.0	228241.0
126_TASK04_CON65_6.0_posneg	posneg	6.0	228241.0	228241.0	228241.0	228241.0	228241.0	228241.0	228241.0	228241.0	228241.0	228241.0	228241.0	228241.0	228241.0	228241.0	228241.0	228241.0	228241.0	228241.0	228241.0	228241.0	228241.0	228241.0	228241.0	228241.0	228241.0	228241.0	228241.0	228241.0	228241.0	228241.0	228241.0	228241.0	228241.0	228241.0	228241.0	228241.0	228241.0	228241.0	228241.0	228241.0	228241.0	228241.0	228241.0	228241.0	228241.0	228241.0	228241.0
126_TASK04_CON65_6.0_pos	pos	6.0	228241.0	228241.0	228241.0	228241.0	228241.0	228241.0	228241.0	228241.0	228241.0	228241.0	228241.0	228241.0	228241.0	228241.0	228241.0	228241.0	228241.0	228241.0	228241.0	228241.0	228241.0	228241.0	228241.0	228241.0	228241.0	228241.0	228241.0	228241.0	228241.0	228241.0	228241.0	228241.0	228241.0	228241.0	228241.0	228241.0	228241.0	228241.0	228241.0	228241.0	228241.0	228241.0	228241.0	228241.0	228241.0	228241.0	228241.0
126_TASK04_CON65_7.0_posneg	posneg	7.0	228241.0	228241.0	228241.0	228241.0	228241.0	228241.0	228241.0	228241.0	228241.0	228241.0	228241.0	228241.0	228241.0	228241.0	228241.0	228241.0	228241.0	228241.0	228241.0	228241.0	228241.0	228241.0	228241.0	228241.0	228241.0	228241.0	228241.0	228241.0	228241.0	228241.0	228241.0	228241.0	228241.0	228241.0	228241.0	228241.0	228241.0	228241.0	228241.0	228241.0	228241.0	228241.0	228241.0	228241.0	228241.0	228241.0	228241.0
126_TASK04_CON65_7.0_pos	pos	7.0	228241.0	228241.0	228241.0	228241.0	228241.0	228241.0	228241.0	228241.0	228241.0	228241.0	228241.0	228241.0	228241.0	228241.0	228241.0	228241.0	228241.0	228241.0	228241.0	228241.0	228241.0	228241.0	228241.0	228241.0	228241.0	228241.0	228241.0	228241.0	228241.0	228241.0	228241.0	228241.0	228241.0	228241.0	228241.0	228241.0	228241.0	228241.0	228241.0	228241.0	228241.0	228241.0	228241.0	228241.0	228241.0	228241.0	228241.0
126_TASK04_CON65_8.0_posneg	posneg	8.0	228241.0	228241.0	228241.0	228241.0	228241.0	228241.0	228241.0	228241.0	228241.0	228241.0	228241.0	228241.0	228241.0	228241.0	228241.0	228241.0	228241.0	228241.0	228241.0	228241.0	228241.0	228241.0	228241.0	228241.0	228241.0	228241.0	228241.0	228241.0	228241.0	228241.0	228241.0	228241.0	228241.0	228241.0	228241.0	228241.0	228241.0	228241.0	228241.0	228241.0	228241.0	228241.0	228241.0	228241.0	228241.0	228241.0	228241.0
126_TASK04_CON65_8.0_pos	pos	8.0	228241.0	228241.0	228241.0	228241.0	228241.0	228241.0	228241.0	228241.0	228241.0	228241.0	228241.0	228241.0	228241.0	228241.0	228241.0	228241.0	228241.0	228241.0	228241.0	228241.0	228241.0	228241.0	228241.0	228241.0	228241.0	228241.0	228241.0	228241.0	228241.0	228241.0	228241.0	228241.0	228241.0	228241.0	228241.0	228241.0	228241.0	228241.0	228241.0	228241.0	228241.0	228241.0	228241.0	228241.0	228241.0	228241.0	228241.0
126_TASK04_CON65_9.0_posneg	posneg	9.0	228241.0	228241.0	228241.0	228241.0	228241.0	228241.0	228241.0	228241.0	228241.0	228241.0	228241.0	228241.0	228241.0	228241.0	228241.0	228241.0	228241.0	228241.0	228241.0	228241.0	228241.0	228241.0	228241.0	228241.0	228241.0	228241.0	228241.0	228241.0	228241.0	228241.0	228241.0	228241.0	228241.0	228241.0	228241.0	228241.0	228241.0	228241.0	228241.0	228241.0	228241.0	228241.0	228241.0	228241.0	228241.0	228241.0	228241.0
126_TASK04_CON65_9.0_pos	pos	9.0	228241.0	228241.0	228241.0	228241.0	228241.0	228241.0	228241.0	228241.0	228241.0	228241.0	228241.0	228241.0	228241.0	228241.0	228241.0	228241.0	228241.0	228241.0	228241.0	228241.0	228241.0	228241.0	228241.0	228241.0	228241.0	228241.0	228241.0	228241.0	228241.0	228241.0	228241.0	228241.0	228241.0	228241.0	228241.0	228241.0	228241.0	228241.0	228241.0	228241.0	228241.0	228241.0	228241.0	228241.0	228241.0	228241.0	228241.0
126_TASK04_CON65_10.0_posneg	posneg	10.0	0.0	0.0	0.0	0.0	0.0	0.0	0.0	0.0	0.0	0.0	0.0	0.0	0.0	0.0	0.0	0.0	0.0	0.0	0.0	0.0	0.0	0.0	0.0	0.0	0.0	0.0	0.0	0.0	0.0	0.0	0.0	0.0	0.0	0.0	0.0	0.0	0.0	0.0	0.0	0.0	0.0	0.0	0.0	0.0	0.0	0.0	0.0
126_TASK04_CON65_10.0_pos	pos	10.0	0.0	0.0	0.0	0.0	0.0	0.0	0.0	0.0	0.0	0.0	0.0	0.0	0.0	0.0	0.0	0.0	0.0	0.0	0.0	0.0	0.0	0.0	0.0	0.0	0.0	0.0	0.0	0.0	0.0	0.0	0.0	0.0	0.0	0.0	0.0	0.0	0.0	0.0	0.0	0.0	0.0	0.0	0.0	0.0	0.0	0.0	0.0
126_TASK04_CON65_11.0_posneg	posneg	11.0	0.0	0.0	0.0	0.0	0.0	0.0	0.0	0.0	0.0	0.0	0.0	0.0	0.0	0.0	0.0	0.0	0.0	0.0	0.0	0.0	0.0	0.0	0.0	0.0	0.0	0.0	0.0	0.0	0.0	0.0	0.0	0.0	0.0	0.0	0.0	0.0	0.0	0.0	0.0	0.0	0.0	0.0	0.0	0.0	0.0	0.0	0.0
126_TASK04_CON65_11.0_pos	pos	11.0	0.0	0.0	0.0	0.0	0.0	0.0	0.0	0.0	0.0	0.0	0.0	0.0	0.0	0.0	0.0	0.0	0.0	0.0	0.0	0.0	0.0	0.0	0.0	0.0	0.0	0.0	0.0	0.0	0.0	0.0	0.0	0.0	0.0	0.0	0.0	0.0	0.0	0.0	0.0	0.0	0.0	0.0	0.0	0.0	0.0	0.0	0.0
126_TASK04_CON65_12.0_posneg	posneg	12.0	0.0	0.0	0.0	0.0	0.0	0.0	0.0	0.0	0.0	0.0	0.0	0.0	0.0	0.0	0.0	0.0	0.0	0.0	0.0	0.0	0.0	0.0	0.0	0.0	0.0	0.0	0.0	0.0	0.0	0.0	0.0	0.0	0.0	0.0	0.0	0.0	0.0	0.0	0.0	0.0	0.0	0.0	0.0	0.0	0.0	0.0	0.0
126_TASK04_CON65_12.0_pos	pos	12.0	0.0	0.0	0.0	0.0	0.0	0.0	0.0	0.0	0.0	0.0	0.0	0.0	0.0	0.0	0.0	0.0	0.0	0.0	0.0	0.0	0.0	0.0	0.0	0.0	0.0	0.0	0.0	0.0	0.0	0.0	0.0	0.0	0.0	0.0	0.0	0.0	0.0	0.0	0.0	0.0	0.0	0.0	0.0	0.0	0.0	0.0	0.0
126_TASK04_CON65_13.0_posneg	posneg	13.0	0.0	0.0	0.0	0.0	0.0	0.0	0.0	0.0	0.0	0.0	0.0	0.0	0.0	0.0	0.0	0.0	0.0	0.0	0.0	0.0	0.0	0.0	0.0	0.0	0.0	0.0	0.0	0.0	0.0	0.0	0.0	0.0	0.0	0.0	0.0	0.0	0.0	0.0	0.0	0.0	0.0	0.0	0.0	0.0	0.0	0.0	0.0
126_TASK04_CON65_13.0_pos	pos	13.0	0.0	0.0	0.0	0.0	0.0	0.0	0.0	0.0	0.0	0.0	0.0	0.0	0.0	0.0	0.0	0.0	0.0	0.0	0.0	0.0	0.0	0.0	0.0	0.0	0.0	0.0	0.0	0.0	0.0	0.0	0.0	0.0	0.0	0.0	0.0	0.0	0.0	0.0	0.0	0.0	0.0	0.0	0.0	0.0	0.0	0.0	0.0
126_TASK04_CON66_0.0_posneg	posneg	0.0	228380.0	228380.0	228380.0	228380.0	228380.0	228380.0	228380.0	228380.0	228380.0	228380.0	228380.0	228380.0	228380.0	228380.0	228380.0	228380.0	228380.0	228380.0	228380.0	228380.0	228380.0	228380.0	228380.0	228380.0	228380.0	228380.0	228380.0	228380.0	228380.0	228380.0	228380.0	228380.0	228380.0	228380.0	228380.0	228380.0	228380.0	228380.0	228380.0	228380.0	228380.0	228380.0	228380.0	228380.0	228380.0	228380.0	228380.0
126_TASK04_CON66_0.0_pos	pos	0.0	228347.0	228347.0	228347.0	228347.0	228347.0	228347.0	228347.0	228347.0	228347.0	228347.0	228347.0	228347.0	228347.0	228347.0	228347.0	228347.0	228347.0	228347.0	228347.0	228347.0	228347.0	228347.0	228347.0	228347.0	228347.0	228347.0	228347.0	228347.0	228347.0	228347.0	228347.0	228347.0	228347.0	228347.0	228347.0	228347.0	228347.0	228347.0	228347.0	228347.0	228347.0	228347.0	228347.0	228347.0	228347.0	228347.0	228347.0
126_TASK04_CON66_1.0_posneg	posneg	1.0	228291.0	228291.0	228291.0	228291.0	228291.0	228291.0	228291.0	228291.0	228291.0	228291.0	228291.0	228291.0	228291.0	228291.0	228291.0	228291.0	228291.0	228291.0	228291.0	228291.0	228291.0	228291.0	228291.0	228291.0	228291.0	228291.0	228291.0	228291.0	228291.0	228291.0	228291.0	228291.0	228291.0	228291.0	228291.0	228291.0	228291.0	228291.0	228291.0	228291.0	228291.0	228291.0	228291.0	228291.0	228291.0	228291.0	228291.0
126_TASK04_CON66_1.0_pos	pos	1.0	228283.0	228283.0	228283.0	228283.0	228283.0	228283.0	228283.0	228283.0	228283.0	228283.0	228283.0	228283.0	228283.0	228283.0	228283.0	228283.0	228283.0	228283.0	228283.0	228283.0	228283.0	228283.0	228283.0	228283.0	228283.0	228283.0	228283.0	228283.0	228283.0	228283.0	228283.0	228283.0	228283.0	228283.0	228283.0	228283.0	228283.0	228283.0	228283.0	228283.0	228283.0	228283.0	228283.0	228283.0	228283.0	228283.0	228283.0
126_TASK04_CON66_2.0_posneg	posneg	2.0	228241.0	228241.0	228241.0	228241.0	228241.0	228241.0	228241.0	228241.0	228241.0	228241.0	228241.0	228241.0	228241.0	228241.0	228241.0	228241.0	228241.0	228241.0	228241.0	228241.0	228241.0	228241.0	228241.0	228241.0	228241.0	228241.0	228241.0	228241.0	228241.0	228241.0	228241.0	228241.0	228241.0	228241.0	228241.0	228241.0	228241.0	228241.0	228241.0	228241.0	228241.0	228241.0	228241.0	228241.0	228241.0	228241.0	228241.0
126_TASK04_CON66_2.0_pos	pos	2.0	228241.0	228241.0	228241.0	228241.0	228241.0	228241.0	228241.0	228241.0	228241.0	228241.0	228241.0	228241.0	228241.0	228241.0	228241.0	228241.0	228241.0	228241.0	228241.0	228241.0	228241.0	228241.0	228241.0	228241.0	228241.0	228241.0	228241.0	228241.0	228241.0	228241.0	228241.0	228241.0	228241.0	228241.0	228241.0	228241.0	228241.0	228241.0	228241.0	228241.0	228241.0	228241.0	228241.0	228241.0	228241.0	228241.0	228241.0
126_TASK04_CON66_3.0_posneg	posneg	3.0	228241.0	228241.0	228241.0	228241.0	228241.0	228241.0	228241.0	228241.0	228241.0	228241.0	228241.0	228241.0	228241.0	228241.0	228241.0	228241.0	228241.0	228241.0	228241.0	228241.0	228241.0	228241.0	228241.0	228241.0	228241.0	228241.0	228241.0	228241.0	228241.0	228241.0	228241.0	228241.0	228241.0	228241.0	228241.0	228241.0	228241.0	228241.0	228241.0	228241.0	228241.0	228241.0	228241.0	228241.0	228241.0	228241.0	228241.0
126_TASK04_CON66_3.0_pos	pos	3.0	228241.0	228241.0	228241.0	228241.0	228241.0	228241.0	228241.0	228241.0	228241.0	228241.0	228241.0	228241.0	228241.0	228241.0	228241.0	228241.0	228241.0	228241.0	228241.0	228241.0	228241.0	228241.0	228241.0	228241.0	228241.0	228241.0	228241.0	228241.0	228241.0	228241.0	228241.0	228241.0	228241.0	228241.0	228241.0	228241.0	228241.0	228241.0	228241.0	228241.0	228241.0	228241.0	228241.0	228241.0	228241.0	228241.0	228241.0
126_TASK04_CON66_4.0_posneg	posneg	4.0	228241.0	228241.0	228241.0	228241.0	228241.0	228241.0	228241.0	228241.0	228241.0	228241.0	228241.0	228241.0	228241.0	228241.0	228241.0	228241.0	228241.0	228241.0	228241.0	228241.0	228241.0	228241.0	228241.0	228241.0	228241.0	228241.0	228241.0	228241.0	228241.0	228241.0	228241.0	228241.0	228241.0	228241.0	228241.0	228241.0	228241.0	228241.0	228241.0	228241.0	228241.0	228241.0	228241.0	228241.0	228241.0	228241.0	228241.0
126_TASK04_CON66_4.0_pos	pos	4.0	228241.0	228241.0	228241.0	228241.0	228241.0	228241.0	228241.0	228241.0	228241.0	228241.0	228241.0	228241.0	228241.0	228241.0	228241.0	228241.0	228241.0	228241.0	228241.0	228241.0	228241.0	228241.0	228241.0	228241.0	228241.0	228241.0	228241.0	228241.0	228241.0	228241.0	228241.0	228241.0	228241.0	228241.0	228241.0	228241.0	228241.0	228241.0	228241.0	228241.0	228241.0	228241.0	228241.0	228241.0	228241.0	228241.0	228241.0
126_TASK04_CON66_5.0_posneg	posneg	5.0	228241.0	228241.0	228241.0	228241.0	228241.0	228241.0	228241.0	228241.0	228241.0	228241.0	228241.0	228241.0	228241.0	228241.0	228241.0	228241.0	228241.0	228241.0	228241.0	228241.0	228241.0	228241.0	228241.0	228241.0	228241.0	228241.0	228241.0	228241.0	228241.0	228241.0	228241.0	228241.0	228241.0	228241.0	228241.0	228241.0	228241.0	228241.0	228241.0	228241.0	228241.0	228241.0	228241.0	228241.0	228241.0	228241.0	228241.0
126_TASK04_CON66_5.0_pos	pos	5.0	228241.0	228241.0	228241.0	228241.0	228241.0	228241.0	228241.0	228241.0	228241.0	228241.0	228241.0	228241.0	228241.0	228241.0	228241.0	228241.0	228241.0	228241.0	228241.0	228241.0	228241.0	228241.0	228241.0	228241.0	228241.0	228241.0	228241.0	228241.0	228241.0	228241.0	228241.0	228241.0	228241.0	228241.0	228241.0	228241.0	228241.0	228241.0	228241.0	228241.0	228241.0	228241.0	228241.0	228241.0	228241.0	228241.0	228241.0
126_TASK04_CON66_6.0_posneg	posneg	6.0	228241.0	228241.0	228241.0	228241.0	228241.0	228241.0	228241.0	228241.0	228241.0	228241.0	228241.0	228241.0	228241.0	228241.0	228241.0	228241.0	228241.0	228241.0	228241.0	228241.0	228241.0	228241.0	228241.0	228241.0	228241.0	228241.0	228241.0	228241.0	228241.0	228241.0	228241.0	228241.0	228241.0	228241.0	228241.0	228241.0	228241.0	228241.0	228241.0	228241.0	228241.0	228241.0	228241.0	228241.0	228241.0	228241.0	228241.0
126_TASK04_CON66_6.0_pos	pos	6.0	228241.0	228241.0	228241.0	228241.0	228241.0	228241.0	228241.0	228241.0	228241.0	228241.0	228241.0	228241.0	228241.0	228241.0	228241.0	228241.0	228241.0	228241.0	228241.0	228241.0	228241.0	228241.0	228241.0	228241.0	228241.0	228241.0	228241.0	228241.0	228241.0	228241.0	228241.0	228241.0	228241.0	228241.0	228241.0	228241.0	228241.0	228241.0	228241.0	228241.0	228241.0	228241.0	228241.0	228241.0	228241.0	228241.0	228241.0
126_TASK04_CON66_7.0_posneg	posneg	7.0	228241.0	228241.0	228241.0	228241.0	228241.0	228241.0	228241.0	228241.0	228241.0	228241.0	228241.0	228241.0	228241.0	228241.0	228241.0	228241.0	228241.0	228241.0	228241.0	228241.0	228241.0	228241.0	228241.0	228241.0	228241.0	228241.0	228241.0	228241.0	228241.0	228241.0	228241.0	228241.0	228241.0	228241.0	228241.0	228241.0	228241.0	228241.0	228241.0	228241.0	228241.0	228241.0	228241.0	228241.0	228241.0	228241.0	228241.0
126_TASK04_CON66_7.0_pos	pos	7.0	228241.0	228241.0	228241.0	228241.0	228241.0	228241.0	228241.0	228241.0	228241.0	228241.0	228241.0	228241.0	228241.0	228241.0	228241.0	228241.0	228241.0	228241.0	228241.0	228241.0	228241.0	228241.0	228241.0	228241.0	228241.0	228241.0	228241.0	228241.0	228241.0	228241.0	228241.0	228241.0	228241.0	228241.0	228241.0	228241.0	228241.0	228241.0	228241.0	228241.0	228241.0	228241.0	228241.0	228241.0	228241.0	228241.0	228241.0
126_TASK04_CON66_8.0_posneg	posneg	8.0	228241.0	228241.0	228241.0	228241.0	228241.0	228241.0	228241.0	228241.0	228241.0	228241.0	228241.0	228241.0	228241.0	228241.0	228241.0	228241.0	228241.0	228241.0	228241.0	228241.0	228241.0	228241.0	228241.0	228241.0	228241.0	228241.0	228241.0	228241.0	228241.0	228241.0	228241.0	228241.0	228241.0	228241.0	228241.0	228241.0	228241.0	228241.0	228241.0	228241.0	228241.0	228241.0	228241.0	228241.0	228241.0	228241.0	228241.0
126_TASK04_CON66_8.0_pos	pos	8.0	228241.0	228241.0	228241.0	228241.0	228241.0	228241.0	228241.0	228241.0	228241.0	228241.0	228241.0	228241.0	228241.0	228241.0	228241.0	228241.0	228241.0	228241.0	228241.0	228241.0	228241.0	228241.0	228241.0	228241.0	228241.0	228241.0	228241.0	228241.0	228241.0	228241.0	228241.0	228241.0	228241.0	228241.0	228241.0	228241.0	228241.0	228241.0	228241.0	228241.0	228241.0	228241.0	228241.0	228241.0	228241.0	228241.0	228241.0
126_TASK04_CON66_9.0_posneg	posneg	9.0	228241.0	228241.0	228241.0	228241.0	228241.0	228241.0	228241.0	228241.0	228241.0	228241.0	228241.0	228241.0	228241.0	228241.0	228241.0	228241.0	228241.0	228241.0	228241.0	228241.0	228241.0	228241.0	228241.0	228241.0	228241.0	228241.0	228241.0	228241.0	228241.0	228241.0	228241.0	228241.0	228241.0	228241.0	228241.0	228241.0	228241.0	228241.0	228241.0	228241.0	228241.0	228241.0	228241.0	228241.0	228241.0	228241.0	228241.0
126_TASK04_CON66_9.0_pos	pos	9.0	228241.0	228241.0	228241.0	228241.0	228241.0	228241.0	228241.0	228241.0	228241.0	228241.0	228241.0	228241.0	228241.0	228241.0	228241.0	228241.0	228241.0	228241.0	228241.0	228241.0	228241.0	228241.0	228241.0	228241.0	228241.0	228241.0	228241.0	228241.0	228241.0	228241.0	228241.0	228241.0	228241.0	228241.0	228241.0	228241.0	228241.0	228241.0	228241.0	228241.0	228241.0	228241.0	228241.0	228241.0	228241.0	228241.0	228241.0
126_TASK04_CON66_10.0_posneg	posneg	10.0	0.0	0.0	0.0	0.0	0.0	0.0	0.0	0.0	0.0	0.0	0.0	0.0	0.0	0.0	0.0	0.0	0.0	0.0	0.0	0.0	0.0	0.0	0.0	0.0	0.0	0.0	0.0	0.0	0.0	0.0	0.0	0.0	0.0	0.0	0.0	0.0	0.0	0.0	0.0	0.0	0.0	0.0	0.0	0.0	0.0	0.0	0.0
126_TASK04_CON66_10.0_pos	pos	10.0	0.0	0.0	0.0	0.0	0.0	0.0	0.0	0.0	0.0	0.0	0.0	0.0	0.0	0.0	0.0	0.0	0.0	0.0	0.0	0.0	0.0	0.0	0.0	0.0	0.0	0.0	0.0	0.0	0.0	0.0	0.0	0.0	0.0	0.0	0.0	0.0	0.0	0.0	0.0	0.0	0.0	0.0	0.0	0.0	0.0	0.0	0.0
126_TASK04_CON66_11.0_posneg	posneg	11.0	0.0	0.0	0.0	0.0	0.0	0.0	0.0	0.0	0.0	0.0	0.0	0.0	0.0	0.0	0.0	0.0	0.0	0.0	0.0	0.0	0.0	0.0	0.0	0.0	0.0	0.0	0.0	0.0	0.0	0.0	0.0	0.0	0.0	0.0	0.0	0.0	0.0	0.0	0.0	0.0	0.0	0.0	0.0	0.0	0.0	0.0	0.0
126_TASK04_CON66_11.0_pos	pos	11.0	0.0	0.0	0.0	0.0	0.0	0.0	0.0	0.0	0.0	0.0	0.0	0.0	0.0	0.0	0.0	0.0	0.0	0.0	0.0	0.0	0.0	0.0	0.0	0.0	0.0	0.0	0.0	0.0	0.0	0.0	0.0	0.0	0.0	0.0	0.0	0.0	0.0	0.0	0.0	0.0	0.0	0.0	0.0	0.0	0.0	0.0	0.0
126_TASK04_CON66_12.0_posneg	posneg	12.0	0.0	0.0	0.0	0.0	0.0	0.0	0.0	0.0	0.0	0.0	0.0	0.0	0.0	0.0	0.0	0.0	0.0	0.0	0.0	0.0	0.0	0.0	0.0	0.0	0.0	0.0	0.0	0.0	0.0	0.0	0.0	0.0	0.0	0.0	0.0	0.0	0.0	0.0	0.0	0.0	0.0	0.0	0.0	0.0	0.0	0.0	0.0
126_TASK04_CON66_12.0_pos	pos	12.0	0.0	0.0	0.0	0.0	0.0	0.0	0.0	0.0	0.0	0.0	0.0	0.0	0.0	0.0	0.0	0.0	0.0	0.0	0.0	0.0	0.0	0.0	0.0	0.0	0.0	0.0	0.0	0.0	0.0	0.0	0.0	0.0	0.0	0.0	0.0	0.0	0.0	0.0	0.0	0.0	0.0	0.0	0.0	0.0	0.0	0.0	0.0
126_TASK04_CON66_13.0_posneg	posneg	13.0	0.0	0.0	0.0	0.0	0.0	0.0	0.0	0.0	0.0	0.0	0.0	0.0	0.0	0.0	0.0	0.0	0.0	0.0	0.0	0.0	0.0	0.0	0.0	0.0	0.0	0.0	0.0	0.0	0.0	0.0	0.0	0.0	0.0	0.0	0.0	0.0	0.0	0.0	0.0	0.0	0.0	0.0	0.0	0.0	0.0	0.0	0.0
126_TASK04_CON66_13.0_pos	pos	13.0	0.0	0.0	0.0	0.0	0.0	0.0	0.0	0.0	0.0	0.0	0.0	0.0	0.0	0.0	0.0	0.0	0.0	0.0	0.0	0.0	0.0	0.0	0.0	0.0	0.0	0.0	0.0	0.0	0.0	0.0	0.0	0.0	0.0	0.0	0.0	0.0	0.0	0.0	0.0	0.0	0.0	0.0	0.0	0.0	0.0	0.0	0.0
126_TASK04_CON67_0.0_posneg	posneg	0.0	228380.0	228380.0	228380.0	228380.0	228380.0	228380.0	228380.0	228380.0	228380.0	228380.0	228380.0	228380.0	228380.0	228380.0	228380.0	228380.0	228380.0	228380.0	228380.0	228380.0	228380.0	228380.0	228380.0	228380.0	228380.0	228380.0	228380.0	228380.0	228380.0	228380.0	228380.0	228380.0	228380.0	228380.0	228380.0	228380.0	228380.0	228380.0	228380.0	228380.0	228380.0	228380.0	228380.0	228380.0	228380.0	228380.0	228380.0
126_TASK04_CON67_0.0_pos	pos	0.0	228314.0	228314.0	228314.0	228314.0	228314.0	228314.0	228314.0	228314.0	228314.0	228314.0	228314.0	228314.0	228314.0	228314.0	228314.0	228314.0	228314.0	228314.0	228314.0	228314.0	228314.0	228314.0	228314.0	228314.0	228314.0	228314.0	228314.0	228314.0	228314.0	228314.0	228314.0	228314.0	228314.0	228314.0	228314.0	228314.0	228314.0	228314.0	228314.0	228314.0	228314.0	228314.0	228314.0	228314.0	228314.0	228314.0	228314.0
126_TASK04_CON67_1.0_posneg	posneg	1.0	228279.0	228279.0	228279.0	228279.0	228279.0	228279.0	228279.0	228279.0	228279.0	228279.0	228279.0	228279.0	228279.0	228279.0	228279.0	228279.0	228279.0	228279.0	228279.0	228279.0	228279.0	228279.0	228279.0	228279.0	228279.0	228279.0	228279.0	228279.0	228279.0	228279.0	228279.0	228279.0	228279.0	228279.0	228279.0	228279.0	228279.0	228279.0	228279.0	228279.0	228279.0	228279.0	228279.0	228279.0	228279.0	228279.0	228279.0
126_TASK04_CON67_1.0_pos	pos	1.0	228265.0	228265.0	228265.0	228265.0	228265.0	228265.0	228265.0	228265.0	228265.0	228265.0	228265.0	228265.0	228265.0	228265.0	228265.0	228265.0	228265.0	228265.0	228265.0	228265.0	228265.0	228265.0	228265.0	228265.0	228265.0	228265.0	228265.0	228265.0	228265.0	228265.0	228265.0	228265.0	228265.0	228265.0	228265.0	228265.0	228265.0	228265.0	228265.0	228265.0	228265.0	228265.0	228265.0	228265.0	228265.0	228265.0	228265.0
126_TASK04_CON67_2.0_posneg	posneg	2.0	228241.0	228241.0	228241.0	228241.0	228241.0	228241.0	228241.0	228241.0	228241.0	228241.0	228241.0	228241.0	228241.0	228241.0	228241.0	228241.0	228241.0	228241.0	228241.0	228241.0	228241.0	228241.0	228241.0	228241.0	228241.0	228241.0	228241.0	228241.0	228241.0	228241.0	228241.0	228241.0	228241.0	228241.0	228241.0	228241.0	228241.0	228241.0	228241.0	228241.0	228241.0	228241.0	228241.0	228241.0	228241.0	228241.0	228241.0
126_TASK04_CON67_2.0_pos	pos	2.0	228241.0	228241.0	228241.0	228241.0	228241.0	228241.0	228241.0	228241.0	228241.0	228241.0	228241.0	228241.0	228241.0	228241.0	228241.0	228241.0	228241.0	228241.0	228241.0	228241.0	228241.0	228241.0	228241.0	228241.0	228241.0	228241.0	228241.0	228241.0	228241.0	228241.0	228241.0	228241.0	228241.0	228241.0	228241.0	228241.0	228241.0	228241.0	228241.0	228241.0	228241.0	228241.0	228241.0	228241.0	228241.0	228241.0	228241.0
126_TASK04_CON67_3.0_posneg	posneg	3.0	228241.0	228241.0	228241.0	228241.0	228241.0	228241.0	228241.0	228241.0	228241.0	228241.0	228241.0	228241.0	228241.0	228241.0	228241.0	228241.0	228241.0	228241.0	228241.0	228241.0	228241.0	228241.0	228241.0	228241.0	228241.0	228241.0	228241.0	228241.0	228241.0	228241.0	228241.0	228241.0	228241.0	228241.0	228241.0	228241.0	228241.0	228241.0	228241.0	228241.0	228241.0	228241.0	228241.0	228241.0	228241.0	228241.0	228241.0
126_TASK04_CON67_3.0_pos	pos	3.0	228241.0	228241.0	228241.0	228241.0	228241.0	228241.0	228241.0	228241.0	228241.0	228241.0	228241.0	228241.0	228241.0	228241.0	228241.0	228241.0	228241.0	228241.0	228241.0	228241.0	228241.0	228241.0	228241.0	228241.0	228241.0	228241.0	228241.0	228241.0	228241.0	228241.0	228241.0	228241.0	228241.0	228241.0	228241.0	228241.0	228241.0	228241.0	228241.0	228241.0	228241.0	228241.0	228241.0	228241.0	228241.0	228241.0	228241.0
126_TASK04_CON67_4.0_posneg	posneg	4.0	228241.0	228241.0	228241.0	228241.0	228241.0	228241.0	228241.0	228241.0	228241.0	228241.0	228241.0	228241.0	228241.0	228241.0	228241.0	228241.0	228241.0	228241.0	228241.0	228241.0	228241.0	228241.0	228241.0	228241.0	228241.0	228241.0	228241.0	228241.0	228241.0	228241.0	228241.0	228241.0	228241.0	228241.0	228241.0	228241.0	228241.0	228241.0	228241.0	228241.0	228241.0	228241.0	228241.0	228241.0	228241.0	228241.0	228241.0
126_TASK04_CON67_4.0_pos	pos	4.0	228241.0	228241.0	228241.0	228241.0	228241.0	228241.0	228241.0	228241.0	228241.0	228241.0	228241.0	228241.0	228241.0	228241.0	228241.0	228241.0	228241.0	228241.0	228241.0	228241.0	228241.0	228241.0	228241.0	228241.0	228241.0	228241.0	228241.0	228241.0	228241.0	228241.0	228241.0	228241.0	228241.0	228241.0	228241.0	228241.0	228241.0	228241.0	228241.0	228241.0	228241.0	228241.0	228241.0	228241.0	228241.0	228241.0	228241.0
126_TASK04_CON67_5.0_posneg	posneg	5.0	228241.0	228241.0	228241.0	228241.0	228241.0	228241.0	228241.0	228241.0	228241.0	228241.0	228241.0	228241.0	228241.0	228241.0	228241.0	228241.0	228241.0	228241.0	228241.0	228241.0	228241.0	228241.0	228241.0	228241.0	228241.0	228241.0	228241.0	228241.0	228241.0	228241.0	228241.0	228241.0	228241.0	228241.0	228241.0	228241.0	228241.0	228241.0	228241.0	228241.0	228241.0	228241.0	228241.0	228241.0	228241.0	228241.0	228241.0
126_TASK04_CON67_5.0_pos	pos	5.0	228241.0	228241.0	228241.0	228241.0	228241.0	228241.0	228241.0	228241.0	228241.0	228241.0	228241.0	228241.0	228241.0	228241.0	228241.0	228241.0	228241.0	228241.0	228241.0	228241.0	228241.0	228241.0	228241.0	228241.0	228241.0	228241.0	228241.0	228241.0	228241.0	228241.0	228241.0	228241.0	228241.0	228241.0	228241.0	228241.0	228241.0	228241.0	228241.0	228241.0	228241.0	228241.0	228241.0	228241.0	228241.0	228241.0	228241.0
126_TASK04_CON67_6.0_posneg	posneg	6.0	228241.0	228241.0	228241.0	228241.0	228241.0	228241.0	228241.0	228241.0	228241.0	228241.0	228241.0	228241.0	228241.0	228241.0	228241.0	228241.0	228241.0	228241.0	228241.0	228241.0	228241.0	228241.0	228241.0	228241.0	228241.0	228241.0	228241.0	228241.0	228241.0	228241.0	228241.0	228241.0	228241.0	228241.0	228241.0	228241.0	228241.0	228241.0	228241.0	228241.0	228241.0	228241.0	228241.0	228241.0	228241.0	228241.0	228241.0
126_TASK04_CON67_6.0_pos	pos	6.0	228241.0	228241.0	228241.0	228241.0	228241.0	228241.0	228241.0	228241.0	228241.0	228241.0	228241.0	228241.0	228241.0	228241.0	228241.0	228241.0	228241.0	228241.0	228241.0	228241.0	228241.0	228241.0	228241.0	228241.0	228241.0	228241.0	228241.0	228241.0	228241.0	228241.0	228241.0	228241.0	228241.0	228241.0	228241.0	228241.0	228241.0	228241.0	228241.0	228241.0	228241.0	228241.0	228241.0	228241.0	228241.0	228241.0	228241.0
126_TASK04_CON67_7.0_posneg	posneg	7.0	228241.0	228241.0	228241.0	228241.0	228241.0	228241.0	228241.0	228241.0	228241.0	228241.0	228241.0	228241.0	228241.0	228241.0	228241.0	228241.0	228241.0	228241.0	228241.0	228241.0	228241.0	228241.0	228241.0	228241.0	228241.0	228241.0	228241.0	228241.0	228241.0	228241.0	228241.0	228241.0	228241.0	228241.0	228241.0	228241.0	228241.0	228241.0	228241.0	228241.0	228241.0	228241.0	228241.0	228241.0	228241.0	228241.0	228241.0
126_TASK04_CON67_7.0_pos	pos	7.0	228241.0	228241.0	228241.0	228241.0	228241.0	228241.0	228241.0	228241.0	228241.0	228241.0	228241.0	228241.0	228241.0	228241.0	228241.0	228241.0	228241.0	228241.0	228241.0	228241.0	228241.0	228241.0	228241.0	228241.0	228241.0	228241.0	228241.0	228241.0	228241.0	228241.0	228241.0	228241.0	228241.0	228241.0	228241.0	228241.0	228241.0	228241.0	228241.0	228241.0	228241.0	228241.0	228241.0	228241.0	228241.0	228241.0	228241.0
126_TASK04_CON67_8.0_posneg	posneg	8.0	228241.0	228241.0	228241.0	228241.0	228241.0	228241.0	228241.0	228241.0	228241.0	228241.0	228241.0	228241.0	228241.0	228241.0	228241.0	228241.0	228241.0	228241.0	228241.0	228241.0	228241.0	228241.0	228241.0	228241.0	228241.0	228241.0	228241.0	228241.0	228241.0	228241.0	228241.0	228241.0	228241.0	228241.0	228241.0	228241.0	228241.0	228241.0	228241.0	228241.0	228241.0	228241.0	228241.0	228241.0	228241.0	228241.0	228241.0
126_TASK04_CON67_8.0_pos	pos	8.0	228241.0	228241.0	228241.0	228241.0	228241.0	228241.0	228241.0	228241.0	228241.0	228241.0	228241.0	228241.0	228241.0	228241.0	228241.0	228241.0	228241.0	228241.0	228241.0	228241.0	228241.0	228241.0	228241.0	228241.0	228241.0	228241.0	228241.0	228241.0	228241.0	228241.0	228241.0	228241.0	228241.0	228241.0	228241.0	228241.0	228241.0	228241.0	228241.0	228241.0	228241.0	228241.0	228241.0	228241.0	228241.0	228241.0	228241.0
126_TASK04_CON67_9.0_posneg	posneg	9.0	0.0	0.0	0.0	0.0	0.0	0.0	0.0	0.0	0.0	0.0	0.0	0.0	0.0	0.0	0.0	0.0	0.0	0.0	0.0	0.0	0.0	0.0	0.0	0.0	0.0	0.0	0.0	0.0	0.0	0.0	0.0	0.0	0.0	0.0	0.0	0.0	0.0	0.0	0.0	0.0	0.0	0.0	0.0	0.0	0.0	0.0	0.0
126_TASK04_CON67_9.0_pos	pos	9.0	0.0	0.0	0.0	0.0	0.0	0.0	0.0	0.0	0.0	0.0	0.0	0.0	0.0	0.0	0.0	0.0	0.0	0.0	0.0	0.0	0.0	0.0	0.0	0.0	0.0	0.0	0.0	0.0	0.0	0.0	0.0	0.0	0.0	0.0	0.0	0.0	0.0	0.0	0.0	0.0	0.0	0.0	0.0	0.0	0.0	0.0	0.0
126_TASK04_CON67_10.0_posneg	posneg	10.0	0.0	0.0	0.0	0.0	0.0	0.0	0.0	0.0	0.0	0.0	0.0	0.0	0.0	0.0	0.0	0.0	0.0	0.0	0.0	0.0	0.0	0.0	0.0	0.0	0.0	0.0	0.0	0.0	0.0	0.0	0.0	0.0	0.0	0.0	0.0	0.0	0.0	0.0	0.0	0.0	0.0	0.0	0.0	0.0	0.0	0.0	0.0
126_TASK04_CON67_10.0_pos	pos	10.0	0.0	0.0	0.0	0.0	0.0	0.0	0.0	0.0	0.0	0.0	0.0	0.0	0.0	0.0	0.0	0.0	0.0	0.0	0.0	0.0	0.0	0.0	0.0	0.0	0.0	0.0	0.0	0.0	0.0	0.0	0.0	0.0	0.0	0.0	0.0	0.0	0.0	0.0	0.0	0.0	0.0	0.0	0.0	0.0	0.0	0.0	0.0
126_TASK04_CON67_11.0_posneg	posneg	11.0	0.0	0.0	0.0	0.0	0.0	0.0	0.0	0.0	0.0	0.0	0.0	0.0	0.0	0.0	0.0	0.0	0.0	0.0	0.0	0.0	0.0	0.0	0.0	0.0	0.0	0.0	0.0	0.0	0.0	0.0	0.0	0.0	0.0	0.0	0.0	0.0	0.0	0.0	0.0	0.0	0.0	0.0	0.0	0.0	0.0	0.0	0.0
126_TASK04_CON67_11.0_pos	pos	11.0	0.0	0.0	0.0	0.0	0.0	0.0	0.0	0.0	0.0	0.0	0.0	0.0	0.0	0.0	0.0	0.0	0.0	0.0	0.0	0.0	0.0	0.0	0.0	0.0	0.0	0.0	0.0	0.0	0.0	0.0	0.0	0.0	0.0	0.0	0.0	0.0	0.0	0.0	0.0	0.0	0.0	0.0	0.0	0.0	0.0	0.0	0.0
126_TASK04_CON67_12.0_posneg	posneg	12.0	0.0	0.0	0.0	0.0	0.0	0.0	0.0	0.0	0.0	0.0	0.0	0.0	0.0	0.0	0.0	0.0	0.0	0.0	0.0	0.0	0.0	0.0	0.0	0.0	0.0	0.0	0.0	0.0	0.0	0.0	0.0	0.0	0.0	0.0	0.0	0.0	0.0	0.0	0.0	0.0	0.0	0.0	0.0	0.0	0.0	0.0	0.0
126_TASK04_CON67_12.0_pos	pos	12.0	0.0	0.0	0.0	0.0	0.0	0.0	0.0	0.0	0.0	0.0	0.0	0.0	0.0	0.0	0.0	0.0	0.0	0.0	0.0	0.0	0.0	0.0	0.0	0.0	0.0	0.0	0.0	0.0	0.0	0.0	0.0	0.0	0.0	0.0	0.0	0.0	0.0	0.0	0.0	0.0	0.0	0.0	0.0	0.0	0.0	0.0	0.0
126_TASK04_CON67_13.0_posneg	posneg	13.0	0.0	0.0	0.0	0.0	0.0	0.0	0.0	0.0	0.0	0.0	0.0	0.0	0.0	0.0	0.0	0.0	0.0	0.0	0.0	0.0	0.0	0.0	0.0	0.0	0.0	0.0	0.0	0.0	0.0	0.0	0.0	0.0	0.0	0.0	0.0	0.0	0.0	0.0	0.0	0.0	0.0	0.0	0.0	0.0	0.0	0.0	0.0
126_TASK04_CON67_13.0_pos	pos	13.0	0.0	0.0	0.0	0.0	0.0	0.0	0.0	0.0	0.0	0.0	0.0	0.0	0.0	0.0	0.0	0.0	0.0	0.0	0.0	0.0	0.0	0.0	0.0	0.0	0.0	0.0	0.0	0.0	0.0	0.0	0.0	0.0	0.0	0.0	0.0	0.0	0.0	0.0	0.0	0.0	0.0	0.0	0.0	0.0	0.0	0.0	0.0
126_TASK04_CON68_0.0_posneg	posneg	0.0	228380.0	228380.0	228380.0	228380.0	228380.0	228380.0	228380.0	228380.0	228380.0	228380.0	228380.0	228380.0	228380.0	228380.0	228380.0	228380.0	228380.0	228380.0	228380.0	228380.0	228380.0	228380.0	228380.0	228380.0	228380.0	228380.0	228380.0	228380.0	228380.0	228380.0	228380.0	228380.0	228380.0	228380.0	228380.0	228380.0	228380.0	228380.0	228380.0	228380.0	228380.0	228380.0	228380.0	228380.0	228380.0	228380.0	228380.0
126_TASK04_CON68_0.0_pos	pos	0.0	228314.0	228314.0	228314.0	228314.0	228314.0	228314.0	228314.0	228314.0	228314.0	228314.0	228314.0	228314.0	228314.0	228314.0	228314.0	228314.0	228314.0	228314.0	228314.0	228314.0	228314.0	228314.0	228314.0	228314.0	228314.0	228314.0	228314.0	228314.0	228314.0	228314.0	228314.0	228314.0	228314.0	228314.0	228314.0	228314.0	228314.0	228314.0	228314.0	228314.0	228314.0	228314.0	228314.0	228314.0	228314.0	228314.0	228314.0
126_TASK04_CON68_1.0_posneg	posneg	1.0	228277.0	228277.0	228277.0	228277.0	228277.0	228277.0	228277.0	228277.0	228277.0	228277.0	228277.0	228277.0	228277.0	228277.0	228277.0	228277.0	228277.0	228277.0	228277.0	228277.0	228277.0	228277.0	228277.0	228277.0	228277.0	228277.0	228277.0	228277.0	228277.0	228277.0	228277.0	228277.0	228277.0	228277.0	228277.0	228277.0	228277.0	228277.0	228277.0	228277.0	228277.0	228277.0	228277.0	228277.0	228277.0	228277.0	228277.0
126_TASK04_CON68_1.0_pos	pos	1.0	228260.0	228260.0	228260.0	228260.0	228260.0	228260.0	228260.0	228260.0	228260.0	228260.0	228260.0	228260.0	228260.0	228260.0	228260.0	228260.0	228260.0	228260.0	228260.0	228260.0	228260.0	228260.0	228260.0	228260.0	228260.0	228260.0	228260.0	228260.0	228260.0	228260.0	228260.0	228260.0	228260.0	228260.0	228260.0	228260.0	228260.0	228260.0	228260.0	228260.0	228260.0	228260.0	228260.0	228260.0	228260.0	228260.0	228260.0
126_TASK04_CON68_2.0_posneg	posneg	2.0	228241.0	228241.0	228241.0	228241.0	228241.0	228241.0	228241.0	228241.0	228241.0	228241.0	228241.0	228241.0	228241.0	228241.0	228241.0	228241.0	228241.0	228241.0	228241.0	228241.0	228241.0	228241.0	228241.0	228241.0	228241.0	228241.0	228241.0	228241.0	228241.0	228241.0	228241.0	228241.0	228241.0	228241.0	228241.0	228241.0	228241.0	228241.0	228241.0	228241.0	228241.0	228241.0	228241.0	228241.0	228241.0	228241.0	228241.0
126_TASK04_CON68_2.0_pos	pos	2.0	228241.0	228241.0	228241.0	228241.0	228241.0	228241.0	228241.0	228241.0	228241.0	228241.0	228241.0	228241.0	228241.0	228241.0	228241.0	228241.0	228241.0	228241.0	228241.0	228241.0	228241.0	228241.0	228241.0	228241.0	228241.0	228241.0	228241.0	228241.0	228241.0	228241.0	228241.0	228241.0	228241.0	228241.0	228241.0	228241.0	228241.0	228241.0	228241.0	228241.0	228241.0	228241.0	228241.0	228241.0	228241.0	228241.0	228241.0
126_TASK04_CON68_3.0_posneg	posneg	3.0	228241.0	228241.0	228241.0	228241.0	228241.0	228241.0	228241.0	228241.0	228241.0	228241.0	228241.0	228241.0	228241.0	228241.0	228241.0	228241.0	228241.0	228241.0	228241.0	228241.0	228241.0	228241.0	228241.0	228241.0	228241.0	228241.0	228241.0	228241.0	228241.0	228241.0	228241.0	228241.0	228241.0	228241.0	228241.0	228241.0	228241.0	228241.0	228241.0	228241.0	228241.0	228241.0	228241.0	228241.0	228241.0	228241.0	228241.0
126_TASK04_CON68_3.0_pos	pos	3.0	228241.0	228241.0	228241.0	228241.0	228241.0	228241.0	228241.0	228241.0	228241.0	228241.0	228241.0	228241.0	228241.0	228241.0	228241.0	228241.0	228241.0	228241.0	228241.0	228241.0	228241.0	228241.0	228241.0	228241.0	228241.0	228241.0	228241.0	228241.0	228241.0	228241.0	228241.0	228241.0	228241.0	228241.0	228241.0	228241.0	228241.0	228241.0	228241.0	228241.0	228241.0	228241.0	228241.0	228241.0	228241.0	228241.0	228241.0
126_TASK04_CON68_4.0_posneg	posneg	4.0	228241.0	228241.0	228241.0	228241.0	228241.0	228241.0	228241.0	228241.0	228241.0	228241.0	228241.0	228241.0	228241.0	228241.0	228241.0	228241.0	228241.0	228241.0	228241.0	228241.0	228241.0	228241.0	228241.0	228241.0	228241.0	228241.0	228241.0	228241.0	228241.0	228241.0	228241.0	228241.0	228241.0	228241.0	228241.0	228241.0	228241.0	228241.0	228241.0	228241.0	228241.0	228241.0	228241.0	228241.0	228241.0	228241.0	228241.0
126_TASK04_CON68_4.0_pos	pos	4.0	228241.0	228241.0	228241.0	228241.0	228241.0	228241.0	228241.0	228241.0	228241.0	228241.0	228241.0	228241.0	228241.0	228241.0	228241.0	228241.0	228241.0	228241.0	228241.0	228241.0	228241.0	228241.0	228241.0	228241.0	228241.0	228241.0	228241.0	228241.0	228241.0	228241.0	228241.0	228241.0	228241.0	228241.0	228241.0	228241.0	228241.0	228241.0	228241.0	228241.0	228241.0	228241.0	228241.0	228241.0	228241.0	228241.0	228241.0
126_TASK04_CON68_5.0_posneg	posneg	5.0	228241.0	228241.0	228241.0	228241.0	228241.0	228241.0	228241.0	228241.0	228241.0	228241.0	228241.0	228241.0	228241.0	228241.0	228241.0	228241.0	228241.0	228241.0	228241.0	228241.0	228241.0	228241.0	228241.0	228241.0	228241.0	228241.0	228241.0	228241.0	228241.0	228241.0	228241.0	228241.0	228241.0	228241.0	228241.0	228241.0	228241.0	228241.0	228241.0	228241.0	228241.0	228241.0	228241.0	228241.0	228241.0	228241.0	228241.0
126_TASK04_CON68_5.0_pos	pos	5.0	228241.0	228241.0	228241.0	228241.0	228241.0	228241.0	228241.0	228241.0	228241.0	228241.0	228241.0	228241.0	228241.0	228241.0	228241.0	228241.0	228241.0	228241.0	228241.0	228241.0	228241.0	228241.0	228241.0	228241.0	228241.0	228241.0	228241.0	228241.0	228241.0	228241.0	228241.0	228241.0	228241.0	228241.0	228241.0	228241.0	228241.0	228241.0	228241.0	228241.0	228241.0	228241.0	228241.0	228241.0	228241.0	228241.0	228241.0
126_TASK04_CON68_6.0_posneg	posneg	6.0	228241.0	228241.0	228241.0	228241.0	228241.0	228241.0	228241.0	228241.0	228241.0	228241.0	228241.0	228241.0	228241.0	228241.0	228241.0	228241.0	228241.0	228241.0	228241.0	228241.0	228241.0	228241.0	228241.0	228241.0	228241.0	228241.0	228241.0	228241.0	228241.0	228241.0	228241.0	228241.0	228241.0	228241.0	228241.0	228241.0	228241.0	228241.0	228241.0	228241.0	228241.0	228241.0	228241.0	228241.0	228241.0	228241.0	228241.0
126_TASK04_CON68_6.0_pos	pos	6.0	228241.0	228241.0	228241.0	228241.0	228241.0	228241.0	228241.0	228241.0	228241.0	228241.0	228241.0	228241.0	228241.0	228241.0	228241.0	228241.0	228241.0	228241.0	228241.0	228241.0	228241.0	228241.0	228241.0	228241.0	228241.0	228241.0	228241.0	228241.0	228241.0	228241.0	228241.0	228241.0	228241.0	228241.0	228241.0	228241.0	228241.0	228241.0	228241.0	228241.0	228241.0	228241.0	228241.0	228241.0	228241.0	228241.0	228241.0
126_TASK04_CON68_7.0_posneg	posneg	7.0	228241.0	228241.0	228241.0	228241.0	228241.0	228241.0	228241.0	228241.0	228241.0	228241.0	228241.0	228241.0	228241.0	228241.0	228241.0	228241.0	228241.0	228241.0	228241.0	228241.0	228241.0	228241.0	228241.0	228241.0	228241.0	228241.0	228241.0	228241.0	228241.0	228241.0	228241.0	228241.0	228241.0	228241.0	228241.0	228241.0	228241.0	228241.0	228241.0	228241.0	228241.0	228241.0	228241.0	228241.0	228241.0	228241.0	228241.0
126_TASK04_CON68_7.0_pos	pos	7.0	228241.0	228241.0	228241.0	228241.0	228241.0	228241.0	228241.0	228241.0	228241.0	228241.0	228241.0	228241.0	228241.0	228241.0	228241.0	228241.0	228241.0	228241.0	228241.0	228241.0	228241.0	228241.0	228241.0	228241.0	228241.0	228241.0	228241.0	228241.0	228241.0	228241.0	228241.0	228241.0	228241.0	228241.0	228241.0	228241.0	228241.0	228241.0	228241.0	228241.0	228241.0	228241.0	228241.0	228241.0	228241.0	228241.0	228241.0
126_TASK04_CON68_8.0_posneg	posneg	8.0	228241.0	228241.0	228241.0	228241.0	228241.0	228241.0	228241.0	228241.0	228241.0	228241.0	228241.0	228241.0	228241.0	228241.0	228241.0	228241.0	228241.0	228241.0	228241.0	228241.0	228241.0	228241.0	228241.0	228241.0	228241.0	228241.0	228241.0	228241.0	228241.0	228241.0	228241.0	228241.0	228241.0	228241.0	228241.0	228241.0	228241.0	228241.0	228241.0	228241.0	228241.0	228241.0	228241.0	228241.0	228241.0	228241.0	228241.0
126_TASK04_CON68_8.0_pos	pos	8.0	228241.0	228241.0	228241.0	228241.0	228241.0	228241.0	228241.0	228241.0	228241.0	228241.0	228241.0	228241.0	228241.0	228241.0	228241.0	228241.0	228241.0	228241.0	228241.0	228241.0	228241.0	228241.0	228241.0	228241.0	228241.0	228241.0	228241.0	228241.0	228241.0	228241.0	228241.0	228241.0	228241.0	228241.0	228241.0	228241.0	228241.0	228241.0	228241.0	228241.0	228241.0	228241.0	228241.0	228241.0	228241.0	228241.0	228241.0
126_TASK04_CON68_9.0_posneg	posneg	9.0	228241.0	228241.0	228241.0	228241.0	228241.0	228241.0	228241.0	228241.0	228241.0	228241.0	228241.0	228241.0	228241.0	228241.0	228241.0	228241.0	228241.0	228241.0	228241.0	228241.0	228241.0	228241.0	228241.0	228241.0	228241.0	228241.0	228241.0	228241.0	228241.0	228241.0	228241.0	228241.0	228241.0	228241.0	228241.0	228241.0	228241.0	228241.0	228241.0	228241.0	228241.0	228241.0	228241.0	228241.0	228241.0	228241.0	228241.0
126_TASK04_CON68_9.0_pos	pos	9.0	228241.0	228241.0	228241.0	228241.0	228241.0	228241.0	228241.0	228241.0	228241.0	228241.0	228241.0	228241.0	228241.0	228241.0	228241.0	228241.0	228241.0	228241.0	228241.0	228241.0	228241.0	228241.0	228241.0	228241.0	228241.0	228241.0	228241.0	228241.0	228241.0	228241.0	228241.0	228241.0	228241.0	228241.0	228241.0	228241.0	228241.0	228241.0	228241.0	228241.0	228241.0	228241.0	228241.0	228241.0	228241.0	228241.0	228241.0
126_TASK04_CON68_10.0_posneg	posneg	10.0	0.0	0.0	0.0	0.0	0.0	0.0	0.0	0.0	0.0	0.0	0.0	0.0	0.0	0.0	0.0	0.0	0.0	0.0	0.0	0.0	0.0	0.0	0.0	0.0	0.0	0.0	0.0	0.0	0.0	0.0	0.0	0.0	0.0	0.0	0.0	0.0	0.0	0.0	0.0	0.0	0.0	0.0	0.0	0.0	0.0	0.0	0.0
126_TASK04_CON68_10.0_pos	pos	10.0	0.0	0.0	0.0	0.0	0.0	0.0	0.0	0.0	0.0	0.0	0.0	0.0	0.0	0.0	0.0	0.0	0.0	0.0	0.0	0.0	0.0	0.0	0.0	0.0	0.0	0.0	0.0	0.0	0.0	0.0	0.0	0.0	0.0	0.0	0.0	0.0	0.0	0.0	0.0	0.0	0.0	0.0	0.0	0.0	0.0	0.0	0.0
126_TASK04_CON68_11.0_posneg	posneg	11.0	0.0	0.0	0.0	0.0	0.0	0.0	0.0	0.0	0.0	0.0	0.0	0.0	0.0	0.0	0.0	0.0	0.0	0.0	0.0	0.0	0.0	0.0	0.0	0.0	0.0	0.0	0.0	0.0	0.0	0.0	0.0	0.0	0.0	0.0	0.0	0.0	0.0	0.0	0.0	0.0	0.0	0.0	0.0	0.0	0.0	0.0	0.0
126_TASK04_CON68_11.0_pos	pos	11.0	0.0	0.0	0.0	0.0	0.0	0.0	0.0	0.0	0.0	0.0	0.0	0.0	0.0	0.0	0.0	0.0	0.0	0.0	0.0	0.0	0.0	0.0	0.0	0.0	0.0	0.0	0.0	0.0	0.0	0.0	0.0	0.0	0.0	0.0	0.0	0.0	0.0	0.0	0.0	0.0	0.0	0.0	0.0	0.0	0.0	0.0	0.0
126_TASK04_CON68_12.0_posneg	posneg	12.0	0.0	0.0	0.0	0.0	0.0	0.0	0.0	0.0	0.0	0.0	0.0	0.0	0.0	0.0	0.0	0.0	0.0	0.0	0.0	0.0	0.0	0.0	0.0	0.0	0.0	0.0	0.0	0.0	0.0	0.0	0.0	0.0	0.0	0.0	0.0	0.0	0.0	0.0	0.0	0.0	0.0	0.0	0.0	0.0	0.0	0.0	0.0
126_TASK04_CON68_12.0_pos	pos	12.0	0.0	0.0	0.0	0.0	0.0	0.0	0.0	0.0	0.0	0.0	0.0	0.0	0.0	0.0	0.0	0.0	0.0	0.0	0.0	0.0	0.0	0.0	0.0	0.0	0.0	0.0	0.0	0.0	0.0	0.0	0.0	0.0	0.0	0.0	0.0	0.0	0.0	0.0	0.0	0.0	0.0	0.0	0.0	0.0	0.0	0.0	0.0
126_TASK04_CON68_13.0_posneg	posneg	13.0	0.0	0.0	0.0	0.0	0.0	0.0	0.0	0.0	0.0	0.0	0.0	0.0	0.0	0.0	0.0	0.0	0.0	0.0	0.0	0.0	0.0	0.0	0.0	0.0	0.0	0.0	0.0	0.0	0.0	0.0	0.0	0.0	0.0	0.0	0.0	0.0	0.0	0.0	0.0	0.0	0.0	0.0	0.0	0.0	0.0	0.0	0.0
126_TASK04_CON68_13.0_pos	pos	13.0	0.0	0.0	0.0	0.0	0.0	0.0	0.0	0.0	0.0	0.0	0.0	0.0	0.0	0.0	0.0	0.0	0.0	0.0	0.0	0.0	0.0	0.0	0.0	0.0	0.0	0.0	0.0	0.0	0.0	0.0	0.0	0.0	0.0	0.0	0.0	0.0	0.0	0.0	0.0	0.0	0.0	0.0	0.0	0.0	0.0	0.0	0.0
126_TASK04_CON69_0.0_posneg	posneg	0.0	228380.0	228380.0	228380.0	228380.0	228380.0	228380.0	228380.0	228380.0	228380.0	228380.0	228380.0	228380.0	228380.0	228380.0	228380.0	228380.0	228380.0	228380.0	228380.0	228380.0	228380.0	228380.0	228380.0	228380.0	228380.0	228380.0	228380.0	228380.0	228380.0	228380.0	228380.0	228380.0	228380.0	228380.0	228380.0	228380.0	228380.0	228380.0	228380.0	228380.0	228380.0	228380.0	228380.0	228380.0	228380.0	228380.0	228380.0
126_TASK04_CON69_0.0_pos	pos	0.0	228312.0	228312.0	228312.0	228312.0	228312.0	228312.0	228312.0	228312.0	228312.0	228312.0	228312.0	228312.0	228312.0	228312.0	228312.0	228312.0	228312.0	228312.0	228312.0	228312.0	228312.0	228312.0	228312.0	228312.0	228312.0	228312.0	228312.0	228312.0	228312.0	228312.0	228312.0	228312.0	228312.0	228312.0	228312.0	228312.0	228312.0	228312.0	228312.0	228312.0	228312.0	228312.0	228312.0	228312.0	228312.0	228312.0	228312.0
126_TASK04_CON69_1.0_posneg	posneg	1.0	228267.0	228267.0	228267.0	228267.0	228267.0	228267.0	228267.0	228267.0	228267.0	228267.0	228267.0	228267.0	228267.0	228267.0	228267.0	228267.0	228267.0	228267.0	228267.0	228267.0	228267.0	228267.0	228267.0	228267.0	228267.0	228267.0	228267.0	228267.0	228267.0	228267.0	228267.0	228267.0	228267.0	228267.0	228267.0	228267.0	228267.0	228267.0	228267.0	228267.0	228267.0	228267.0	228267.0	228267.0	228267.0	228267.0	228267.0
126_TASK04_CON69_1.0_pos	pos	1.0	228256.0	228256.0	228256.0	228256.0	228256.0	228256.0	228256.0	228256.0	228256.0	228256.0	228256.0	228256.0	228256.0	228256.0	228256.0	228256.0	228256.0	228256.0	228256.0	228256.0	228256.0	228256.0	228256.0	228256.0	228256.0	228256.0	228256.0	228256.0	228256.0	228256.0	228256.0	228256.0	228256.0	228256.0	228256.0	228256.0	228256.0	228256.0	228256.0	228256.0	228256.0	228256.0	228256.0	228256.0	228256.0	228256.0	228256.0
126_TASK04_CON69_2.0_posneg	posneg	2.0	228241.0	228241.0	228241.0	228241.0	228241.0	228241.0	228241.0	228241.0	228241.0	228241.0	228241.0	228241.0	228241.0	228241.0	228241.0	228241.0	228241.0	228241.0	228241.0	228241.0	228241.0	228241.0	228241.0	228241.0	228241.0	228241.0	228241.0	228241.0	228241.0	228241.0	228241.0	228241.0	228241.0	228241.0	228241.0	228241.0	228241.0	228241.0	228241.0	228241.0	228241.0	228241.0	228241.0	228241.0	228241.0	228241.0	228241.0
126_TASK04_CON69_2.0_pos	pos	2.0	228241.0	228241.0	228241.0	228241.0	228241.0	228241.0	228241.0	228241.0	228241.0	228241.0	228241.0	228241.0	228241.0	228241.0	228241.0	228241.0	228241.0	228241.0	228241.0	228241.0	228241.0	228241.0	228241.0	228241.0	228241.0	228241.0	228241.0	228241.0	228241.0	228241.0	228241.0	228241.0	228241.0	228241.0	228241.0	228241.0	228241.0	228241.0	228241.0	228241.0	228241.0	228241.0	228241.0	228241.0	228241.0	228241.0	228241.0
126_TASK04_CON69_3.0_posneg	posneg	3.0	228241.0	228241.0	228241.0	228241.0	228241.0	228241.0	228241.0	228241.0	228241.0	228241.0	228241.0	228241.0	228241.0	228241.0	228241.0	228241.0	228241.0	228241.0	228241.0	228241.0	228241.0	228241.0	228241.0	228241.0	228241.0	228241.0	228241.0	228241.0	228241.0	228241.0	228241.0	228241.0	228241.0	228241.0	228241.0	228241.0	228241.0	228241.0	228241.0	228241.0	228241.0	228241.0	228241.0	228241.0	228241.0	228241.0	228241.0
126_TASK04_CON69_3.0_pos	pos	3.0	228241.0	228241.0	228241.0	228241.0	228241.0	228241.0	228241.0	228241.0	228241.0	228241.0	228241.0	228241.0	228241.0	228241.0	228241.0	228241.0	228241.0	228241.0	228241.0	228241.0	228241.0	228241.0	228241.0	228241.0	228241.0	228241.0	228241.0	228241.0	228241.0	228241.0	228241.0	228241.0	228241.0	228241.0	228241.0	228241.0	228241.0	228241.0	228241.0	228241.0	228241.0	228241.0	228241.0	228241.0	228241.0	228241.0	228241.0
126_TASK04_CON69_4.0_posneg	posneg	4.0	228241.0	228241.0	228241.0	228241.0	228241.0	228241.0	228241.0	228241.0	228241.0	228241.0	228241.0	228241.0	228241.0	228241.0	228241.0	228241.0	228241.0	228241.0	228241.0	228241.0	228241.0	228241.0	228241.0	228241.0	228241.0	228241.0	228241.0	228241.0	228241.0	228241.0	228241.0	228241.0	228241.0	228241.0	228241.0	228241.0	228241.0	228241.0	228241.0	228241.0	228241.0	228241.0	228241.0	228241.0	228241.0	228241.0	228241.0
126_TASK04_CON69_4.0_pos	pos	4.0	228241.0	228241.0	228241.0	228241.0	228241.0	228241.0	228241.0	228241.0	228241.0	228241.0	228241.0	228241.0	228241.0	228241.0	228241.0	228241.0	228241.0	228241.0	228241.0	228241.0	228241.0	228241.0	228241.0	228241.0	228241.0	228241.0	228241.0	228241.0	228241.0	228241.0	228241.0	228241.0	228241.0	228241.0	228241.0	228241.0	228241.0	228241.0	228241.0	228241.0	228241.0	228241.0	228241.0	228241.0	228241.0	228241.0	228241.0
126_TASK04_CON69_5.0_posneg	posneg	5.0	228241.0	228241.0	228241.0	228241.0	228241.0	228241.0	228241.0	228241.0	228241.0	228241.0	228241.0	228241.0	228241.0	228241.0	228241.0	228241.0	228241.0	228241.0	228241.0	228241.0	228241.0	228241.0	228241.0	228241.0	228241.0	228241.0	228241.0	228241.0	228241.0	228241.0	228241.0	228241.0	228241.0	228241.0	228241.0	228241.0	228241.0	228241.0	228241.0	228241.0	228241.0	228241.0	228241.0	228241.0	228241.0	228241.0	228241.0
126_TASK04_CON69_5.0_pos	pos	5.0	228241.0	228241.0	228241.0	228241.0	228241.0	228241.0	228241.0	228241.0	228241.0	228241.0	228241.0	228241.0	228241.0	228241.0	228241.0	228241.0	228241.0	228241.0	228241.0	228241.0	228241.0	228241.0	228241.0	228241.0	228241.0	228241.0	228241.0	228241.0	228241.0	228241.0	228241.0	228241.0	228241.0	228241.0	228241.0	228241.0	228241.0	228241.0	228241.0	228241.0	228241.0	228241.0	228241.0	228241.0	228241.0	228241.0	228241.0
126_TASK04_CON69_6.0_posneg	posneg	6.0	228241.0	228241.0	228241.0	228241.0	228241.0	228241.0	228241.0	228241.0	228241.0	228241.0	228241.0	228241.0	228241.0	228241.0	228241.0	228241.0	228241.0	228241.0	228241.0	228241.0	228241.0	228241.0	228241.0	228241.0	228241.0	228241.0	228241.0	228241.0	228241.0	228241.0	228241.0	228241.0	228241.0	228241.0	228241.0	228241.0	228241.0	228241.0	228241.0	228241.0	228241.0	228241.0	228241.0	228241.0	228241.0	228241.0	228241.0
126_TASK04_CON69_6.0_pos	pos	6.0	228241.0	228241.0	228241.0	228241.0	228241.0	228241.0	228241.0	228241.0	228241.0	228241.0	228241.0	228241.0	228241.0	228241.0	228241.0	228241.0	228241.0	228241.0	228241.0	228241.0	228241.0	228241.0	228241.0	228241.0	228241.0	228241.0	228241.0	228241.0	228241.0	228241.0	228241.0	228241.0	228241.0	228241.0	228241.0	228241.0	228241.0	228241.0	228241.0	228241.0	228241.0	228241.0	228241.0	228241.0	228241.0	228241.0	228241.0
126_TASK04_CON69_7.0_posneg	posneg	7.0	228241.0	228241.0	228241.0	228241.0	228241.0	228241.0	228241.0	228241.0	228241.0	228241.0	228241.0	228241.0	228241.0	228241.0	228241.0	228241.0	228241.0	228241.0	228241.0	228241.0	228241.0	228241.0	228241.0	228241.0	228241.0	228241.0	228241.0	228241.0	228241.0	228241.0	228241.0	228241.0	228241.0	228241.0	228241.0	228241.0	228241.0	228241.0	228241.0	228241.0	228241.0	228241.0	228241.0	228241.0	228241.0	228241.0	228241.0
126_TASK04_CON69_7.0_pos	pos	7.0	228241.0	228241.0	228241.0	228241.0	228241.0	228241.0	228241.0	228241.0	228241.0	228241.0	228241.0	228241.0	228241.0	228241.0	228241.0	228241.0	228241.0	228241.0	228241.0	228241.0	228241.0	228241.0	228241.0	228241.0	228241.0	228241.0	228241.0	228241.0	228241.0	228241.0	228241.0	228241.0	228241.0	228241.0	228241.0	228241.0	228241.0	228241.0	228241.0	228241.0	228241.0	228241.0	228241.0	228241.0	228241.0	228241.0	228241.0
126_TASK04_CON69_8.0_posneg	posneg	8.0	228241.0	228241.0	228241.0	228241.0	228241.0	228241.0	228241.0	228241.0	228241.0	228241.0	228241.0	228241.0	228241.0	228241.0	228241.0	228241.0	228241.0	228241.0	228241.0	228241.0	228241.0	228241.0	228241.0	228241.0	228241.0	228241.0	228241.0	228241.0	228241.0	228241.0	228241.0	228241.0	228241.0	228241.0	228241.0	228241.0	228241.0	228241.0	228241.0	228241.0	228241.0	228241.0	228241.0	228241.0	228241.0	228241.0	228241.0
126_TASK04_CON69_8.0_pos	pos	8.0	228241.0	228241.0	228241.0	228241.0	228241.0	228241.0	228241.0	228241.0	228241.0	228241.0	228241.0	228241.0	228241.0	228241.0	228241.0	228241.0	228241.0	228241.0	228241.0	228241.0	228241.0	228241.0	228241.0	228241.0	228241.0	228241.0	228241.0	228241.0	228241.0	228241.0	228241.0	228241.0	228241.0	228241.0	228241.0	228241.0	228241.0	228241.0	228241.0	228241.0	228241.0	228241.0	228241.0	228241.0	228241.0	228241.0	228241.0
126_TASK04_CON69_9.0_posneg	posneg	9.0	228241.0	228241.0	228241.0	228241.0	228241.0	228241.0	228241.0	228241.0	228241.0	228241.0	228241.0	228241.0	228241.0	228241.0	228241.0	228241.0	228241.0	228241.0	228241.0	228241.0	228241.0	228241.0	228241.0	228241.0	228241.0	228241.0	228241.0	228241.0	228241.0	228241.0	228241.0	228241.0	228241.0	228241.0	228241.0	228241.0	228241.0	228241.0	228241.0	228241.0	228241.0	228241.0	228241.0	228241.0	228241.0	228241.0	228241.0
126_TASK04_CON69_9.0_pos	pos	9.0	228241.0	228241.0	228241.0	228241.0	228241.0	228241.0	228241.0	228241.0	228241.0	228241.0	228241.0	228241.0	228241.0	228241.0	228241.0	228241.0	228241.0	228241.0	228241.0	228241.0	228241.0	228241.0	228241.0	228241.0	228241.0	228241.0	228241.0	228241.0	228241.0	228241.0	228241.0	228241.0	228241.0	228241.0	228241.0	228241.0	228241.0	228241.0	228241.0	228241.0	228241.0	228241.0	228241.0	228241.0	228241.0	228241.0	228241.0
126_TASK04_CON69_10.0_posneg	posneg	10.0	0.0	0.0	0.0	0.0	0.0	0.0	0.0	0.0	0.0	0.0	0.0	0.0	0.0	0.0	0.0	0.0	0.0	0.0	0.0	0.0	0.0	0.0	0.0	0.0	0.0	0.0	0.0	0.0	0.0	0.0	0.0	0.0	0.0	0.0	0.0	0.0	0.0	0.0	0.0	0.0	0.0	0.0	0.0	0.0	0.0	0.0	0.0
126_TASK04_CON69_10.0_pos	pos	10.0	0.0	0.0	0.0	0.0	0.0	0.0	0.0	0.0	0.0	0.0	0.0	0.0	0.0	0.0	0.0	0.0	0.0	0.0	0.0	0.0	0.0	0.0	0.0	0.0	0.0	0.0	0.0	0.0	0.0	0.0	0.0	0.0	0.0	0.0	0.0	0.0	0.0	0.0	0.0	0.0	0.0	0.0	0.0	0.0	0.0	0.0	0.0
126_TASK04_CON69_11.0_posneg	posneg	11.0	0.0	0.0	0.0	0.0	0.0	0.0	0.0	0.0	0.0	0.0	0.0	0.0	0.0	0.0	0.0	0.0	0.0	0.0	0.0	0.0	0.0	0.0	0.0	0.0	0.0	0.0	0.0	0.0	0.0	0.0	0.0	0.0	0.0	0.0	0.0	0.0	0.0	0.0	0.0	0.0	0.0	0.0	0.0	0.0	0.0	0.0	0.0
126_TASK04_CON69_11.0_pos	pos	11.0	0.0	0.0	0.0	0.0	0.0	0.0	0.0	0.0	0.0	0.0	0.0	0.0	0.0	0.0	0.0	0.0	0.0	0.0	0.0	0.0	0.0	0.0	0.0	0.0	0.0	0.0	0.0	0.0	0.0	0.0	0.0	0.0	0.0	0.0	0.0	0.0	0.0	0.0	0.0	0.0	0.0	0.0	0.0	0.0	0.0	0.0	0.0
126_TASK04_CON69_12.0_posneg	posneg	12.0	0.0	0.0	0.0	0.0	0.0	0.0	0.0	0.0	0.0	0.0	0.0	0.0	0.0	0.0	0.0	0.0	0.0	0.0	0.0	0.0	0.0	0.0	0.0	0.0	0.0	0.0	0.0	0.0	0.0	0.0	0.0	0.0	0.0	0.0	0.0	0.0	0.0	0.0	0.0	0.0	0.0	0.0	0.0	0.0	0.0	0.0	0.0
126_TASK04_CON69_12.0_pos	pos	12.0	0.0	0.0	0.0	0.0	0.0	0.0	0.0	0.0	0.0	0.0	0.0	0.0	0.0	0.0	0.0	0.0	0.0	0.0	0.0	0.0	0.0	0.0	0.0	0.0	0.0	0.0	0.0	0.0	0.0	0.0	0.0	0.0	0.0	0.0	0.0	0.0	0.0	0.0	0.0	0.0	0.0	0.0	0.0	0.0	0.0	0.0	0.0
126_TASK04_CON69_13.0_posneg	posneg	13.0	0.0	0.0	0.0	0.0	0.0	0.0	0.0	0.0	0.0	0.0	0.0	0.0	0.0	0.0	0.0	0.0	0.0	0.0	0.0	0.0	0.0	0.0	0.0	0.0	0.0	0.0	0.0	0.0	0.0	0.0	0.0	0.0	0.0	0.0	0.0	0.0	0.0	0.0	0.0	0.0	0.0	0.0	0.0	0.0	0.0	0.0	0.0
126_TASK04_CON69_13.0_pos	pos	13.0	0.0	0.0	0.0	0.0	0.0	0.0	0.0	0.0	0.0	0.0	0.0	0.0	0.0	0.0	0.0	0.0	0.0	0.0	0.0	0.0	0.0	0.0	0.0	0.0	0.0	0.0	0.0	0.0	0.0	0.0	0.0	0.0	0.0	0.0	0.0	0.0	0.0	0.0	0.0	0.0	0.0	0.0	0.0	0.0	0.0	0.0	0.0
126_TASK04_CON70_0.0_posneg	posneg	0.0	228380.0	228380.0	228380.0	228380.0	228380.0	228380.0	228380.0	228380.0	228380.0	228380.0	228380.0	228380.0	228380.0	228380.0	228380.0	228380.0	228380.0	228380.0	228380.0	228380.0	228380.0	228380.0	228380.0	228380.0	228380.0	228380.0	228380.0	228380.0	228380.0	228380.0	228380.0	228380.0	228380.0	228380.0	228380.0	228380.0	228380.0	228380.0	228380.0	228380.0	228380.0	228380.0	228380.0	228380.0	228380.0	228380.0	228380.0
126_TASK04_CON70_0.0_pos	pos	0.0	228274.0	228274.0	228274.0	228274.0	228274.0	228274.0	228274.0	228274.0	228274.0	228274.0	228274.0	228274.0	228274.0	228274.0	228274.0	228274.0	228274.0	228274.0	228274.0	228274.0	228274.0	228274.0	228274.0	228274.0	228274.0	228274.0	228274.0	228274.0	228274.0	228274.0	228274.0	228274.0	228274.0	228274.0	228274.0	228274.0	228274.0	228274.0	228274.0	228274.0	228274.0	228274.0	228274.0	228274.0	228274.0	228274.0	228274.0
126_TASK04_CON70_1.0_posneg	posneg	1.0	228268.0	228268.0	228268.0	228268.0	228268.0	228268.0	228268.0	228268.0	228268.0	228268.0	228268.0	228268.0	228268.0	228268.0	228268.0	228268.0	228268.0	228268.0	228268.0	228268.0	228268.0	228268.0	228268.0	228268.0	228268.0	228268.0	228268.0	228268.0	228268.0	228268.0	228268.0	228268.0	228268.0	228268.0	228268.0	228268.0	228268.0	228268.0	228268.0	228268.0	228268.0	228268.0	228268.0	228268.0	228268.0	228268.0	228268.0
126_TASK04_CON70_1.0_pos	pos	1.0	228241.0	228241.0	228241.0	228241.0	228241.0	228241.0	228241.0	228241.0	228241.0	228241.0	228241.0	228241.0	228241.0	228241.0	228241.0	228241.0	228241.0	228241.0	228241.0	228241.0	228241.0	228241.0	228241.0	228241.0	228241.0	228241.0	228241.0	228241.0	228241.0	228241.0	228241.0	228241.0	228241.0	228241.0	228241.0	228241.0	228241.0	228241.0	228241.0	228241.0	228241.0	228241.0	228241.0	228241.0	228241.0	228241.0	228241.0
126_TASK04_CON70_2.0_posneg	posneg	2.0	228241.0	228241.0	228241.0	228241.0	228241.0	228241.0	228241.0	228241.0	228241.0	228241.0	228241.0	228241.0	228241.0	228241.0	228241.0	228241.0	228241.0	228241.0	228241.0	228241.0	228241.0	228241.0	228241.0	228241.0	228241.0	228241.0	228241.0	228241.0	228241.0	228241.0	228241.0	228241.0	228241.0	228241.0	228241.0	228241.0	228241.0	228241.0	228241.0	228241.0	228241.0	228241.0	228241.0	228241.0	228241.0	228241.0	228241.0
126_TASK04_CON70_2.0_pos	pos	2.0	228241.0	228241.0	228241.0	228241.0	228241.0	228241.0	228241.0	228241.0	228241.0	228241.0	228241.0	228241.0	228241.0	228241.0	228241.0	228241.0	228241.0	228241.0	228241.0	228241.0	228241.0	228241.0	228241.0	228241.0	228241.0	228241.0	228241.0	228241.0	228241.0	228241.0	228241.0	228241.0	228241.0	228241.0	228241.0	228241.0	228241.0	228241.0	228241.0	228241.0	228241.0	228241.0	228241.0	228241.0	228241.0	228241.0	228241.0
126_TASK04_CON70_3.0_posneg	posneg	3.0	228241.0	228241.0	228241.0	228241.0	228241.0	228241.0	228241.0	228241.0	228241.0	228241.0	228241.0	228241.0	228241.0	228241.0	228241.0	228241.0	228241.0	228241.0	228241.0	228241.0	228241.0	228241.0	228241.0	228241.0	228241.0	228241.0	228241.0	228241.0	228241.0	228241.0	228241.0	228241.0	228241.0	228241.0	228241.0	228241.0	228241.0	228241.0	228241.0	228241.0	228241.0	228241.0	228241.0	228241.0	228241.0	228241.0	228241.0
126_TASK04_CON70_3.0_pos	pos	3.0	228241.0	228241.0	228241.0	228241.0	228241.0	228241.0	228241.0	228241.0	228241.0	228241.0	228241.0	228241.0	228241.0	228241.0	228241.0	228241.0	228241.0	228241.0	228241.0	228241.0	228241.0	228241.0	228241.0	228241.0	228241.0	228241.0	228241.0	228241.0	228241.0	228241.0	228241.0	228241.0	228241.0	228241.0	228241.0	228241.0	228241.0	228241.0	228241.0	228241.0	228241.0	228241.0	228241.0	228241.0	228241.0	228241.0	228241.0
126_TASK04_CON70_4.0_posneg	posneg	4.0	228241.0	228241.0	228241.0	228241.0	228241.0	228241.0	228241.0	228241.0	228241.0	228241.0	228241.0	228241.0	228241.0	228241.0	228241.0	228241.0	228241.0	228241.0	228241.0	228241.0	228241.0	228241.0	228241.0	228241.0	228241.0	228241.0	228241.0	228241.0	228241.0	228241.0	228241.0	228241.0	228241.0	228241.0	228241.0	228241.0	228241.0	228241.0	228241.0	228241.0	228241.0	228241.0	228241.0	228241.0	228241.0	228241.0	228241.0
126_TASK04_CON70_4.0_pos	pos	4.0	228241.0	228241.0	228241.0	228241.0	228241.0	228241.0	228241.0	228241.0	228241.0	228241.0	228241.0	228241.0	228241.0	228241.0	228241.0	228241.0	228241.0	228241.0	228241.0	228241.0	228241.0	228241.0	228241.0	228241.0	228241.0	228241.0	228241.0	228241.0	228241.0	228241.0	228241.0	228241.0	228241.0	228241.0	228241.0	228241.0	228241.0	228241.0	228241.0	228241.0	228241.0	228241.0	228241.0	228241.0	228241.0	228241.0	228241.0
126_TASK04_CON70_5.0_posneg	posneg	5.0	228241.0	228241.0	228241.0	228241.0	228241.0	228241.0	228241.0	228241.0	228241.0	228241.0	228241.0	228241.0	228241.0	228241.0	228241.0	228241.0	228241.0	228241.0	228241.0	228241.0	228241.0	228241.0	228241.0	228241.0	228241.0	228241.0	228241.0	228241.0	228241.0	228241.0	228241.0	228241.0	228241.0	228241.0	228241.0	228241.0	228241.0	228241.0	228241.0	228241.0	228241.0	228241.0	228241.0	228241.0	228241.0	228241.0	228241.0
126_TASK04_CON70_5.0_pos	pos	5.0	228241.0	228241.0	228241.0	228241.0	228241.0	228241.0	228241.0	228241.0	228241.0	228241.0	228241.0	228241.0	228241.0	228241.0	228241.0	228241.0	228241.0	228241.0	228241.0	228241.0	228241.0	228241.0	228241.0	228241.0	228241.0	228241.0	228241.0	228241.0	228241.0	228241.0	228241.0	228241.0	228241.0	228241.0	228241.0	228241.0	228241.0	228241.0	228241.0	228241.0	228241.0	228241.0	228241.0	228241.0	228241.0	228241.0	228241.0
126_TASK04_CON70_6.0_posneg	posneg	6.0	228241.0	228241.0	228241.0	228241.0	228241.0	228241.0	228241.0	228241.0	228241.0	228241.0	228241.0	228241.0	228241.0	228241.0	228241.0	228241.0	228241.0	228241.0	228241.0	228241.0	228241.0	228241.0	228241.0	228241.0	228241.0	228241.0	228241.0	228241.0	228241.0	228241.0	228241.0	228241.0	228241.0	228241.0	228241.0	228241.0	228241.0	228241.0	228241.0	228241.0	228241.0	228241.0	228241.0	228241.0	228241.0	228241.0	228241.0
126_TASK04_CON70_6.0_pos	pos	6.0	228241.0	228241.0	228241.0	228241.0	228241.0	228241.0	228241.0	228241.0	228241.0	228241.0	228241.0	228241.0	228241.0	228241.0	228241.0	228241.0	228241.0	228241.0	228241.0	228241.0	228241.0	228241.0	228241.0	228241.0	228241.0	228241.0	228241.0	228241.0	228241.0	228241.0	228241.0	228241.0	228241.0	228241.0	228241.0	228241.0	228241.0	228241.0	228241.0	228241.0	228241.0	228241.0	228241.0	228241.0	228241.0	228241.0	228241.0
126_TASK04_CON70_7.0_posneg	posneg	7.0	228241.0	228241.0	228241.0	228241.0	228241.0	228241.0	228241.0	228241.0	228241.0	228241.0	228241.0	228241.0	228241.0	228241.0	228241.0	228241.0	228241.0	228241.0	228241.0	228241.0	228241.0	228241.0	228241.0	228241.0	228241.0	228241.0	228241.0	228241.0	228241.0	228241.0	228241.0	228241.0	228241.0	228241.0	228241.0	228241.0	228241.0	228241.0	228241.0	228241.0	228241.0	228241.0	228241.0	228241.0	228241.0	228241.0	228241.0
126_TASK04_CON70_7.0_pos	pos	7.0	228241.0	228241.0	228241.0	228241.0	228241.0	228241.0	228241.0	228241.0	228241.0	228241.0	228241.0	228241.0	228241.0	228241.0	228241.0	228241.0	228241.0	228241.0	228241.0	228241.0	228241.0	228241.0	228241.0	228241.0	228241.0	228241.0	228241.0	228241.0	228241.0	228241.0	228241.0	228241.0	228241.0	228241.0	228241.0	228241.0	228241.0	228241.0	228241.0	228241.0	228241.0	228241.0	228241.0	228241.0	228241.0	228241.0	228241.0
126_TASK04_CON70_8.0_posneg	posneg	8.0	228241.0	228241.0	228241.0	228241.0	228241.0	228241.0	228241.0	228241.0	228241.0	228241.0	228241.0	228241.0	228241.0	228241.0	228241.0	228241.0	228241.0	228241.0	228241.0	228241.0	228241.0	228241.0	228241.0	228241.0	228241.0	228241.0	228241.0	228241.0	228241.0	228241.0	228241.0	228241.0	228241.0	228241.0	228241.0	228241.0	228241.0	228241.0	228241.0	228241.0	228241.0	228241.0	228241.0	228241.0	228241.0	228241.0	228241.0
126_TASK04_CON70_8.0_pos	pos	8.0	228241.0	228241.0	228241.0	228241.0	228241.0	228241.0	228241.0	228241.0	228241.0	228241.0	228241.0	228241.0	228241.0	228241.0	228241.0	228241.0	228241.0	228241.0	228241.0	228241.0	228241.0	228241.0	228241.0	228241.0	228241.0	228241.0	228241.0	228241.0	228241.0	228241.0	228241.0	228241.0	228241.0	228241.0	228241.0	228241.0	228241.0	228241.0	228241.0	228241.0	228241.0	228241.0	228241.0	228241.0	228241.0	228241.0	228241.0
126_TASK04_CON70_9.0_posneg	posneg	9.0	228241.0	228241.0	228241.0	228241.0	228241.0	228241.0	228241.0	228241.0	228241.0	228241.0	228241.0	228241.0	228241.0	228241.0	228241.0	228241.0	228241.0	228241.0	228241.0	228241.0	228241.0	228241.0	228241.0	228241.0	228241.0	228241.0	228241.0	228241.0	228241.0	228241.0	228241.0	228241.0	228241.0	228241.0	228241.0	228241.0	228241.0	228241.0	228241.0	228241.0	228241.0	228241.0	228241.0	228241.0	228241.0	228241.0	228241.0
126_TASK04_CON70_9.0_pos	pos	9.0	228241.0	228241.0	228241.0	228241.0	228241.0	228241.0	228241.0	228241.0	228241.0	228241.0	228241.0	228241.0	228241.0	228241.0	228241.0	228241.0	228241.0	228241.0	228241.0	228241.0	228241.0	228241.0	228241.0	228241.0	228241.0	228241.0	228241.0	228241.0	228241.0	228241.0	228241.0	228241.0	228241.0	228241.0	228241.0	228241.0	228241.0	228241.0	228241.0	228241.0	228241.0	228241.0	228241.0	228241.0	228241.0	228241.0	228241.0
126_TASK04_CON70_10.0_posneg	posneg	10.0	0.0	0.0	0.0	0.0	0.0	0.0	0.0	0.0	0.0	0.0	0.0	0.0	0.0	0.0	0.0	0.0	0.0	0.0	0.0	0.0	0.0	0.0	0.0	0.0	0.0	0.0	0.0	0.0	0.0	0.0	0.0	0.0	0.0	0.0	0.0	0.0	0.0	0.0	0.0	0.0	0.0	0.0	0.0	0.0	0.0	0.0	0.0
126_TASK04_CON70_10.0_pos	pos	10.0	0.0	0.0	0.0	0.0	0.0	0.0	0.0	0.0	0.0	0.0	0.0	0.0	0.0	0.0	0.0	0.0	0.0	0.0	0.0	0.0	0.0	0.0	0.0	0.0	0.0	0.0	0.0	0.0	0.0	0.0	0.0	0.0	0.0	0.0	0.0	0.0	0.0	0.0	0.0	0.0	0.0	0.0	0.0	0.0	0.0	0.0	0.0
126_TASK04_CON70_11.0_posneg	posneg	11.0	0.0	0.0	0.0	0.0	0.0	0.0	0.0	0.0	0.0	0.0	0.0	0.0	0.0	0.0	0.0	0.0	0.0	0.0	0.0	0.0	0.0	0.0	0.0	0.0	0.0	0.0	0.0	0.0	0.0	0.0	0.0	0.0	0.0	0.0	0.0	0.0	0.0	0.0	0.0	0.0	0.0	0.0	0.0	0.0	0.0	0.0	0.0
126_TASK04_CON70_11.0_pos	pos	11.0	0.0	0.0	0.0	0.0	0.0	0.0	0.0	0.0	0.0	0.0	0.0	0.0	0.0	0.0	0.0	0.0	0.0	0.0	0.0	0.0	0.0	0.0	0.0	0.0	0.0	0.0	0.0	0.0	0.0	0.0	0.0	0.0	0.0	0.0	0.0	0.0	0.0	0.0	0.0	0.0	0.0	0.0	0.0	0.0	0.0	0.0	0.0
126_TASK04_CON70_12.0_posneg	posneg	12.0	0.0	0.0	0.0	0.0	0.0	0.0	0.0	0.0	0.0	0.0	0.0	0.0	0.0	0.0	0.0	0.0	0.0	0.0	0.0	0.0	0.0	0.0	0.0	0.0	0.0	0.0	0.0	0.0	0.0	0.0	0.0	0.0	0.0	0.0	0.0	0.0	0.0	0.0	0.0	0.0	0.0	0.0	0.0	0.0	0.0	0.0	0.0
126_TASK04_CON70_12.0_pos	pos	12.0	0.0	0.0	0.0	0.0	0.0	0.0	0.0	0.0	0.0	0.0	0.0	0.0	0.0	0.0	0.0	0.0	0.0	0.0	0.0	0.0	0.0	0.0	0.0	0.0	0.0	0.0	0.0	0.0	0.0	0.0	0.0	0.0	0.0	0.0	0.0	0.0	0.0	0.0	0.0	0.0	0.0	0.0	0.0	0.0	0.0	0.0	0.0
126_TASK04_CON70_13.0_posneg	posneg	13.0	0.0	0.0	0.0	0.0	0.0	0.0	0.0	0.0	0.0	0.0	0.0	0.0	0.0	0.0	0.0	0.0	0.0	0.0	0.0	0.0	0.0	0.0	0.0	0.0	0.0	0.0	0.0	0.0	0.0	0.0	0.0	0.0	0.0	0.0	0.0	0.0	0.0	0.0	0.0	0.0	0.0	0.0	0.0	0.0	0.0	0.0	0.0
126_TASK04_CON70_13.0_pos	pos	13.0	0.0	0.0	0.0	0.0	0.0	0.0	0.0	0.0	0.0	0.0	0.0	0.0	0.0	0.0	0.0	0.0	0.0	0.0	0.0	0.0	0.0	0.0	0.0	0.0	0.0	0.0	0.0	0.0	0.0	0.0	0.0	0.0	0.0	0.0	0.0	0.0	0.0	0.0	0.0	0.0	0.0	0.0	0.0	0.0	0.0	0.0	0.0
126_TASK04_CON71_0.0_posneg	posneg	0.0	228380.0	228380.0	228380.0	228380.0	228380.0	228380.0	228380.0	228380.0	228380.0	228380.0	228380.0	228380.0	228380.0	228380.0	228380.0	228380.0	228380.0	228380.0	228380.0	228380.0	228380.0	228380.0	228380.0	228380.0	228380.0	228380.0	228380.0	228380.0	228380.0	228380.0	228380.0	228380.0	228380.0	228380.0	228380.0	228380.0	228380.0	228380.0	228380.0	228380.0	228380.0	228380.0	228380.0	228380.0	228380.0	228380.0	228380.0
126_TASK04_CON71_0.0_pos	pos	0.0	228308.0	228308.0	228308.0	228308.0	228308.0	228308.0	228308.0	228308.0	228308.0	228308.0	228308.0	228308.0	228308.0	228308.0	228308.0	228308.0	228308.0	228308.0	228308.0	228308.0	228308.0	228308.0	228308.0	228308.0	228308.0	228308.0	228308.0	228308.0	228308.0	228308.0	228308.0	228308.0	228308.0	228308.0	228308.0	228308.0	228308.0	228308.0	228308.0	228308.0	228308.0	228308.0	228308.0	228308.0	228308.0	228308.0	228308.0
126_TASK04_CON71_1.0_posneg	posneg	1.0	228265.0	228265.0	228265.0	228265.0	228265.0	228265.0	228265.0	228265.0	228265.0	228265.0	228265.0	228265.0	228265.0	228265.0	228265.0	228265.0	228265.0	228265.0	228265.0	228265.0	228265.0	228265.0	228265.0	228265.0	228265.0	228265.0	228265.0	228265.0	228265.0	228265.0	228265.0	228265.0	228265.0	228265.0	228265.0	228265.0	228265.0	228265.0	228265.0	228265.0	228265.0	228265.0	228265.0	228265.0	228265.0	228265.0	228265.0
126_TASK04_CON71_1.0_pos	pos	1.0	228255.0	228255.0	228255.0	228255.0	228255.0	228255.0	228255.0	228255.0	228255.0	228255.0	228255.0	228255.0	228255.0	228255.0	228255.0	228255.0	228255.0	228255.0	228255.0	228255.0	228255.0	228255.0	228255.0	228255.0	228255.0	228255.0	228255.0	228255.0	228255.0	228255.0	228255.0	228255.0	228255.0	228255.0	228255.0	228255.0	228255.0	228255.0	228255.0	228255.0	228255.0	228255.0	228255.0	228255.0	228255.0	228255.0	228255.0
126_TASK04_CON71_2.0_posneg	posneg	2.0	228241.0	228241.0	228241.0	228241.0	228241.0	228241.0	228241.0	228241.0	228241.0	228241.0	228241.0	228241.0	228241.0	228241.0	228241.0	228241.0	228241.0	228241.0	228241.0	228241.0	228241.0	228241.0	228241.0	228241.0	228241.0	228241.0	228241.0	228241.0	228241.0	228241.0	228241.0	228241.0	228241.0	228241.0	228241.0	228241.0	228241.0	228241.0	228241.0	228241.0	228241.0	228241.0	228241.0	228241.0	228241.0	228241.0	228241.0
126_TASK04_CON71_2.0_pos	pos	2.0	228241.0	228241.0	228241.0	228241.0	228241.0	228241.0	228241.0	228241.0	228241.0	228241.0	228241.0	228241.0	228241.0	228241.0	228241.0	228241.0	228241.0	228241.0	228241.0	228241.0	228241.0	228241.0	228241.0	228241.0	228241.0	228241.0	228241.0	228241.0	228241.0	228241.0	228241.0	228241.0	228241.0	228241.0	228241.0	228241.0	228241.0	228241.0	228241.0	228241.0	228241.0	228241.0	228241.0	228241.0	228241.0	228241.0	228241.0
126_TASK04_CON71_3.0_posneg	posneg	3.0	228241.0	228241.0	228241.0	228241.0	228241.0	228241.0	228241.0	228241.0	228241.0	228241.0	228241.0	228241.0	228241.0	228241.0	228241.0	228241.0	228241.0	228241.0	228241.0	228241.0	228241.0	228241.0	228241.0	228241.0	228241.0	228241.0	228241.0	228241.0	228241.0	228241.0	228241.0	228241.0	228241.0	228241.0	228241.0	228241.0	228241.0	228241.0	228241.0	228241.0	228241.0	228241.0	228241.0	228241.0	228241.0	228241.0	228241.0
126_TASK04_CON71_3.0_pos	pos	3.0	228241.0	228241.0	228241.0	228241.0	228241.0	228241.0	228241.0	228241.0	228241.0	228241.0	228241.0	228241.0	228241.0	228241.0	228241.0	228241.0	228241.0	228241.0	228241.0	228241.0	228241.0	228241.0	228241.0	228241.0	228241.0	228241.0	228241.0	228241.0	228241.0	228241.0	228241.0	228241.0	228241.0	228241.0	228241.0	228241.0	228241.0	228241.0	228241.0	228241.0	228241.0	228241.0	228241.0	228241.0	228241.0	228241.0	228241.0
126_TASK04_CON71_4.0_posneg	posneg	4.0	228241.0	228241.0	228241.0	228241.0	228241.0	228241.0	228241.0	228241.0	228241.0	228241.0	228241.0	228241.0	228241.0	228241.0	228241.0	228241.0	228241.0	228241.0	228241.0	228241.0	228241.0	228241.0	228241.0	228241.0	228241.0	228241.0	228241.0	228241.0	228241.0	228241.0	228241.0	228241.0	228241.0	228241.0	228241.0	228241.0	228241.0	228241.0	228241.0	228241.0	228241.0	228241.0	228241.0	228241.0	228241.0	228241.0	228241.0
126_TASK04_CON71_4.0_pos	pos	4.0	228241.0	228241.0	228241.0	228241.0	228241.0	228241.0	228241.0	228241.0	228241.0	228241.0	228241.0	228241.0	228241.0	228241.0	228241.0	228241.0	228241.0	228241.0	228241.0	228241.0	228241.0	228241.0	228241.0	228241.0	228241.0	228241.0	228241.0	228241.0	228241.0	228241.0	228241.0	228241.0	228241.0	228241.0	228241.0	228241.0	228241.0	228241.0	228241.0	228241.0	228241.0	228241.0	228241.0	228241.0	228241.0	228241.0	228241.0
126_TASK04_CON71_5.0_posneg	posneg	5.0	228241.0	228241.0	228241.0	228241.0	228241.0	228241.0	228241.0	228241.0	228241.0	228241.0	228241.0	228241.0	228241.0	228241.0	228241.0	228241.0	228241.0	228241.0	228241.0	228241.0	228241.0	228241.0	228241.0	228241.0	228241.0	228241.0	228241.0	228241.0	228241.0	228241.0	228241.0	228241.0	228241.0	228241.0	228241.0	228241.0	228241.0	228241.0	228241.0	228241.0	228241.0	228241.0	228241.0	228241.0	228241.0	228241.0	228241.0
126_TASK04_CON71_5.0_pos	pos	5.0	228241.0	228241.0	228241.0	228241.0	228241.0	228241.0	228241.0	228241.0	228241.0	228241.0	228241.0	228241.0	228241.0	228241.0	228241.0	228241.0	228241.0	228241.0	228241.0	228241.0	228241.0	228241.0	228241.0	228241.0	228241.0	228241.0	228241.0	228241.0	228241.0	228241.0	228241.0	228241.0	228241.0	228241.0	228241.0	228241.0	228241.0	228241.0	228241.0	228241.0	228241.0	228241.0	228241.0	228241.0	228241.0	228241.0	228241.0
126_TASK04_CON71_6.0_posneg	posneg	6.0	228241.0	228241.0	228241.0	228241.0	228241.0	228241.0	228241.0	228241.0	228241.0	228241.0	228241.0	228241.0	228241.0	228241.0	228241.0	228241.0	228241.0	228241.0	228241.0	228241.0	228241.0	228241.0	228241.0	228241.0	228241.0	228241.0	228241.0	228241.0	228241.0	228241.0	228241.0	228241.0	228241.0	228241.0	228241.0	228241.0	228241.0	228241.0	228241.0	228241.0	228241.0	228241.0	228241.0	228241.0	228241.0	228241.0	228241.0
126_TASK04_CON71_6.0_pos	pos	6.0	228241.0	228241.0	228241.0	228241.0	228241.0	228241.0	228241.0	228241.0	228241.0	228241.0	228241.0	228241.0	228241.0	228241.0	228241.0	228241.0	228241.0	228241.0	228241.0	228241.0	228241.0	228241.0	228241.0	228241.0	228241.0	228241.0	228241.0	228241.0	228241.0	228241.0	228241.0	228241.0	228241.0	228241.0	228241.0	228241.0	228241.0	228241.0	228241.0	228241.0	228241.0	228241.0	228241.0	228241.0	228241.0	228241.0	228241.0
126_TASK04_CON71_7.0_posneg	posneg	7.0	228241.0	228241.0	228241.0	228241.0	228241.0	228241.0	228241.0	228241.0	228241.0	228241.0	228241.0	228241.0	228241.0	228241.0	228241.0	228241.0	228241.0	228241.0	228241.0	228241.0	228241.0	228241.0	228241.0	228241.0	228241.0	228241.0	228241.0	228241.0	228241.0	228241.0	228241.0	228241.0	228241.0	228241.0	228241.0	228241.0	228241.0	228241.0	228241.0	228241.0	228241.0	228241.0	228241.0	228241.0	228241.0	228241.0	228241.0
126_TASK04_CON71_7.0_pos	pos	7.0	228241.0	228241.0	228241.0	228241.0	228241.0	228241.0	228241.0	228241.0	228241.0	228241.0	228241.0	228241.0	228241.0	228241.0	228241.0	228241.0	228241.0	228241.0	228241.0	228241.0	228241.0	228241.0	228241.0	228241.0	228241.0	228241.0	228241.0	228241.0	228241.0	228241.0	228241.0	228241.0	228241.0	228241.0	228241.0	228241.0	228241.0	228241.0	228241.0	228241.0	228241.0	228241.0	228241.0	228241.0	228241.0	228241.0	228241.0
126_TASK04_CON71_8.0_posneg	posneg	8.0	228241.0	228241.0	228241.0	228241.0	228241.0	228241.0	228241.0	228241.0	228241.0	228241.0	228241.0	228241.0	228241.0	228241.0	228241.0	228241.0	228241.0	228241.0	228241.0	228241.0	228241.0	228241.0	228241.0	228241.0	228241.0	228241.0	228241.0	228241.0	228241.0	228241.0	228241.0	228241.0	228241.0	228241.0	228241.0	228241.0	228241.0	228241.0	228241.0	228241.0	228241.0	228241.0	228241.0	228241.0	228241.0	228241.0	228241.0
126_TASK04_CON71_8.0_pos	pos	8.0	228241.0	228241.0	228241.0	228241.0	228241.0	228241.0	228241.0	228241.0	228241.0	228241.0	228241.0	228241.0	228241.0	228241.0	228241.0	228241.0	228241.0	228241.0	228241.0	228241.0	228241.0	228241.0	228241.0	228241.0	228241.0	228241.0	228241.0	228241.0	228241.0	228241.0	228241.0	228241.0	228241.0	228241.0	228241.0	228241.0	228241.0	228241.0	228241.0	228241.0	228241.0	228241.0	228241.0	228241.0	228241.0	228241.0	228241.0
126_TASK04_CON71_9.0_posneg	posneg	9.0	228241.0	228241.0	228241.0	228241.0	228241.0	228241.0	228241.0	228241.0	228241.0	228241.0	228241.0	228241.0	228241.0	228241.0	228241.0	228241.0	228241.0	228241.0	228241.0	228241.0	228241.0	228241.0	228241.0	228241.0	228241.0	228241.0	228241.0	228241.0	228241.0	228241.0	228241.0	228241.0	228241.0	228241.0	228241.0	228241.0	228241.0	228241.0	228241.0	228241.0	228241.0	228241.0	228241.0	228241.0	228241.0	228241.0	228241.0
126_TASK04_CON71_9.0_pos	pos	9.0	228241.0	228241.0	228241.0	228241.0	228241.0	228241.0	228241.0	228241.0	228241.0	228241.0	228241.0	228241.0	228241.0	228241.0	228241.0	228241.0	228241.0	228241.0	228241.0	228241.0	228241.0	228241.0	228241.0	228241.0	228241.0	228241.0	228241.0	228241.0	228241.0	228241.0	228241.0	228241.0	228241.0	228241.0	228241.0	228241.0	228241.0	228241.0	228241.0	228241.0	228241.0	228241.0	228241.0	228241.0	228241.0	228241.0	228241.0
126_TASK04_CON71_10.0_posneg	posneg	10.0	0.0	0.0	0.0	0.0	0.0	0.0	0.0	0.0	0.0	0.0	0.0	0.0	0.0	0.0	0.0	0.0	0.0	0.0	0.0	0.0	0.0	0.0	0.0	0.0	0.0	0.0	0.0	0.0	0.0	0.0	0.0	0.0	0.0	0.0	0.0	0.0	0.0	0.0	0.0	0.0	0.0	0.0	0.0	0.0	0.0	0.0	0.0
126_TASK04_CON71_10.0_pos	pos	10.0	0.0	0.0	0.0	0.0	0.0	0.0	0.0	0.0	0.0	0.0	0.0	0.0	0.0	0.0	0.0	0.0	0.0	0.0	0.0	0.0	0.0	0.0	0.0	0.0	0.0	0.0	0.0	0.0	0.0	0.0	0.0	0.0	0.0	0.0	0.0	0.0	0.0	0.0	0.0	0.0	0.0	0.0	0.0	0.0	0.0	0.0	0.0
126_TASK04_CON71_11.0_posneg	posneg	11.0	0.0	0.0	0.0	0.0	0.0	0.0	0.0	0.0	0.0	0.0	0.0	0.0	0.0	0.0	0.0	0.0	0.0	0.0	0.0	0.0	0.0	0.0	0.0	0.0	0.0	0.0	0.0	0.0	0.0	0.0	0.0	0.0	0.0	0.0	0.0	0.0	0.0	0.0	0.0	0.0	0.0	0.0	0.0	0.0	0.0	0.0	0.0
126_TASK04_CON71_11.0_pos	pos	11.0	0.0	0.0	0.0	0.0	0.0	0.0	0.0	0.0	0.0	0.0	0.0	0.0	0.0	0.0	0.0	0.0	0.0	0.0	0.0	0.0	0.0	0.0	0.0	0.0	0.0	0.0	0.0	0.0	0.0	0.0	0.0	0.0	0.0	0.0	0.0	0.0	0.0	0.0	0.0	0.0	0.0	0.0	0.0	0.0	0.0	0.0	0.0
126_TASK04_CON71_12.0_posneg	posneg	12.0	0.0	0.0	0.0	0.0	0.0	0.0	0.0	0.0	0.0	0.0	0.0	0.0	0.0	0.0	0.0	0.0	0.0	0.0	0.0	0.0	0.0	0.0	0.0	0.0	0.0	0.0	0.0	0.0	0.0	0.0	0.0	0.0	0.0	0.0	0.0	0.0	0.0	0.0	0.0	0.0	0.0	0.0	0.0	0.0	0.0	0.0	0.0
126_TASK04_CON71_12.0_pos	pos	12.0	0.0	0.0	0.0	0.0	0.0	0.0	0.0	0.0	0.0	0.0	0.0	0.0	0.0	0.0	0.0	0.0	0.0	0.0	0.0	0.0	0.0	0.0	0.0	0.0	0.0	0.0	0.0	0.0	0.0	0.0	0.0	0.0	0.0	0.0	0.0	0.0	0.0	0.0	0.0	0.0	0.0	0.0	0.0	0.0	0.0	0.0	0.0
126_TASK04_CON71_13.0_posneg	posneg	13.0	0.0	0.0	0.0	0.0	0.0	0.0	0.0	0.0	0.0	0.0	0.0	0.0	0.0	0.0	0.0	0.0	0.0	0.0	0.0	0.0	0.0	0.0	0.0	0.0	0.0	0.0	0.0	0.0	0.0	0.0	0.0	0.0	0.0	0.0	0.0	0.0	0.0	0.0	0.0	0.0	0.0	0.0	0.0	0.0	0.0	0.0	0.0
126_TASK04_CON71_13.0_pos	pos	13.0	0.0	0.0	0.0	0.0	0.0	0.0	0.0	0.0	0.0	0.0	0.0	0.0	0.0	0.0	0.0	0.0	0.0	0.0	0.0	0.0	0.0	0.0	0.0	0.0	0.0	0.0	0.0	0.0	0.0	0.0	0.0	0.0	0.0	0.0	0.0	0.0	0.0	0.0	0.0	0.0	0.0	0.0	0.0	0.0	0.0	0.0	0.0
126_TASK04_CON72_0.0_posneg	posneg	0.0	228380.0	228380.0	228380.0	228380.0	228380.0	228380.0	228380.0	228380.0	228380.0	228380.0	228380.0	228380.0	228380.0	228380.0	228380.0	228380.0	228380.0	228380.0	228380.0	228380.0	228380.0	228380.0	228380.0	228380.0	228380.0	228380.0	228380.0	228380.0	228380.0	228380.0	228380.0	228380.0	228380.0	228380.0	228380.0	228380.0	228380.0	228380.0	228380.0	228380.0	228380.0	228380.0	228380.0	228380.0	228380.0	228380.0	228380.0
126_TASK04_CON72_0.0_pos	pos	0.0	228310.0	228310.0	228310.0	228310.0	228310.0	228310.0	228310.0	228310.0	228310.0	228310.0	228310.0	228310.0	228310.0	228310.0	228310.0	228310.0	228310.0	228310.0	228310.0	228310.0	228310.0	228310.0	228310.0	228310.0	228310.0	228310.0	228310.0	228310.0	228310.0	228310.0	228310.0	228310.0	228310.0	228310.0	228310.0	228310.0	228310.0	228310.0	228310.0	228310.0	228310.0	228310.0	228310.0	228310.0	228310.0	228310.0	228310.0
126_TASK04_CON72_1.0_posneg	posneg	1.0	228265.0	228265.0	228265.0	228265.0	228265.0	228265.0	228265.0	228265.0	228265.0	228265.0	228265.0	228265.0	228265.0	228265.0	228265.0	228265.0	228265.0	228265.0	228265.0	228265.0	228265.0	228265.0	228265.0	228265.0	228265.0	228265.0	228265.0	228265.0	228265.0	228265.0	228265.0	228265.0	228265.0	228265.0	228265.0	228265.0	228265.0	228265.0	228265.0	228265.0	228265.0	228265.0	228265.0	228265.0	228265.0	228265.0	228265.0
126_TASK04_CON72_1.0_pos	pos	1.0	228247.0	228247.0	228247.0	228247.0	228247.0	228247.0	228247.0	228247.0	228247.0	228247.0	228247.0	228247.0	228247.0	228247.0	228247.0	228247.0	228247.0	228247.0	228247.0	228247.0	228247.0	228247.0	228247.0	228247.0	228247.0	228247.0	228247.0	228247.0	228247.0	228247.0	228247.0	228247.0	228247.0	228247.0	228247.0	228247.0	228247.0	228247.0	228247.0	228247.0	228247.0	228247.0	228247.0	228247.0	228247.0	228247.0	228247.0
126_TASK04_CON72_2.0_posneg	posneg	2.0	228241.0	228241.0	228241.0	228241.0	228241.0	228241.0	228241.0	228241.0	228241.0	228241.0	228241.0	228241.0	228241.0	228241.0	228241.0	228241.0	228241.0	228241.0	228241.0	228241.0	228241.0	228241.0	228241.0	228241.0	228241.0	228241.0	228241.0	228241.0	228241.0	228241.0	228241.0	228241.0	228241.0	228241.0	228241.0	228241.0	228241.0	228241.0	228241.0	228241.0	228241.0	228241.0	228241.0	228241.0	228241.0	228241.0	228241.0
126_TASK04_CON72_2.0_pos	pos	2.0	228241.0	228241.0	228241.0	228241.0	228241.0	228241.0	228241.0	228241.0	228241.0	228241.0	228241.0	228241.0	228241.0	228241.0	228241.0	228241.0	228241.0	228241.0	228241.0	228241.0	228241.0	228241.0	228241.0	228241.0	228241.0	228241.0	228241.0	228241.0	228241.0	228241.0	228241.0	228241.0	228241.0	228241.0	228241.0	228241.0	228241.0	228241.0	228241.0	228241.0	228241.0	228241.0	228241.0	228241.0	228241.0	228241.0	228241.0
126_TASK04_CON72_3.0_posneg	posneg	3.0	228241.0	228241.0	228241.0	228241.0	228241.0	228241.0	228241.0	228241.0	228241.0	228241.0	228241.0	228241.0	228241.0	228241.0	228241.0	228241.0	228241.0	228241.0	228241.0	228241.0	228241.0	228241.0	228241.0	228241.0	228241.0	228241.0	228241.0	228241.0	228241.0	228241.0	228241.0	228241.0	228241.0	228241.0	228241.0	228241.0	228241.0	228241.0	228241.0	228241.0	228241.0	228241.0	228241.0	228241.0	228241.0	228241.0	228241.0
126_TASK04_CON72_3.0_pos	pos	3.0	228241.0	228241.0	228241.0	228241.0	228241.0	228241.0	228241.0	228241.0	228241.0	228241.0	228241.0	228241.0	228241.0	228241.0	228241.0	228241.0	228241.0	228241.0	228241.0	228241.0	228241.0	228241.0	228241.0	228241.0	228241.0	228241.0	228241.0	228241.0	228241.0	228241.0	228241.0	228241.0	228241.0	228241.0	228241.0	228241.0	228241.0	228241.0	228241.0	228241.0	228241.0	228241.0	228241.0	228241.0	228241.0	228241.0	228241.0
126_TASK04_CON72_4.0_posneg	posneg	4.0	228241.0	228241.0	228241.0	228241.0	228241.0	228241.0	228241.0	228241.0	228241.0	228241.0	228241.0	228241.0	228241.0	228241.0	228241.0	228241.0	228241.0	228241.0	228241.0	228241.0	228241.0	228241.0	228241.0	228241.0	228241.0	228241.0	228241.0	228241.0	228241.0	228241.0	228241.0	228241.0	228241.0	228241.0	228241.0	228241.0	228241.0	228241.0	228241.0	228241.0	228241.0	228241.0	228241.0	228241.0	228241.0	228241.0	228241.0
126_TASK04_CON72_4.0_pos	pos	4.0	228241.0	228241.0	228241.0	228241.0	228241.0	228241.0	228241.0	228241.0	228241.0	228241.0	228241.0	228241.0	228241.0	228241.0	228241.0	228241.0	228241.0	228241.0	228241.0	228241.0	228241.0	228241.0	228241.0	228241.0	228241.0	228241.0	228241.0	228241.0	228241.0	228241.0	228241.0	228241.0	228241.0	228241.0	228241.0	228241.0	228241.0	228241.0	228241.0	228241.0	228241.0	228241.0	228241.0	228241.0	228241.0	228241.0	228241.0
126_TASK04_CON72_5.0_posneg	posneg	5.0	228241.0	228241.0	228241.0	228241.0	228241.0	228241.0	228241.0	228241.0	228241.0	228241.0	228241.0	228241.0	228241.0	228241.0	228241.0	228241.0	228241.0	228241.0	228241.0	228241.0	228241.0	228241.0	228241.0	228241.0	228241.0	228241.0	228241.0	228241.0	228241.0	228241.0	228241.0	228241.0	228241.0	228241.0	228241.0	228241.0	228241.0	228241.0	228241.0	228241.0	228241.0	228241.0	228241.0	228241.0	228241.0	228241.0	228241.0
126_TASK04_CON72_5.0_pos	pos	5.0	228241.0	228241.0	228241.0	228241.0	228241.0	228241.0	228241.0	228241.0	228241.0	228241.0	228241.0	228241.0	228241.0	228241.0	228241.0	228241.0	228241.0	228241.0	228241.0	228241.0	228241.0	228241.0	228241.0	228241.0	228241.0	228241.0	228241.0	228241.0	228241.0	228241.0	228241.0	228241.0	228241.0	228241.0	228241.0	228241.0	228241.0	228241.0	228241.0	228241.0	228241.0	228241.0	228241.0	228241.0	228241.0	228241.0	228241.0
126_TASK04_CON72_6.0_posneg	posneg	6.0	228241.0	228241.0	228241.0	228241.0	228241.0	228241.0	228241.0	228241.0	228241.0	228241.0	228241.0	228241.0	228241.0	228241.0	228241.0	228241.0	228241.0	228241.0	228241.0	228241.0	228241.0	228241.0	228241.0	228241.0	228241.0	228241.0	228241.0	228241.0	228241.0	228241.0	228241.0	228241.0	228241.0	228241.0	228241.0	228241.0	228241.0	228241.0	228241.0	228241.0	228241.0	228241.0	228241.0	228241.0	228241.0	228241.0	228241.0
126_TASK04_CON72_6.0_pos	pos	6.0	228241.0	228241.0	228241.0	228241.0	228241.0	228241.0	228241.0	228241.0	228241.0	228241.0	228241.0	228241.0	228241.0	228241.0	228241.0	228241.0	228241.0	228241.0	228241.0	228241.0	228241.0	228241.0	228241.0	228241.0	228241.0	228241.0	228241.0	228241.0	228241.0	228241.0	228241.0	228241.0	228241.0	228241.0	228241.0	228241.0	228241.0	228241.0	228241.0	228241.0	228241.0	228241.0	228241.0	228241.0	228241.0	228241.0	228241.0
126_TASK04_CON72_7.0_posneg	posneg	7.0	228241.0	228241.0	228241.0	228241.0	228241.0	228241.0	228241.0	228241.0	228241.0	228241.0	228241.0	228241.0	228241.0	228241.0	228241.0	228241.0	228241.0	228241.0	228241.0	228241.0	228241.0	228241.0	228241.0	228241.0	228241.0	228241.0	228241.0	228241.0	228241.0	228241.0	228241.0	228241.0	228241.0	228241.0	228241.0	228241.0	228241.0	228241.0	228241.0	228241.0	228241.0	228241.0	228241.0	228241.0	228241.0	228241.0	228241.0
126_TASK04_CON72_7.0_pos	pos	7.0	228241.0	228241.0	228241.0	228241.0	228241.0	228241.0	228241.0	228241.0	228241.0	228241.0	228241.0	228241.0	228241.0	228241.0	228241.0	228241.0	228241.0	228241.0	228241.0	228241.0	228241.0	228241.0	228241.0	228241.0	228241.0	228241.0	228241.0	228241.0	228241.0	228241.0	228241.0	228241.0	228241.0	228241.0	228241.0	228241.0	228241.0	228241.0	228241.0	228241.0	228241.0	228241.0	228241.0	228241.0	228241.0	228241.0	228241.0
126_TASK04_CON72_8.0_posneg	posneg	8.0	228241.0	228241.0	228241.0	228241.0	228241.0	228241.0	228241.0	228241.0	228241.0	228241.0	228241.0	228241.0	228241.0	228241.0	228241.0	228241.0	228241.0	228241.0	228241.0	228241.0	228241.0	228241.0	228241.0	228241.0	228241.0	228241.0	228241.0	228241.0	228241.0	228241.0	228241.0	228241.0	228241.0	228241.0	228241.0	228241.0	228241.0	228241.0	228241.0	228241.0	228241.0	228241.0	228241.0	228241.0	228241.0	228241.0	228241.0
126_TASK04_CON72_8.0_pos	pos	8.0	228241.0	228241.0	228241.0	228241.0	228241.0	228241.0	228241.0	228241.0	228241.0	228241.0	228241.0	228241.0	228241.0	228241.0	228241.0	228241.0	228241.0	228241.0	228241.0	228241.0	228241.0	228241.0	228241.0	228241.0	228241.0	228241.0	228241.0	228241.0	228241.0	228241.0	228241.0	228241.0	228241.0	228241.0	228241.0	228241.0	228241.0	228241.0	228241.0	228241.0	228241.0	228241.0	228241.0	228241.0	228241.0	228241.0	228241.0
126_TASK04_CON72_9.0_posneg	posneg	9.0	228241.0	228241.0	228241.0	228241.0	228241.0	228241.0	228241.0	228241.0	228241.0	228241.0	228241.0	228241.0	228241.0	228241.0	228241.0	228241.0	228241.0	228241.0	228241.0	228241.0	228241.0	228241.0	228241.0	228241.0	228241.0	228241.0	228241.0	228241.0	228241.0	228241.0	228241.0	228241.0	228241.0	228241.0	228241.0	228241.0	228241.0	228241.0	228241.0	228241.0	228241.0	228241.0	228241.0	228241.0	228241.0	228241.0	228241.0
126_TASK04_CON72_9.0_pos	pos	9.0	228241.0	228241.0	228241.0	228241.0	228241.0	228241.0	228241.0	228241.0	228241.0	228241.0	228241.0	228241.0	228241.0	228241.0	228241.0	228241.0	228241.0	228241.0	228241.0	228241.0	228241.0	228241.0	228241.0	228241.0	228241.0	228241.0	228241.0	228241.0	228241.0	228241.0	228241.0	228241.0	228241.0	228241.0	228241.0	228241.0	228241.0	228241.0	228241.0	228241.0	228241.0	228241.0	228241.0	228241.0	228241.0	228241.0	228241.0
126_TASK04_CON72_10.0_posneg	posneg	10.0	0.0	0.0	0.0	0.0	0.0	0.0	0.0	0.0	0.0	0.0	0.0	0.0	0.0	0.0	0.0	0.0	0.0	0.0	0.0	0.0	0.0	0.0	0.0	0.0	0.0	0.0	0.0	0.0	0.0	0.0	0.0	0.0	0.0	0.0	0.0	0.0	0.0	0.0	0.0	0.0	0.0	0.0	0.0	0.0	0.0	0.0	0.0
126_TASK04_CON72_10.0_pos	pos	10.0	0.0	0.0	0.0	0.0	0.0	0.0	0.0	0.0	0.0	0.0	0.0	0.0	0.0	0.0	0.0	0.0	0.0	0.0	0.0	0.0	0.0	0.0	0.0	0.0	0.0	0.0	0.0	0.0	0.0	0.0	0.0	0.0	0.0	0.0	0.0	0.0	0.0	0.0	0.0	0.0	0.0	0.0	0.0	0.0	0.0	0.0	0.0
126_TASK04_CON72_11.0_posneg	posneg	11.0	0.0	0.0	0.0	0.0	0.0	0.0	0.0	0.0	0.0	0.0	0.0	0.0	0.0	0.0	0.0	0.0	0.0	0.0	0.0	0.0	0.0	0.0	0.0	0.0	0.0	0.0	0.0	0.0	0.0	0.0	0.0	0.0	0.0	0.0	0.0	0.0	0.0	0.0	0.0	0.0	0.0	0.0	0.0	0.0	0.0	0.0	0.0
126_TASK04_CON72_11.0_pos	pos	11.0	0.0	0.0	0.0	0.0	0.0	0.0	0.0	0.0	0.0	0.0	0.0	0.0	0.0	0.0	0.0	0.0	0.0	0.0	0.0	0.0	0.0	0.0	0.0	0.0	0.0	0.0	0.0	0.0	0.0	0.0	0.0	0.0	0.0	0.0	0.0	0.0	0.0	0.0	0.0	0.0	0.0	0.0	0.0	0.0	0.0	0.0	0.0
126_TASK04_CON72_12.0_posneg	posneg	12.0	0.0	0.0	0.0	0.0	0.0	0.0	0.0	0.0	0.0	0.0	0.0	0.0	0.0	0.0	0.0	0.0	0.0	0.0	0.0	0.0	0.0	0.0	0.0	0.0	0.0	0.0	0.0	0.0	0.0	0.0	0.0	0.0	0.0	0.0	0.0	0.0	0.0	0.0	0.0	0.0	0.0	0.0	0.0	0.0	0.0	0.0	0.0
126_TASK04_CON72_12.0_pos	pos	12.0	0.0	0.0	0.0	0.0	0.0	0.0	0.0	0.0	0.0	0.0	0.0	0.0	0.0	0.0	0.0	0.0	0.0	0.0	0.0	0.0	0.0	0.0	0.0	0.0	0.0	0.0	0.0	0.0	0.0	0.0	0.0	0.0	0.0	0.0	0.0	0.0	0.0	0.0	0.0	0.0	0.0	0.0	0.0	0.0	0.0	0.0	0.0
126_TASK04_CON72_13.0_posneg	posneg	13.0	0.0	0.0	0.0	0.0	0.0	0.0	0.0	0.0	0.0	0.0	0.0	0.0	0.0	0.0	0.0	0.0	0.0	0.0	0.0	0.0	0.0	0.0	0.0	0.0	0.0	0.0	0.0	0.0	0.0	0.0	0.0	0.0	0.0	0.0	0.0	0.0	0.0	0.0	0.0	0.0	0.0	0.0	0.0	0.0	0.0	0.0	0.0
126_TASK04_CON72_13.0_pos	pos	13.0	0.0	0.0	0.0	0.0	0.0	0.0	0.0	0.0	0.0	0.0	0.0	0.0	0.0	0.0	0.0	0.0	0.0	0.0	0.0	0.0	0.0	0.0	0.0	0.0	0.0	0.0	0.0	0.0	0.0	0.0	0.0	0.0	0.0	0.0	0.0	0.0	0.0	0.0	0.0	0.0	0.0	0.0	0.0	0.0	0.0	0.0	0.0
126_TASK04_CON73_0.0_posneg	posneg	0.0	228380.0	228380.0	228380.0	228380.0	228380.0	228380.0	228380.0	228380.0	228380.0	228380.0	228380.0	228380.0	228380.0	228380.0	228380.0	228380.0	228380.0	228380.0	228380.0	228380.0	228380.0	228380.0	228380.0	228380.0	228380.0	228380.0	228380.0	228380.0	228380.0	228380.0	228380.0	228380.0	228380.0	228380.0	228380.0	228380.0	228380.0	228380.0	228380.0	228380.0	228380.0	228380.0	228380.0	228380.0	228380.0	228380.0	228380.0
126_TASK04_CON73_0.0_pos	pos	0.0	228349.0	228349.0	228349.0	228349.0	228349.0	228349.0	228349.0	228349.0	228349.0	228349.0	228349.0	228349.0	228349.0	228349.0	228349.0	228349.0	228349.0	228349.0	228349.0	228349.0	228349.0	228349.0	228349.0	228349.0	228349.0	228349.0	228349.0	228349.0	228349.0	228349.0	228349.0	228349.0	228349.0	228349.0	228349.0	228349.0	228349.0	228349.0	228349.0	228349.0	228349.0	228349.0	228349.0	228349.0	228349.0	228349.0	228349.0
126_TASK04_CON73_1.0_posneg	posneg	1.0	228281.0	228281.0	228281.0	228281.0	228281.0	228281.0	228281.0	228281.0	228281.0	228281.0	228281.0	228281.0	228281.0	228281.0	228281.0	228281.0	228281.0	228281.0	228281.0	228281.0	228281.0	228281.0	228281.0	228281.0	228281.0	228281.0	228281.0	228281.0	228281.0	228281.0	228281.0	228281.0	228281.0	228281.0	228281.0	228281.0	228281.0	228281.0	228281.0	228281.0	228281.0	228281.0	228281.0	228281.0	228281.0	228281.0	228281.0
126_TASK04_CON73_1.0_pos	pos	1.0	228276.0	228276.0	228276.0	228276.0	228276.0	228276.0	228276.0	228276.0	228276.0	228276.0	228276.0	228276.0	228276.0	228276.0	228276.0	228276.0	228276.0	228276.0	228276.0	228276.0	228276.0	228276.0	228276.0	228276.0	228276.0	228276.0	228276.0	228276.0	228276.0	228276.0	228276.0	228276.0	228276.0	228276.0	228276.0	228276.0	228276.0	228276.0	228276.0	228276.0	228276.0	228276.0	228276.0	228276.0	228276.0	228276.0	228276.0
126_TASK04_CON73_2.0_posneg	posneg	2.0	228241.0	228241.0	228241.0	228241.0	228241.0	228241.0	228241.0	228241.0	228241.0	228241.0	228241.0	228241.0	228241.0	228241.0	228241.0	228241.0	228241.0	228241.0	228241.0	228241.0	228241.0	228241.0	228241.0	228241.0	228241.0	228241.0	228241.0	228241.0	228241.0	228241.0	228241.0	228241.0	228241.0	228241.0	228241.0	228241.0	228241.0	228241.0	228241.0	228241.0	228241.0	228241.0	228241.0	228241.0	228241.0	228241.0	228241.0
126_TASK04_CON73_2.0_pos	pos	2.0	228241.0	228241.0	228241.0	228241.0	228241.0	228241.0	228241.0	228241.0	228241.0	228241.0	228241.0	228241.0	228241.0	228241.0	228241.0	228241.0	228241.0	228241.0	228241.0	228241.0	228241.0	228241.0	228241.0	228241.0	228241.0	228241.0	228241.0	228241.0	228241.0	228241.0	228241.0	228241.0	228241.0	228241.0	228241.0	228241.0	228241.0	228241.0	228241.0	228241.0	228241.0	228241.0	228241.0	228241.0	228241.0	228241.0	228241.0
126_TASK04_CON73_3.0_posneg	posneg	3.0	228241.0	228241.0	228241.0	228241.0	228241.0	228241.0	228241.0	228241.0	228241.0	228241.0	228241.0	228241.0	228241.0	228241.0	228241.0	228241.0	228241.0	228241.0	228241.0	228241.0	228241.0	228241.0	228241.0	228241.0	228241.0	228241.0	228241.0	228241.0	228241.0	228241.0	228241.0	228241.0	228241.0	228241.0	228241.0	228241.0	228241.0	228241.0	228241.0	228241.0	228241.0	228241.0	228241.0	228241.0	228241.0	228241.0	228241.0
126_TASK04_CON73_3.0_pos	pos	3.0	228241.0	228241.0	228241.0	228241.0	228241.0	228241.0	228241.0	228241.0	228241.0	228241.0	228241.0	228241.0	228241.0	228241.0	228241.0	228241.0	228241.0	228241.0	228241.0	228241.0	228241.0	228241.0	228241.0	228241.0	228241.0	228241.0	228241.0	228241.0	228241.0	228241.0	228241.0	228241.0	228241.0	228241.0	228241.0	228241.0	228241.0	228241.0	228241.0	228241.0	228241.0	228241.0	228241.0	228241.0	228241.0	228241.0	228241.0
126_TASK04_CON73_4.0_posneg	posneg	4.0	228241.0	228241.0	228241.0	228241.0	228241.0	228241.0	228241.0	228241.0	228241.0	228241.0	228241.0	228241.0	228241.0	228241.0	228241.0	228241.0	228241.0	228241.0	228241.0	228241.0	228241.0	228241.0	228241.0	228241.0	228241.0	228241.0	228241.0	228241.0	228241.0	228241.0	228241.0	228241.0	228241.0	228241.0	228241.0	228241.0	228241.0	228241.0	228241.0	228241.0	228241.0	228241.0	228241.0	228241.0	228241.0	228241.0	228241.0
126_TASK04_CON73_4.0_pos	pos	4.0	228241.0	228241.0	228241.0	228241.0	228241.0	228241.0	228241.0	228241.0	228241.0	228241.0	228241.0	228241.0	228241.0	228241.0	228241.0	228241.0	228241.0	228241.0	228241.0	228241.0	228241.0	228241.0	228241.0	228241.0	228241.0	228241.0	228241.0	228241.0	228241.0	228241.0	228241.0	228241.0	228241.0	228241.0	228241.0	228241.0	228241.0	228241.0	228241.0	228241.0	228241.0	228241.0	228241.0	228241.0	228241.0	228241.0	228241.0
126_TASK04_CON73_5.0_posneg	posneg	5.0	228241.0	228241.0	228241.0	228241.0	228241.0	228241.0	228241.0	228241.0	228241.0	228241.0	228241.0	228241.0	228241.0	228241.0	228241.0	228241.0	228241.0	228241.0	228241.0	228241.0	228241.0	228241.0	228241.0	228241.0	228241.0	228241.0	228241.0	228241.0	228241.0	228241.0	228241.0	228241.0	228241.0	228241.0	228241.0	228241.0	228241.0	228241.0	228241.0	228241.0	228241.0	228241.0	228241.0	228241.0	228241.0	228241.0	228241.0
126_TASK04_CON73_5.0_pos	pos	5.0	228241.0	228241.0	228241.0	228241.0	228241.0	228241.0	228241.0	228241.0	228241.0	228241.0	228241.0	228241.0	228241.0	228241.0	228241.0	228241.0	228241.0	228241.0	228241.0	228241.0	228241.0	228241.0	228241.0	228241.0	228241.0	228241.0	228241.0	228241.0	228241.0	228241.0	228241.0	228241.0	228241.0	228241.0	228241.0	228241.0	228241.0	228241.0	228241.0	228241.0	228241.0	228241.0	228241.0	228241.0	228241.0	228241.0	228241.0
126_TASK04_CON73_6.0_posneg	posneg	6.0	228241.0	228241.0	228241.0	228241.0	228241.0	228241.0	228241.0	228241.0	228241.0	228241.0	228241.0	228241.0	228241.0	228241.0	228241.0	228241.0	228241.0	228241.0	228241.0	228241.0	228241.0	228241.0	228241.0	228241.0	228241.0	228241.0	228241.0	228241.0	228241.0	228241.0	228241.0	228241.0	228241.0	228241.0	228241.0	228241.0	228241.0	228241.0	228241.0	228241.0	228241.0	228241.0	228241.0	228241.0	228241.0	228241.0	228241.0
126_TASK04_CON73_6.0_pos	pos	6.0	228241.0	228241.0	228241.0	228241.0	228241.0	228241.0	228241.0	228241.0	228241.0	228241.0	228241.0	228241.0	228241.0	228241.0	228241.0	228241.0	228241.0	228241.0	228241.0	228241.0	228241.0	228241.0	228241.0	228241.0	228241.0	228241.0	228241.0	228241.0	228241.0	228241.0	228241.0	228241.0	228241.0	228241.0	228241.0	228241.0	228241.0	228241.0	228241.0	228241.0	228241.0	228241.0	228241.0	228241.0	228241.0	228241.0	228241.0
126_TASK04_CON73_7.0_posneg	posneg	7.0	228241.0	228241.0	228241.0	228241.0	228241.0	228241.0	228241.0	228241.0	228241.0	228241.0	228241.0	228241.0	228241.0	228241.0	228241.0	228241.0	228241.0	228241.0	228241.0	228241.0	228241.0	228241.0	228241.0	228241.0	228241.0	228241.0	228241.0	228241.0	228241.0	228241.0	228241.0	228241.0	228241.0	228241.0	228241.0	228241.0	228241.0	228241.0	228241.0	228241.0	228241.0	228241.0	228241.0	228241.0	228241.0	228241.0	228241.0
126_TASK04_CON73_7.0_pos	pos	7.0	228241.0	228241.0	228241.0	228241.0	228241.0	228241.0	228241.0	228241.0	228241.0	228241.0	228241.0	228241.0	228241.0	228241.0	228241.0	228241.0	228241.0	228241.0	228241.0	228241.0	228241.0	228241.0	228241.0	228241.0	228241.0	228241.0	228241.0	228241.0	228241.0	228241.0	228241.0	228241.0	228241.0	228241.0	228241.0	228241.0	228241.0	228241.0	228241.0	228241.0	228241.0	228241.0	228241.0	228241.0	228241.0	228241.0	228241.0
126_TASK04_CON73_8.0_posneg	posneg	8.0	228241.0	228241.0	228241.0	228241.0	228241.0	228241.0	228241.0	228241.0	228241.0	228241.0	228241.0	228241.0	228241.0	228241.0	228241.0	228241.0	228241.0	228241.0	228241.0	228241.0	228241.0	228241.0	228241.0	228241.0	228241.0	228241.0	228241.0	228241.0	228241.0	228241.0	228241.0	228241.0	228241.0	228241.0	228241.0	228241.0	228241.0	228241.0	228241.0	228241.0	228241.0	228241.0	228241.0	228241.0	228241.0	228241.0	228241.0
126_TASK04_CON73_8.0_pos	pos	8.0	228241.0	228241.0	228241.0	228241.0	228241.0	228241.0	228241.0	228241.0	228241.0	228241.0	228241.0	228241.0	228241.0	228241.0	228241.0	228241.0	228241.0	228241.0	228241.0	228241.0	228241.0	228241.0	228241.0	228241.0	228241.0	228241.0	228241.0	228241.0	228241.0	228241.0	228241.0	228241.0	228241.0	228241.0	228241.0	228241.0	228241.0	228241.0	228241.0	228241.0	228241.0	228241.0	228241.0	228241.0	228241.0	228241.0	228241.0
126_TASK04_CON73_9.0_posneg	posneg	9.0	228241.0	228241.0	228241.0	228241.0	228241.0	228241.0	228241.0	228241.0	228241.0	228241.0	228241.0	228241.0	228241.0	228241.0	228241.0	228241.0	228241.0	228241.0	228241.0	228241.0	228241.0	228241.0	228241.0	228241.0	228241.0	228241.0	228241.0	228241.0	228241.0	228241.0	228241.0	228241.0	228241.0	228241.0	228241.0	228241.0	228241.0	228241.0	228241.0	228241.0	228241.0	228241.0	228241.0	228241.0	228241.0	228241.0	228241.0
126_TASK04_CON73_9.0_pos	pos	9.0	228241.0	228241.0	228241.0	228241.0	228241.0	228241.0	228241.0	228241.0	228241.0	228241.0	228241.0	228241.0	228241.0	228241.0	228241.0	228241.0	228241.0	228241.0	228241.0	228241.0	228241.0	228241.0	228241.0	228241.0	228241.0	228241.0	228241.0	228241.0	228241.0	228241.0	228241.0	228241.0	228241.0	228241.0	228241.0	228241.0	228241.0	228241.0	228241.0	228241.0	228241.0	228241.0	228241.0	228241.0	228241.0	228241.0	228241.0
126_TASK04_CON73_10.0_posneg	posneg	10.0	228241.0	228241.0	228241.0	228241.0	228241.0	228241.0	228241.0	228241.0	228241.0	228241.0	228241.0	228241.0	228241.0	228241.0	228241.0	228241.0	228241.0	228241.0	228241.0	228241.0	228241.0	228241.0	228241.0	228241.0	228241.0	228241.0	228241.0	228241.0	228241.0	228241.0	228241.0	228241.0	228241.0	228241.0	228241.0	228241.0	228241.0	228241.0	228241.0	228241.0	228241.0	228241.0	228241.0	228241.0	228241.0	228241.0	228241.0
126_TASK04_CON73_10.0_pos	pos	10.0	228241.0	228241.0	228241.0	228241.0	228241.0	228241.0	228241.0	228241.0	228241.0	228241.0	228241.0	228241.0	228241.0	228241.0	228241.0	228241.0	228241.0	228241.0	228241.0	228241.0	228241.0	228241.0	228241.0	228241.0	228241.0	228241.0	228241.0	228241.0	228241.0	228241.0	228241.0	228241.0	228241.0	228241.0	228241.0	228241.0	228241.0	228241.0	228241.0	228241.0	228241.0	228241.0	228241.0	228241.0	228241.0	228241.0	228241.0
126_TASK04_CON73_11.0_posneg	posneg	11.0	0.0	0.0	0.0	0.0	0.0	0.0	0.0	0.0	0.0	0.0	0.0	0.0	0.0	0.0	0.0	0.0	0.0	0.0	0.0	0.0	0.0	0.0	0.0	0.0	0.0	0.0	0.0	0.0	0.0	0.0	0.0	0.0	0.0	0.0	0.0	0.0	0.0	0.0	0.0	0.0	0.0	0.0	0.0	0.0	0.0	0.0	0.0
126_TASK04_CON73_11.0_pos	pos	11.0	0.0	0.0	0.0	0.0	0.0	0.0	0.0	0.0	0.0	0.0	0.0	0.0	0.0	0.0	0.0	0.0	0.0	0.0	0.0	0.0	0.0	0.0	0.0	0.0	0.0	0.0	0.0	0.0	0.0	0.0	0.0	0.0	0.0	0.0	0.0	0.0	0.0	0.0	0.0	0.0	0.0	0.0	0.0	0.0	0.0	0.0	0.0
126_TASK04_CON73_12.0_posneg	posneg	12.0	0.0	0.0	0.0	0.0	0.0	0.0	0.0	0.0	0.0	0.0	0.0	0.0	0.0	0.0	0.0	0.0	0.0	0.0	0.0	0.0	0.0	0.0	0.0	0.0	0.0	0.0	0.0	0.0	0.0	0.0	0.0	0.0	0.0	0.0	0.0	0.0	0.0	0.0	0.0	0.0	0.0	0.0	0.0	0.0	0.0	0.0	0.0
126_TASK04_CON73_12.0_pos	pos	12.0	0.0	0.0	0.0	0.0	0.0	0.0	0.0	0.0	0.0	0.0	0.0	0.0	0.0	0.0	0.0	0.0	0.0	0.0	0.0	0.0	0.0	0.0	0.0	0.0	0.0	0.0	0.0	0.0	0.0	0.0	0.0	0.0	0.0	0.0	0.0	0.0	0.0	0.0	0.0	0.0	0.0	0.0	0.0	0.0	0.0	0.0	0.0
126_TASK04_CON73_13.0_posneg	posneg	13.0	0.0	0.0	0.0	0.0	0.0	0.0	0.0	0.0	0.0	0.0	0.0	0.0	0.0	0.0	0.0	0.0	0.0	0.0	0.0	0.0	0.0	0.0	0.0	0.0	0.0	0.0	0.0	0.0	0.0	0.0	0.0	0.0	0.0	0.0	0.0	0.0	0.0	0.0	0.0	0.0	0.0	0.0	0.0	0.0	0.0	0.0	0.0
126_TASK04_CON73_13.0_pos	pos	13.0	0.0	0.0	0.0	0.0	0.0	0.0	0.0	0.0	0.0	0.0	0.0	0.0	0.0	0.0	0.0	0.0	0.0	0.0	0.0	0.0	0.0	0.0	0.0	0.0	0.0	0.0	0.0	0.0	0.0	0.0	0.0	0.0	0.0	0.0	0.0	0.0	0.0	0.0	0.0	0.0	0.0	0.0	0.0	0.0	0.0	0.0	0.0
126_TASK05_CON13_0.0_posneg	posneg	0.0	228380.0	228380.0	228380.0	228380.0	228380.0	228380.0	228380.0	228380.0	228380.0	228380.0	228380.0	228380.0	228380.0	228380.0	228380.0	228380.0	228380.0	228380.0	228380.0	228380.0	228380.0	228380.0	228380.0	228380.0	228380.0	228380.0	228380.0	228380.0	228380.0	228380.0	228380.0	228380.0	228380.0	228380.0	228380.0	228380.0	228380.0	228380.0	228380.0	228380.0	228380.0	228380.0	228380.0	228380.0	228380.0	228380.0	228380.0
126_TASK05_CON13_0.0_pos	pos	0.0	228322.0	228322.0	228322.0	228322.0	228322.0	228322.0	228322.0	228322.0	228322.0	228322.0	228322.0	228322.0	228322.0	228322.0	228322.0	228322.0	228322.0	228322.0	228322.0	228322.0	228322.0	228322.0	228322.0	228322.0	228322.0	228322.0	228322.0	228322.0	228322.0	228322.0	228322.0	228322.0	228322.0	228322.0	228322.0	228322.0	228322.0	228322.0	228322.0	228322.0	228322.0	228322.0	228322.0	228322.0	228322.0	228322.0	228322.0
126_TASK05_CON13_1.0_posneg	posneg	1.0	228268.0	228268.0	228268.0	228268.0	228268.0	228268.0	228268.0	228268.0	228268.0	228268.0	228268.0	228268.0	228268.0	228268.0	228268.0	228268.0	228268.0	228268.0	228268.0	228268.0	228268.0	228268.0	228268.0	228268.0	228268.0	228268.0	228268.0	228268.0	228268.0	228268.0	228268.0	228268.0	228268.0	228268.0	228268.0	228268.0	228268.0	228268.0	228268.0	228268.0	228268.0	228268.0	228268.0	228268.0	228268.0	228268.0	228268.0
126_TASK05_CON13_1.0_pos	pos	1.0	228256.0	228256.0	228256.0	228256.0	228256.0	228256.0	228256.0	228256.0	228256.0	228256.0	228256.0	228256.0	228256.0	228256.0	228256.0	228256.0	228256.0	228256.0	228256.0	228256.0	228256.0	228256.0	228256.0	228256.0	228256.0	228256.0	228256.0	228256.0	228256.0	228256.0	228256.0	228256.0	228256.0	228256.0	228256.0	228256.0	228256.0	228256.0	228256.0	228256.0	228256.0	228256.0	228256.0	228256.0	228256.0	228256.0	228256.0
126_TASK05_CON13_2.0_posneg	posneg	2.0	228241.0	228241.0	228241.0	228241.0	228241.0	228241.0	228241.0	228241.0	228241.0	228241.0	228241.0	228241.0	228241.0	228241.0	228241.0	228241.0	228241.0	228241.0	228241.0	228241.0	228241.0	228241.0	228241.0	228241.0	228241.0	228241.0	228241.0	228241.0	228241.0	228241.0	228241.0	228241.0	228241.0	228241.0	228241.0	228241.0	228241.0	228241.0	228241.0	228241.0	228241.0	228241.0	228241.0	228241.0	228241.0	228241.0	228241.0
126_TASK05_CON13_2.0_pos	pos	2.0	228241.0	228241.0	228241.0	228241.0	228241.0	228241.0	228241.0	228241.0	228241.0	228241.0	228241.0	228241.0	228241.0	228241.0	228241.0	228241.0	228241.0	228241.0	228241.0	228241.0	228241.0	228241.0	228241.0	228241.0	228241.0	228241.0	228241.0	228241.0	228241.0	228241.0	228241.0	228241.0	228241.0	228241.0	228241.0	228241.0	228241.0	228241.0	228241.0	228241.0	228241.0	228241.0	228241.0	228241.0	228241.0	228241.0	228241.0
126_TASK05_CON13_3.0_posneg	posneg	3.0	228241.0	228241.0	228241.0	228241.0	228241.0	228241.0	228241.0	228241.0	228241.0	228241.0	228241.0	228241.0	228241.0	228241.0	228241.0	228241.0	228241.0	228241.0	228241.0	228241.0	228241.0	228241.0	228241.0	228241.0	228241.0	228241.0	228241.0	228241.0	228241.0	228241.0	228241.0	228241.0	228241.0	228241.0	228241.0	228241.0	228241.0	228241.0	228241.0	228241.0	228241.0	228241.0	228241.0	228241.0	228241.0	228241.0	228241.0
126_TASK05_CON13_3.0_pos	pos	3.0	228241.0	228241.0	228241.0	228241.0	228241.0	228241.0	228241.0	228241.0	228241.0	228241.0	228241.0	228241.0	228241.0	228241.0	228241.0	228241.0	228241.0	228241.0	228241.0	228241.0	228241.0	228241.0	228241.0	228241.0	228241.0	228241.0	228241.0	228241.0	228241.0	228241.0	228241.0	228241.0	228241.0	228241.0	228241.0	228241.0	228241.0	228241.0	228241.0	228241.0	228241.0	228241.0	228241.0	228241.0	228241.0	228241.0	228241.0
126_TASK05_CON13_4.0_posneg	posneg	4.0	228241.0	228241.0	228241.0	228241.0	228241.0	228241.0	228241.0	228241.0	228241.0	228241.0	228241.0	228241.0	228241.0	228241.0	228241.0	228241.0	228241.0	228241.0	228241.0	228241.0	228241.0	228241.0	228241.0	228241.0	228241.0	228241.0	228241.0	228241.0	228241.0	228241.0	228241.0	228241.0	228241.0	228241.0	228241.0	228241.0	228241.0	228241.0	228241.0	228241.0	228241.0	228241.0	228241.0	228241.0	228241.0	228241.0	228241.0
126_TASK05_CON13_4.0_pos	pos	4.0	228241.0	228241.0	228241.0	228241.0	228241.0	228241.0	228241.0	228241.0	228241.0	228241.0	228241.0	228241.0	228241.0	228241.0	228241.0	228241.0	228241.0	228241.0	228241.0	228241.0	228241.0	228241.0	228241.0	228241.0	228241.0	228241.0	228241.0	228241.0	228241.0	228241.0	228241.0	228241.0	228241.0	228241.0	228241.0	228241.0	228241.0	228241.0	228241.0	228241.0	228241.0	228241.0	228241.0	228241.0	228241.0	228241.0	228241.0
126_TASK05_CON13_5.0_posneg	posneg	5.0	228241.0	228241.0	228241.0	228241.0	228241.0	228241.0	228241.0	228241.0	228241.0	228241.0	228241.0	228241.0	228241.0	228241.0	228241.0	228241.0	228241.0	228241.0	228241.0	228241.0	228241.0	228241.0	228241.0	228241.0	228241.0	228241.0	228241.0	228241.0	228241.0	228241.0	228241.0	228241.0	228241.0	228241.0	228241.0	228241.0	228241.0	228241.0	228241.0	228241.0	228241.0	228241.0	228241.0	228241.0	228241.0	228241.0	228241.0
126_TASK05_CON13_5.0_pos	pos	5.0	228241.0	228241.0	228241.0	228241.0	228241.0	228241.0	228241.0	228241.0	228241.0	228241.0	228241.0	228241.0	228241.0	228241.0	228241.0	228241.0	228241.0	228241.0	228241.0	228241.0	228241.0	228241.0	228241.0	228241.0	228241.0	228241.0	228241.0	228241.0	228241.0	228241.0	228241.0	228241.0	228241.0	228241.0	228241.0	228241.0	228241.0	228241.0	228241.0	228241.0	228241.0	228241.0	228241.0	228241.0	228241.0	228241.0	228241.0
126_TASK05_CON13_6.0_posneg	posneg	6.0	228241.0	228241.0	228241.0	228241.0	228241.0	228241.0	228241.0	228241.0	228241.0	228241.0	228241.0	228241.0	228241.0	228241.0	228241.0	228241.0	228241.0	228241.0	228241.0	228241.0	228241.0	228241.0	228241.0	228241.0	228241.0	228241.0	228241.0	228241.0	228241.0	228241.0	228241.0	228241.0	228241.0	228241.0	228241.0	228241.0	228241.0	228241.0	228241.0	228241.0	228241.0	228241.0	228241.0	228241.0	228241.0	228241.0	228241.0
126_TASK05_CON13_6.0_pos	pos	6.0	228241.0	228241.0	228241.0	228241.0	228241.0	228241.0	228241.0	228241.0	228241.0	228241.0	228241.0	228241.0	228241.0	228241.0	228241.0	228241.0	228241.0	228241.0	228241.0	228241.0	228241.0	228241.0	228241.0	228241.0	228241.0	228241.0	228241.0	228241.0	228241.0	228241.0	228241.0	228241.0	228241.0	228241.0	228241.0	228241.0	228241.0	228241.0	228241.0	228241.0	228241.0	228241.0	228241.0	228241.0	228241.0	228241.0	228241.0
126_TASK05_CON13_7.0_posneg	posneg	7.0	228241.0	228241.0	228241.0	228241.0	228241.0	228241.0	228241.0	228241.0	228241.0	228241.0	228241.0	228241.0	228241.0	228241.0	228241.0	228241.0	228241.0	228241.0	228241.0	228241.0	228241.0	228241.0	228241.0	228241.0	228241.0	228241.0	228241.0	228241.0	228241.0	228241.0	228241.0	228241.0	228241.0	228241.0	228241.0	228241.0	228241.0	228241.0	228241.0	228241.0	228241.0	228241.0	228241.0	228241.0	228241.0	228241.0	228241.0
126_TASK05_CON13_7.0_pos	pos	7.0	228241.0	228241.0	228241.0	228241.0	228241.0	228241.0	228241.0	228241.0	228241.0	228241.0	228241.0	228241.0	228241.0	228241.0	228241.0	228241.0	228241.0	228241.0	228241.0	228241.0	228241.0	228241.0	228241.0	228241.0	228241.0	228241.0	228241.0	228241.0	228241.0	228241.0	228241.0	228241.0	228241.0	228241.0	228241.0	228241.0	228241.0	228241.0	228241.0	228241.0	228241.0	228241.0	228241.0	228241.0	228241.0	228241.0	228241.0
126_TASK05_CON13_8.0_posneg	posneg	8.0	228241.0	228241.0	228241.0	228241.0	228241.0	228241.0	228241.0	228241.0	228241.0	228241.0	228241.0	228241.0	228241.0	228241.0	228241.0	228241.0	228241.0	228241.0	228241.0	228241.0	228241.0	228241.0	228241.0	228241.0	228241.0	228241.0	228241.0	228241.0	228241.0	228241.0	228241.0	228241.0	228241.0	228241.0	228241.0	228241.0	228241.0	228241.0	228241.0	228241.0	228241.0	228241.0	228241.0	228241.0	228241.0	228241.0	228241.0
126_TASK05_CON13_8.0_pos	pos	8.0	228241.0	228241.0	228241.0	228241.0	228241.0	228241.0	228241.0	228241.0	228241.0	228241.0	228241.0	228241.0	228241.0	228241.0	228241.0	228241.0	228241.0	228241.0	228241.0	228241.0	228241.0	228241.0	228241.0	228241.0	228241.0	228241.0	228241.0	228241.0	228241.0	228241.0	228241.0	228241.0	228241.0	228241.0	228241.0	228241.0	228241.0	228241.0	228241.0	228241.0	228241.0	228241.0	228241.0	228241.0	228241.0	228241.0	228241.0
126_TASK05_CON13_9.0_posneg	posneg	9.0	228241.0	228241.0	228241.0	228241.0	228241.0	228241.0	228241.0	228241.0	228241.0	228241.0	228241.0	228241.0	228241.0	228241.0	228241.0	228241.0	228241.0	228241.0	228241.0	228241.0	228241.0	228241.0	228241.0	228241.0	228241.0	228241.0	228241.0	228241.0	228241.0	228241.0	228241.0	228241.0	228241.0	228241.0	228241.0	228241.0	228241.0	228241.0	228241.0	228241.0	228241.0	228241.0	228241.0	228241.0	228241.0	228241.0	228241.0
126_TASK05_CON13_9.0_pos	pos	9.0	228241.0	228241.0	228241.0	228241.0	228241.0	228241.0	228241.0	228241.0	228241.0	228241.0	228241.0	228241.0	228241.0	228241.0	228241.0	228241.0	228241.0	228241.0	228241.0	228241.0	228241.0	228241.0	228241.0	228241.0	228241.0	228241.0	228241.0	228241.0	228241.0	228241.0	228241.0	228241.0	228241.0	228241.0	228241.0	228241.0	228241.0	228241.0	228241.0	228241.0	228241.0	228241.0	228241.0	228241.0	228241.0	228241.0	228241.0
126_TASK05_CON13_10.0_posneg	posneg	10.0	228241.0	228241.0	228241.0	228241.0	228241.0	228241.0	228241.0	228241.0	228241.0	228241.0	228241.0	228241.0	228241.0	228241.0	228241.0	228241.0	228241.0	228241.0	228241.0	228241.0	228241.0	228241.0	228241.0	228241.0	228241.0	228241.0	228241.0	228241.0	228241.0	228241.0	228241.0	228241.0	228241.0	228241.0	228241.0	228241.0	228241.0	228241.0	228241.0	228241.0	228241.0	228241.0	228241.0	228241.0	228241.0	228241.0	228241.0
126_TASK05_CON13_10.0_pos	pos	10.0	228241.0	228241.0	228241.0	228241.0	228241.0	228241.0	228241.0	228241.0	228241.0	228241.0	228241.0	228241.0	228241.0	228241.0	228241.0	228241.0	228241.0	228241.0	228241.0	228241.0	228241.0	228241.0	228241.0	228241.0	228241.0	228241.0	228241.0	228241.0	228241.0	228241.0	228241.0	228241.0	228241.0	228241.0	228241.0	228241.0	228241.0	228241.0	228241.0	228241.0	228241.0	228241.0	228241.0	228241.0	228241.0	228241.0	228241.0
126_TASK05_CON13_11.0_posneg	posneg	11.0	0.0	0.0	0.0	0.0	0.0	0.0	0.0	0.0	0.0	0.0	0.0	0.0	0.0	0.0	0.0	0.0	0.0	0.0	0.0	0.0	0.0	0.0	0.0	0.0	0.0	0.0	0.0	0.0	0.0	0.0	0.0	0.0	0.0	0.0	0.0	0.0	0.0	0.0	0.0	0.0	0.0	0.0	0.0	0.0	0.0	0.0	0.0
126_TASK05_CON13_11.0_pos	pos	11.0	0.0	0.0	0.0	0.0	0.0	0.0	0.0	0.0	0.0	0.0	0.0	0.0	0.0	0.0	0.0	0.0	0.0	0.0	0.0	0.0	0.0	0.0	0.0	0.0	0.0	0.0	0.0	0.0	0.0	0.0	0.0	0.0	0.0	0.0	0.0	0.0	0.0	0.0	0.0	0.0	0.0	0.0	0.0	0.0	0.0	0.0	0.0
126_TASK05_CON13_12.0_posneg	posneg	12.0	0.0	0.0	0.0	0.0	0.0	0.0	0.0	0.0	0.0	0.0	0.0	0.0	0.0	0.0	0.0	0.0	0.0	0.0	0.0	0.0	0.0	0.0	0.0	0.0	0.0	0.0	0.0	0.0	0.0	0.0	0.0	0.0	0.0	0.0	0.0	0.0	0.0	0.0	0.0	0.0	0.0	0.0	0.0	0.0	0.0	0.0	0.0
126_TASK05_CON13_12.0_pos	pos	12.0	0.0	0.0	0.0	0.0	0.0	0.0	0.0	0.0	0.0	0.0	0.0	0.0	0.0	0.0	0.0	0.0	0.0	0.0	0.0	0.0	0.0	0.0	0.0	0.0	0.0	0.0	0.0	0.0	0.0	0.0	0.0	0.0	0.0	0.0	0.0	0.0	0.0	0.0	0.0	0.0	0.0	0.0	0.0	0.0	0.0	0.0	0.0
126_TASK05_CON13_13.0_posneg	posneg	13.0	0.0	0.0	0.0	0.0	0.0	0.0	0.0	0.0	0.0	0.0	0.0	0.0	0.0	0.0	0.0	0.0	0.0	0.0	0.0	0.0	0.0	0.0	0.0	0.0	0.0	0.0	0.0	0.0	0.0	0.0	0.0	0.0	0.0	0.0	0.0	0.0	0.0	0.0	0.0	0.0	0.0	0.0	0.0	0.0	0.0	0.0	0.0
126_TASK05_CON13_13.0_pos	pos	13.0	0.0	0.0	0.0	0.0	0.0	0.0	0.0	0.0	0.0	0.0	0.0	0.0	0.0	0.0	0.0	0.0	0.0	0.0	0.0	0.0	0.0	0.0	0.0	0.0	0.0	0.0	0.0	0.0	0.0	0.0	0.0	0.0	0.0	0.0	0.0	0.0	0.0	0.0	0.0	0.0	0.0	0.0	0.0	0.0	0.0	0.0	0.0
126_TASK05_CON14_0.0_posneg	posneg	0.0	228380.0	228380.0	228380.0	228380.0	228380.0	228380.0	228380.0	228380.0	228380.0	228380.0	228380.0	228380.0	228380.0	228380.0	228380.0	228380.0	228380.0	228380.0	228380.0	228380.0	228380.0	228380.0	228380.0	228380.0	228380.0	228380.0	228380.0	228380.0	228380.0	228380.0	228380.0	228380.0	228380.0	228380.0	228380.0	228380.0	228380.0	228380.0	228380.0	228380.0	228380.0	228380.0	228380.0	228380.0	228380.0	228380.0	228380.0
126_TASK05_CON14_0.0_pos	pos	0.0	228320.0	228320.0	228320.0	228320.0	228320.0	228320.0	228320.0	228320.0	228320.0	228320.0	228320.0	228320.0	228320.0	228320.0	228320.0	228320.0	228320.0	228320.0	228320.0	228320.0	228320.0	228320.0	228320.0	228320.0	228320.0	228320.0	228320.0	228320.0	228320.0	228320.0	228320.0	228320.0	228320.0	228320.0	228320.0	228320.0	228320.0	228320.0	228320.0	228320.0	228320.0	228320.0	228320.0	228320.0	228320.0	228320.0	228320.0
126_TASK05_CON14_1.0_posneg	posneg	1.0	228277.0	228277.0	228277.0	228277.0	228277.0	228277.0	228277.0	228277.0	228277.0	228277.0	228277.0	228277.0	228277.0	228277.0	228277.0	228277.0	228277.0	228277.0	228277.0	228277.0	228277.0	228277.0	228277.0	228277.0	228277.0	228277.0	228277.0	228277.0	228277.0	228277.0	228277.0	228277.0	228277.0	228277.0	228277.0	228277.0	228277.0	228277.0	228277.0	228277.0	228277.0	228277.0	228277.0	228277.0	228277.0	228277.0	228277.0
126_TASK05_CON14_1.0_pos	pos	1.0	228258.0	228258.0	228258.0	228258.0	228258.0	228258.0	228258.0	228258.0	228258.0	228258.0	228258.0	228258.0	228258.0	228258.0	228258.0	228258.0	228258.0	228258.0	228258.0	228258.0	228258.0	228258.0	228258.0	228258.0	228258.0	228258.0	228258.0	228258.0	228258.0	228258.0	228258.0	228258.0	228258.0	228258.0	228258.0	228258.0	228258.0	228258.0	228258.0	228258.0	228258.0	228258.0	228258.0	228258.0	228258.0	228258.0	228258.0
126_TASK05_CON14_2.0_posneg	posneg	2.0	228241.0	228241.0	228241.0	228241.0	228241.0	228241.0	228241.0	228241.0	228241.0	228241.0	228241.0	228241.0	228241.0	228241.0	228241.0	228241.0	228241.0	228241.0	228241.0	228241.0	228241.0	228241.0	228241.0	228241.0	228241.0	228241.0	228241.0	228241.0	228241.0	228241.0	228241.0	228241.0	228241.0	228241.0	228241.0	228241.0	228241.0	228241.0	228241.0	228241.0	228241.0	228241.0	228241.0	228241.0	228241.0	228241.0	228241.0
126_TASK05_CON14_2.0_pos	pos	2.0	228241.0	228241.0	228241.0	228241.0	228241.0	228241.0	228241.0	228241.0	228241.0	228241.0	228241.0	228241.0	228241.0	228241.0	228241.0	228241.0	228241.0	228241.0	228241.0	228241.0	228241.0	228241.0	228241.0	228241.0	228241.0	228241.0	228241.0	228241.0	228241.0	228241.0	228241.0	228241.0	228241.0	228241.0	228241.0	228241.0	228241.0	228241.0	228241.0	228241.0	228241.0	228241.0	228241.0	228241.0	228241.0	228241.0	228241.0
126_TASK05_CON14_3.0_posneg	posneg	3.0	228241.0	228241.0	228241.0	228241.0	228241.0	228241.0	228241.0	228241.0	228241.0	228241.0	228241.0	228241.0	228241.0	228241.0	228241.0	228241.0	228241.0	228241.0	228241.0	228241.0	228241.0	228241.0	228241.0	228241.0	228241.0	228241.0	228241.0	228241.0	228241.0	228241.0	228241.0	228241.0	228241.0	228241.0	228241.0	228241.0	228241.0	228241.0	228241.0	228241.0	228241.0	228241.0	228241.0	228241.0	228241.0	228241.0	228241.0
126_TASK05_CON14_3.0_pos	pos	3.0	228241.0	228241.0	228241.0	228241.0	228241.0	228241.0	228241.0	228241.0	228241.0	228241.0	228241.0	228241.0	228241.0	228241.0	228241.0	228241.0	228241.0	228241.0	228241.0	228241.0	228241.0	228241.0	228241.0	228241.0	228241.0	228241.0	228241.0	228241.0	228241.0	228241.0	228241.0	228241.0	228241.0	228241.0	228241.0	228241.0	228241.0	228241.0	228241.0	228241.0	228241.0	228241.0	228241.0	228241.0	228241.0	228241.0	228241.0
126_TASK05_CON14_4.0_posneg	posneg	4.0	228241.0	228241.0	228241.0	228241.0	228241.0	228241.0	228241.0	228241.0	228241.0	228241.0	228241.0	228241.0	228241.0	228241.0	228241.0	228241.0	228241.0	228241.0	228241.0	228241.0	228241.0	228241.0	228241.0	228241.0	228241.0	228241.0	228241.0	228241.0	228241.0	228241.0	228241.0	228241.0	228241.0	228241.0	228241.0	228241.0	228241.0	228241.0	228241.0	228241.0	228241.0	228241.0	228241.0	228241.0	228241.0	228241.0	228241.0
126_TASK05_CON14_4.0_pos	pos	4.0	228241.0	228241.0	228241.0	228241.0	228241.0	228241.0	228241.0	228241.0	228241.0	228241.0	228241.0	228241.0	228241.0	228241.0	228241.0	228241.0	228241.0	228241.0	228241.0	228241.0	228241.0	228241.0	228241.0	228241.0	228241.0	228241.0	228241.0	228241.0	228241.0	228241.0	228241.0	228241.0	228241.0	228241.0	228241.0	228241.0	228241.0	228241.0	228241.0	228241.0	228241.0	228241.0	228241.0	228241.0	228241.0	228241.0	228241.0
126_TASK05_CON14_5.0_posneg	posneg	5.0	228241.0	228241.0	228241.0	228241.0	228241.0	228241.0	228241.0	228241.0	228241.0	228241.0	228241.0	228241.0	228241.0	228241.0	228241.0	228241.0	228241.0	228241.0	228241.0	228241.0	228241.0	228241.0	228241.0	228241.0	228241.0	228241.0	228241.0	228241.0	228241.0	228241.0	228241.0	228241.0	228241.0	228241.0	228241.0	228241.0	228241.0	228241.0	228241.0	228241.0	228241.0	228241.0	228241.0	228241.0	228241.0	228241.0	228241.0
126_TASK05_CON14_5.0_pos	pos	5.0	228241.0	228241.0	228241.0	228241.0	228241.0	228241.0	228241.0	228241.0	228241.0	228241.0	228241.0	228241.0	228241.0	228241.0	228241.0	228241.0	228241.0	228241.0	228241.0	228241.0	228241.0	228241.0	228241.0	228241.0	228241.0	228241.0	228241.0	228241.0	228241.0	228241.0	228241.0	228241.0	228241.0	228241.0	228241.0	228241.0	228241.0	228241.0	228241.0	228241.0	228241.0	228241.0	228241.0	228241.0	228241.0	228241.0	228241.0
126_TASK05_CON14_6.0_posneg	posneg	6.0	228241.0	228241.0	228241.0	228241.0	228241.0	228241.0	228241.0	228241.0	228241.0	228241.0	228241.0	228241.0	228241.0	228241.0	228241.0	228241.0	228241.0	228241.0	228241.0	228241.0	228241.0	228241.0	228241.0	228241.0	228241.0	228241.0	228241.0	228241.0	228241.0	228241.0	228241.0	228241.0	228241.0	228241.0	228241.0	228241.0	228241.0	228241.0	228241.0	228241.0	228241.0	228241.0	228241.0	228241.0	228241.0	228241.0	228241.0
126_TASK05_CON14_6.0_pos	pos	6.0	228241.0	228241.0	228241.0	228241.0	228241.0	228241.0	228241.0	228241.0	228241.0	228241.0	228241.0	228241.0	228241.0	228241.0	228241.0	228241.0	228241.0	228241.0	228241.0	228241.0	228241.0	228241.0	228241.0	228241.0	228241.0	228241.0	228241.0	228241.0	228241.0	228241.0	228241.0	228241.0	228241.0	228241.0	228241.0	228241.0	228241.0	228241.0	228241.0	228241.0	228241.0	228241.0	228241.0	228241.0	228241.0	228241.0	228241.0
126_TASK05_CON14_7.0_posneg	posneg	7.0	228241.0	228241.0	228241.0	228241.0	228241.0	228241.0	228241.0	228241.0	228241.0	228241.0	228241.0	228241.0	228241.0	228241.0	228241.0	228241.0	228241.0	228241.0	228241.0	228241.0	228241.0	228241.0	228241.0	228241.0	228241.0	228241.0	228241.0	228241.0	228241.0	228241.0	228241.0	228241.0	228241.0	228241.0	228241.0	228241.0	228241.0	228241.0	228241.0	228241.0	228241.0	228241.0	228241.0	228241.0	228241.0	228241.0	228241.0
126_TASK05_CON14_7.0_pos	pos	7.0	228241.0	228241.0	228241.0	228241.0	228241.0	228241.0	228241.0	228241.0	228241.0	228241.0	228241.0	228241.0	228241.0	228241.0	228241.0	228241.0	228241.0	228241.0	228241.0	228241.0	228241.0	228241.0	228241.0	228241.0	228241.0	228241.0	228241.0	228241.0	228241.0	228241.0	228241.0	228241.0	228241.0	228241.0	228241.0	228241.0	228241.0	228241.0	228241.0	228241.0	228241.0	228241.0	228241.0	228241.0	228241.0	228241.0	228241.0
126_TASK05_CON14_8.0_posneg	posneg	8.0	228241.0	228241.0	228241.0	228241.0	228241.0	228241.0	228241.0	228241.0	228241.0	228241.0	228241.0	228241.0	228241.0	228241.0	228241.0	228241.0	228241.0	228241.0	228241.0	228241.0	228241.0	228241.0	228241.0	228241.0	228241.0	228241.0	228241.0	228241.0	228241.0	228241.0	228241.0	228241.0	228241.0	228241.0	228241.0	228241.0	228241.0	228241.0	228241.0	228241.0	228241.0	228241.0	228241.0	228241.0	228241.0	228241.0	228241.0
126_TASK05_CON14_8.0_pos	pos	8.0	228241.0	228241.0	228241.0	228241.0	228241.0	228241.0	228241.0	228241.0	228241.0	228241.0	228241.0	228241.0	228241.0	228241.0	228241.0	228241.0	228241.0	228241.0	228241.0	228241.0	228241.0	228241.0	228241.0	228241.0	228241.0	228241.0	228241.0	228241.0	228241.0	228241.0	228241.0	228241.0	228241.0	228241.0	228241.0	228241.0	228241.0	228241.0	228241.0	228241.0	228241.0	228241.0	228241.0	228241.0	228241.0	228241.0	228241.0
126_TASK05_CON14_9.0_posneg	posneg	9.0	228241.0	228241.0	228241.0	228241.0	228241.0	228241.0	228241.0	228241.0	228241.0	228241.0	228241.0	228241.0	228241.0	228241.0	228241.0	228241.0	228241.0	228241.0	228241.0	228241.0	228241.0	228241.0	228241.0	228241.0	228241.0	228241.0	228241.0	228241.0	228241.0	228241.0	228241.0	228241.0	228241.0	228241.0	228241.0	228241.0	228241.0	228241.0	228241.0	228241.0	228241.0	228241.0	228241.0	228241.0	228241.0	228241.0	228241.0
126_TASK05_CON14_9.0_pos	pos	9.0	228241.0	228241.0	228241.0	228241.0	228241.0	228241.0	228241.0	228241.0	228241.0	228241.0	228241.0	228241.0	228241.0	228241.0	228241.0	228241.0	228241.0	228241.0	228241.0	228241.0	228241.0	228241.0	228241.0	228241.0	228241.0	228241.0	228241.0	228241.0	228241.0	228241.0	228241.0	228241.0	228241.0	228241.0	228241.0	228241.0	228241.0	228241.0	228241.0	228241.0	228241.0	228241.0	228241.0	228241.0	228241.0	228241.0	228241.0
126_TASK05_CON14_10.0_posneg	posneg	10.0	0.0	0.0	0.0	0.0	0.0	0.0	0.0	0.0	0.0	0.0	0.0	0.0	0.0	0.0	0.0	0.0	0.0	0.0	0.0	0.0	0.0	0.0	0.0	0.0	0.0	0.0	0.0	0.0	0.0	0.0	0.0	0.0	0.0	0.0	0.0	0.0	0.0	0.0	0.0	0.0	0.0	0.0	0.0	0.0	0.0	0.0	0.0
126_TASK05_CON14_10.0_pos	pos	10.0	0.0	0.0	0.0	0.0	0.0	0.0	0.0	0.0	0.0	0.0	0.0	0.0	0.0	0.0	0.0	0.0	0.0	0.0	0.0	0.0	0.0	0.0	0.0	0.0	0.0	0.0	0.0	0.0	0.0	0.0	0.0	0.0	0.0	0.0	0.0	0.0	0.0	0.0	0.0	0.0	0.0	0.0	0.0	0.0	0.0	0.0	0.0
126_TASK05_CON14_11.0_posneg	posneg	11.0	0.0	0.0	0.0	0.0	0.0	0.0	0.0	0.0	0.0	0.0	0.0	0.0	0.0	0.0	0.0	0.0	0.0	0.0	0.0	0.0	0.0	0.0	0.0	0.0	0.0	0.0	0.0	0.0	0.0	0.0	0.0	0.0	0.0	0.0	0.0	0.0	0.0	0.0	0.0	0.0	0.0	0.0	0.0	0.0	0.0	0.0	0.0
126_TASK05_CON14_11.0_pos	pos	11.0	0.0	0.0	0.0	0.0	0.0	0.0	0.0	0.0	0.0	0.0	0.0	0.0	0.0	0.0	0.0	0.0	0.0	0.0	0.0	0.0	0.0	0.0	0.0	0.0	0.0	0.0	0.0	0.0	0.0	0.0	0.0	0.0	0.0	0.0	0.0	0.0	0.0	0.0	0.0	0.0	0.0	0.0	0.0	0.0	0.0	0.0	0.0
126_TASK05_CON14_12.0_posneg	posneg	12.0	0.0	0.0	0.0	0.0	0.0	0.0	0.0	0.0	0.0	0.0	0.0	0.0	0.0	0.0	0.0	0.0	0.0	0.0	0.0	0.0	0.0	0.0	0.0	0.0	0.0	0.0	0.0	0.0	0.0	0.0	0.0	0.0	0.0	0.0	0.0	0.0	0.0	0.0	0.0	0.0	0.0	0.0	0.0	0.0	0.0	0.0	0.0
126_TASK05_CON14_12.0_pos	pos	12.0	0.0	0.0	0.0	0.0	0.0	0.0	0.0	0.0	0.0	0.0	0.0	0.0	0.0	0.0	0.0	0.0	0.0	0.0	0.0	0.0	0.0	0.0	0.0	0.0	0.0	0.0	0.0	0.0	0.0	0.0	0.0	0.0	0.0	0.0	0.0	0.0	0.0	0.0	0.0	0.0	0.0	0.0	0.0	0.0	0.0	0.0	0.0
126_TASK05_CON14_13.0_posneg	posneg	13.0	0.0	0.0	0.0	0.0	0.0	0.0	0.0	0.0	0.0	0.0	0.0	0.0	0.0	0.0	0.0	0.0	0.0	0.0	0.0	0.0	0.0	0.0	0.0	0.0	0.0	0.0	0.0	0.0	0.0	0.0	0.0	0.0	0.0	0.0	0.0	0.0	0.0	0.0	0.0	0.0	0.0	0.0	0.0	0.0	0.0	0.0	0.0
126_TASK05_CON14_13.0_pos	pos	13.0	0.0	0.0	0.0	0.0	0.0	0.0	0.0	0.0	0.0	0.0	0.0	0.0	0.0	0.0	0.0	0.0	0.0	0.0	0.0	0.0	0.0	0.0	0.0	0.0	0.0	0.0	0.0	0.0	0.0	0.0	0.0	0.0	0.0	0.0	0.0	0.0	0.0	0.0	0.0	0.0	0.0	0.0	0.0	0.0	0.0	0.0	0.0
126_TASK05_CON15_0.0_posneg	posneg	0.0	228380.0	228380.0	228380.0	228380.0	228380.0	228380.0	228380.0	228380.0	228380.0	228380.0	228380.0	228380.0	228380.0	228380.0	228380.0	228380.0	228380.0	228380.0	228380.0	228380.0	228380.0	228380.0	228380.0	228380.0	228380.0	228380.0	228380.0	228380.0	228380.0	228380.0	228380.0	228380.0	228380.0	228380.0	228380.0	228380.0	228380.0	228380.0	228380.0	228380.0	228380.0	228380.0	228380.0	228380.0	228380.0	228380.0	228380.0
126_TASK05_CON15_0.0_pos	pos	0.0	228316.0	228316.0	228316.0	228316.0	228316.0	228316.0	228316.0	228316.0	228316.0	228316.0	228316.0	228316.0	228316.0	228316.0	228316.0	228316.0	228316.0	228316.0	228316.0	228316.0	228316.0	228316.0	228316.0	228316.0	228316.0	228316.0	228316.0	228316.0	228316.0	228316.0	228316.0	228316.0	228316.0	228316.0	228316.0	228316.0	228316.0	228316.0	228316.0	228316.0	228316.0	228316.0	228316.0	228316.0	228316.0	228316.0	228316.0
126_TASK05_CON15_1.0_posneg	posneg	1.0	228271.0	228271.0	228271.0	228271.0	228271.0	228271.0	228271.0	228271.0	228271.0	228271.0	228271.0	228271.0	228271.0	228271.0	228271.0	228271.0	228271.0	228271.0	228271.0	228271.0	228271.0	228271.0	228271.0	228271.0	228271.0	228271.0	228271.0	228271.0	228271.0	228271.0	228271.0	228271.0	228271.0	228271.0	228271.0	228271.0	228271.0	228271.0	228271.0	228271.0	228271.0	228271.0	228271.0	228271.0	228271.0	228271.0	228271.0
126_TASK05_CON15_1.0_pos	pos	1.0	228260.0	228260.0	228260.0	228260.0	228260.0	228260.0	228260.0	228260.0	228260.0	228260.0	228260.0	228260.0	228260.0	228260.0	228260.0	228260.0	228260.0	228260.0	228260.0	228260.0	228260.0	228260.0	228260.0	228260.0	228260.0	228260.0	228260.0	228260.0	228260.0	228260.0	228260.0	228260.0	228260.0	228260.0	228260.0	228260.0	228260.0	228260.0	228260.0	228260.0	228260.0	228260.0	228260.0	228260.0	228260.0	228260.0	228260.0
126_TASK05_CON15_2.0_posneg	posneg	2.0	228241.0	228241.0	228241.0	228241.0	228241.0	228241.0	228241.0	228241.0	228241.0	228241.0	228241.0	228241.0	228241.0	228241.0	228241.0	228241.0	228241.0	228241.0	228241.0	228241.0	228241.0	228241.0	228241.0	228241.0	228241.0	228241.0	228241.0	228241.0	228241.0	228241.0	228241.0	228241.0	228241.0	228241.0	228241.0	228241.0	228241.0	228241.0	228241.0	228241.0	228241.0	228241.0	228241.0	228241.0	228241.0	228241.0	228241.0
126_TASK05_CON15_2.0_pos	pos	2.0	228241.0	228241.0	228241.0	228241.0	228241.0	228241.0	228241.0	228241.0	228241.0	228241.0	228241.0	228241.0	228241.0	228241.0	228241.0	228241.0	228241.0	228241.0	228241.0	228241.0	228241.0	228241.0	228241.0	228241.0	228241.0	228241.0	228241.0	228241.0	228241.0	228241.0	228241.0	228241.0	228241.0	228241.0	228241.0	228241.0	228241.0	228241.0	228241.0	228241.0	228241.0	228241.0	228241.0	228241.0	228241.0	228241.0	228241.0
126_TASK05_CON15_3.0_posneg	posneg	3.0	228241.0	228241.0	228241.0	228241.0	228241.0	228241.0	228241.0	228241.0	228241.0	228241.0	228241.0	228241.0	228241.0	228241.0	228241.0	228241.0	228241.0	228241.0	228241.0	228241.0	228241.0	228241.0	228241.0	228241.0	228241.0	228241.0	228241.0	228241.0	228241.0	228241.0	228241.0	228241.0	228241.0	228241.0	228241.0	228241.0	228241.0	228241.0	228241.0	228241.0	228241.0	228241.0	228241.0	228241.0	228241.0	228241.0	228241.0
126_TASK05_CON15_3.0_pos	pos	3.0	228241.0	228241.0	228241.0	228241.0	228241.0	228241.0	228241.0	228241.0	228241.0	228241.0	228241.0	228241.0	228241.0	228241.0	228241.0	228241.0	228241.0	228241.0	228241.0	228241.0	228241.0	228241.0	228241.0	228241.0	228241.0	228241.0	228241.0	228241.0	228241.0	228241.0	228241.0	228241.0	228241.0	228241.0	228241.0	228241.0	228241.0	228241.0	228241.0	228241.0	228241.0	228241.0	228241.0	228241.0	228241.0	228241.0	228241.0
126_TASK05_CON15_4.0_posneg	posneg	4.0	228241.0	228241.0	228241.0	228241.0	228241.0	228241.0	228241.0	228241.0	228241.0	228241.0	228241.0	228241.0	228241.0	228241.0	228241.0	228241.0	228241.0	228241.0	228241.0	228241.0	228241.0	228241.0	228241.0	228241.0	228241.0	228241.0	228241.0	228241.0	228241.0	228241.0	228241.0	228241.0	228241.0	228241.0	228241.0	228241.0	228241.0	228241.0	228241.0	228241.0	228241.0	228241.0	228241.0	228241.0	228241.0	228241.0	228241.0
126_TASK05_CON15_4.0_pos	pos	4.0	228241.0	228241.0	228241.0	228241.0	228241.0	228241.0	228241.0	228241.0	228241.0	228241.0	228241.0	228241.0	228241.0	228241.0	228241.0	228241.0	228241.0	228241.0	228241.0	228241.0	228241.0	228241.0	228241.0	228241.0	228241.0	228241.0	228241.0	228241.0	228241.0	228241.0	228241.0	228241.0	228241.0	228241.0	228241.0	228241.0	228241.0	228241.0	228241.0	228241.0	228241.0	228241.0	228241.0	228241.0	228241.0	228241.0	228241.0
126_TASK05_CON15_5.0_posneg	posneg	5.0	228241.0	228241.0	228241.0	228241.0	228241.0	228241.0	228241.0	228241.0	228241.0	228241.0	228241.0	228241.0	228241.0	228241.0	228241.0	228241.0	228241.0	228241.0	228241.0	228241.0	228241.0	228241.0	228241.0	228241.0	228241.0	228241.0	228241.0	228241.0	228241.0	228241.0	228241.0	228241.0	228241.0	228241.0	228241.0	228241.0	228241.0	228241.0	228241.0	228241.0	228241.0	228241.0	228241.0	228241.0	228241.0	228241.0	228241.0
126_TASK05_CON15_5.0_pos	pos	5.0	228241.0	228241.0	228241.0	228241.0	228241.0	228241.0	228241.0	228241.0	228241.0	228241.0	228241.0	228241.0	228241.0	228241.0	228241.0	228241.0	228241.0	228241.0	228241.0	228241.0	228241.0	228241.0	228241.0	228241.0	228241.0	228241.0	228241.0	228241.0	228241.0	228241.0	228241.0	228241.0	228241.0	228241.0	228241.0	228241.0	228241.0	228241.0	228241.0	228241.0	228241.0	228241.0	228241.0	228241.0	228241.0	228241.0	228241.0
126_TASK05_CON15_6.0_posneg	posneg	6.0	228241.0	228241.0	228241.0	228241.0	228241.0	228241.0	228241.0	228241.0	228241.0	228241.0	228241.0	228241.0	228241.0	228241.0	228241.0	228241.0	228241.0	228241.0	228241.0	228241.0	228241.0	228241.0	228241.0	228241.0	228241.0	228241.0	228241.0	228241.0	228241.0	228241.0	228241.0	228241.0	228241.0	228241.0	228241.0	228241.0	228241.0	228241.0	228241.0	228241.0	228241.0	228241.0	228241.0	228241.0	228241.0	228241.0	228241.0
126_TASK05_CON15_6.0_pos	pos	6.0	0.0	0.0	0.0	0.0	0.0	0.0	0.0	0.0	0.0	0.0	0.0	0.0	0.0	0.0	0.0	0.0	0.0	0.0	0.0	0.0	0.0	0.0	0.0	0.0	0.0	0.0	0.0	0.0	0.0	0.0	0.0	0.0	0.0	0.0	0.0	0.0	0.0	0.0	0.0	0.0	0.0	0.0	0.0	0.0	0.0	0.0	0.0
126_TASK05_CON15_7.0_posneg	posneg	7.0	228241.0	228241.0	228241.0	228241.0	228241.0	228241.0	228241.0	228241.0	228241.0	228241.0	228241.0	228241.0	228241.0	228241.0	228241.0	228241.0	228241.0	228241.0	228241.0	228241.0	228241.0	228241.0	228241.0	228241.0	228241.0	228241.0	228241.0	228241.0	228241.0	228241.0	228241.0	228241.0	228241.0	228241.0	228241.0	228241.0	228241.0	228241.0	228241.0	228241.0	228241.0	228241.0	228241.0	228241.0	228241.0	228241.0	228241.0
126_TASK05_CON15_7.0_pos	pos	7.0	0.0	0.0	0.0	0.0	0.0	0.0	0.0	0.0	0.0	0.0	0.0	0.0	0.0	0.0	0.0	0.0	0.0	0.0	0.0	0.0	0.0	0.0	0.0	0.0	0.0	0.0	0.0	0.0	0.0	0.0	0.0	0.0	0.0	0.0	0.0	0.0	0.0	0.0	0.0	0.0	0.0	0.0	0.0	0.0	0.0	0.0	0.0
126_TASK05_CON15_8.0_posneg	posneg	8.0	0.0	0.0	0.0	0.0	0.0	0.0	0.0	0.0	0.0	0.0	0.0	0.0	0.0	0.0	0.0	0.0	0.0	0.0	0.0	0.0	0.0	0.0	0.0	0.0	0.0	0.0	0.0	0.0	0.0	0.0	0.0	0.0	0.0	0.0	0.0	0.0	0.0	0.0	0.0	0.0	0.0	0.0	0.0	0.0	0.0	0.0	0.0
126_TASK05_CON15_8.0_pos	pos	8.0	0.0	0.0	0.0	0.0	0.0	0.0	0.0	0.0	0.0	0.0	0.0	0.0	0.0	0.0	0.0	0.0	0.0	0.0	0.0	0.0	0.0	0.0	0.0	0.0	0.0	0.0	0.0	0.0	0.0	0.0	0.0	0.0	0.0	0.0	0.0	0.0	0.0	0.0	0.0	0.0	0.0	0.0	0.0	0.0	0.0	0.0	0.0
126_TASK05_CON15_9.0_posneg	posneg	9.0	0.0	0.0	0.0	0.0	0.0	0.0	0.0	0.0	0.0	0.0	0.0	0.0	0.0	0.0	0.0	0.0	0.0	0.0	0.0	0.0	0.0	0.0	0.0	0.0	0.0	0.0	0.0	0.0	0.0	0.0	0.0	0.0	0.0	0.0	0.0	0.0	0.0	0.0	0.0	0.0	0.0	0.0	0.0	0.0	0.0	0.0	0.0
126_TASK05_CON15_9.0_pos	pos	9.0	0.0	0.0	0.0	0.0	0.0	0.0	0.0	0.0	0.0	0.0	0.0	0.0	0.0	0.0	0.0	0.0	0.0	0.0	0.0	0.0	0.0	0.0	0.0	0.0	0.0	0.0	0.0	0.0	0.0	0.0	0.0	0.0	0.0	0.0	0.0	0.0	0.0	0.0	0.0	0.0	0.0	0.0	0.0	0.0	0.0	0.0	0.0
126_TASK05_CON15_10.0_posneg	posneg	10.0	0.0	0.0	0.0	0.0	0.0	0.0	0.0	0.0	0.0	0.0	0.0	0.0	0.0	0.0	0.0	0.0	0.0	0.0	0.0	0.0	0.0	0.0	0.0	0.0	0.0	0.0	0.0	0.0	0.0	0.0	0.0	0.0	0.0	0.0	0.0	0.0	0.0	0.0	0.0	0.0	0.0	0.0	0.0	0.0	0.0	0.0	0.0
126_TASK05_CON15_10.0_pos	pos	10.0	0.0	0.0	0.0	0.0	0.0	0.0	0.0	0.0	0.0	0.0	0.0	0.0	0.0	0.0	0.0	0.0	0.0	0.0	0.0	0.0	0.0	0.0	0.0	0.0	0.0	0.0	0.0	0.0	0.0	0.0	0.0	0.0	0.0	0.0	0.0	0.0	0.0	0.0	0.0	0.0	0.0	0.0	0.0	0.0	0.0	0.0	0.0
126_TASK05_CON15_11.0_posneg	posneg	11.0	0.0	0.0	0.0	0.0	0.0	0.0	0.0	0.0	0.0	0.0	0.0	0.0	0.0	0.0	0.0	0.0	0.0	0.0	0.0	0.0	0.0	0.0	0.0	0.0	0.0	0.0	0.0	0.0	0.0	0.0	0.0	0.0	0.0	0.0	0.0	0.0	0.0	0.0	0.0	0.0	0.0	0.0	0.0	0.0	0.0	0.0	0.0
126_TASK05_CON15_11.0_pos	pos	11.0	0.0	0.0	0.0	0.0	0.0	0.0	0.0	0.0	0.0	0.0	0.0	0.0	0.0	0.0	0.0	0.0	0.0	0.0	0.0	0.0	0.0	0.0	0.0	0.0	0.0	0.0	0.0	0.0	0.0	0.0	0.0	0.0	0.0	0.0	0.0	0.0	0.0	0.0	0.0	0.0	0.0	0.0	0.0	0.0	0.0	0.0	0.0
126_TASK05_CON15_12.0_posneg	posneg	12.0	0.0	0.0	0.0	0.0	0.0	0.0	0.0	0.0	0.0	0.0	0.0	0.0	0.0	0.0	0.0	0.0	0.0	0.0	0.0	0.0	0.0	0.0	0.0	0.0	0.0	0.0	0.0	0.0	0.0	0.0	0.0	0.0	0.0	0.0	0.0	0.0	0.0	0.0	0.0	0.0	0.0	0.0	0.0	0.0	0.0	0.0	0.0
126_TASK05_CON15_12.0_pos	pos	12.0	0.0	0.0	0.0	0.0	0.0	0.0	0.0	0.0	0.0	0.0	0.0	0.0	0.0	0.0	0.0	0.0	0.0	0.0	0.0	0.0	0.0	0.0	0.0	0.0	0.0	0.0	0.0	0.0	0.0	0.0	0.0	0.0	0.0	0.0	0.0	0.0	0.0	0.0	0.0	0.0	0.0	0.0	0.0	0.0	0.0	0.0	0.0
126_TASK05_CON15_13.0_posneg	posneg	13.0	0.0	0.0	0.0	0.0	0.0	0.0	0.0	0.0	0.0	0.0	0.0	0.0	0.0	0.0	0.0	0.0	0.0	0.0	0.0	0.0	0.0	0.0	0.0	0.0	0.0	0.0	0.0	0.0	0.0	0.0	0.0	0.0	0.0	0.0	0.0	0.0	0.0	0.0	0.0	0.0	0.0	0.0	0.0	0.0	0.0	0.0	0.0
126_TASK05_CON15_13.0_pos	pos	13.0	0.0	0.0	0.0	0.0	0.0	0.0	0.0	0.0	0.0	0.0	0.0	0.0	0.0	0.0	0.0	0.0	0.0	0.0	0.0	0.0	0.0	0.0	0.0	0.0	0.0	0.0	0.0	0.0	0.0	0.0	0.0	0.0	0.0	0.0	0.0	0.0	0.0	0.0	0.0	0.0	0.0	0.0	0.0	0.0	0.0	0.0	0.0
126_TASK06_CON01_0.0_posneg	posneg	0.0	228380.0	228380.0	228380.0	228380.0	228380.0	228380.0	228380.0	228380.0	228380.0	228380.0	228380.0	228380.0	228380.0	228380.0	228380.0	228380.0	228380.0	228380.0	228380.0	228380.0	228380.0	228380.0	228380.0	228380.0	228380.0	228380.0	228380.0	228380.0	228380.0	228380.0	228380.0	228380.0	228380.0	228380.0	228380.0	228380.0	228380.0	228380.0	228380.0	228380.0	228380.0	228380.0	228380.0	228380.0	228380.0	228380.0	228380.0
126_TASK06_CON01_0.0_pos	pos	0.0	228312.0	228312.0	228312.0	228312.0	228312.0	228312.0	228312.0	228312.0	228312.0	228312.0	228312.0	228312.0	228312.0	228312.0	228312.0	228312.0	228312.0	228312.0	228312.0	228312.0	228312.0	228312.0	228312.0	228312.0	228312.0	228312.0	228312.0	228312.0	228312.0	228312.0	228312.0	228312.0	228312.0	228312.0	228312.0	228312.0	228312.0	228312.0	228312.0	228312.0	228312.0	228312.0	228312.0	228312.0	228312.0	228312.0	228312.0
126_TASK06_CON01_1.0_posneg	posneg	1.0	228278.0	228278.0	228278.0	228278.0	228278.0	228278.0	228278.0	228278.0	228278.0	228278.0	228278.0	228278.0	228278.0	228278.0	228278.0	228278.0	228278.0	228278.0	228278.0	228278.0	228278.0	228278.0	228278.0	228278.0	228278.0	228278.0	228278.0	228278.0	228278.0	228278.0	228278.0	228278.0	228278.0	228278.0	228278.0	228278.0	228278.0	228278.0	228278.0	228278.0	228278.0	228278.0	228278.0	228278.0	228278.0	228278.0	228278.0
126_TASK06_CON01_1.0_pos	pos	1.0	228262.0	228262.0	228262.0	228262.0	228262.0	228262.0	228262.0	228262.0	228262.0	228262.0	228262.0	228262.0	228262.0	228262.0	228262.0	228262.0	228262.0	228262.0	228262.0	228262.0	228262.0	228262.0	228262.0	228262.0	228262.0	228262.0	228262.0	228262.0	228262.0	228262.0	228262.0	228262.0	228262.0	228262.0	228262.0	228262.0	228262.0	228262.0	228262.0	228262.0	228262.0	228262.0	228262.0	228262.0	228262.0	228262.0	228262.0
126_TASK06_CON01_2.0_posneg	posneg	2.0	228241.0	228241.0	228241.0	228241.0	228241.0	228241.0	228241.0	228241.0	228241.0	228241.0	228241.0	228241.0	228241.0	228241.0	228241.0	228241.0	228241.0	228241.0	228241.0	228241.0	228241.0	228241.0	228241.0	228241.0	228241.0	228241.0	228241.0	228241.0	228241.0	228241.0	228241.0	228241.0	228241.0	228241.0	228241.0	228241.0	228241.0	228241.0	228241.0	228241.0	228241.0	228241.0	228241.0	228241.0	228241.0	228241.0	228241.0
126_TASK06_CON01_2.0_pos	pos	2.0	228241.0	228241.0	228241.0	228241.0	228241.0	228241.0	228241.0	228241.0	228241.0	228241.0	228241.0	228241.0	228241.0	228241.0	228241.0	228241.0	228241.0	228241.0	228241.0	228241.0	228241.0	228241.0	228241.0	228241.0	228241.0	228241.0	228241.0	228241.0	228241.0	228241.0	228241.0	228241.0	228241.0	228241.0	228241.0	228241.0	228241.0	228241.0	228241.0	228241.0	228241.0	228241.0	228241.0	228241.0	228241.0	228241.0	228241.0
126_TASK06_CON01_3.0_posneg	posneg	3.0	228241.0	228241.0	228241.0	228241.0	228241.0	228241.0	228241.0	228241.0	228241.0	228241.0	228241.0	228241.0	228241.0	228241.0	228241.0	228241.0	228241.0	228241.0	228241.0	228241.0	228241.0	228241.0	228241.0	228241.0	228241.0	228241.0	228241.0	228241.0	228241.0	228241.0	228241.0	228241.0	228241.0	228241.0	228241.0	228241.0	228241.0	228241.0	228241.0	228241.0	228241.0	228241.0	228241.0	228241.0	228241.0	228241.0	228241.0
126_TASK06_CON01_3.0_pos	pos	3.0	228241.0	228241.0	228241.0	228241.0	228241.0	228241.0	228241.0	228241.0	228241.0	228241.0	228241.0	228241.0	228241.0	228241.0	228241.0	228241.0	228241.0	228241.0	228241.0	228241.0	228241.0	228241.0	228241.0	228241.0	228241.0	228241.0	228241.0	228241.0	228241.0	228241.0	228241.0	228241.0	228241.0	228241.0	228241.0	228241.0	228241.0	228241.0	228241.0	228241.0	228241.0	228241.0	228241.0	228241.0	228241.0	228241.0	228241.0
126_TASK06_CON01_4.0_posneg	posneg	4.0	228241.0	228241.0	228241.0	228241.0	228241.0	228241.0	228241.0	228241.0	228241.0	228241.0	228241.0	228241.0	228241.0	228241.0	228241.0	228241.0	228241.0	228241.0	228241.0	228241.0	228241.0	228241.0	228241.0	228241.0	228241.0	228241.0	228241.0	228241.0	228241.0	228241.0	228241.0	228241.0	228241.0	228241.0	228241.0	228241.0	228241.0	228241.0	228241.0	228241.0	228241.0	228241.0	228241.0	228241.0	228241.0	228241.0	228241.0
126_TASK06_CON01_4.0_pos	pos	4.0	228241.0	228241.0	228241.0	228241.0	228241.0	228241.0	228241.0	228241.0	228241.0	228241.0	228241.0	228241.0	228241.0	228241.0	228241.0	228241.0	228241.0	228241.0	228241.0	228241.0	228241.0	228241.0	228241.0	228241.0	228241.0	228241.0	228241.0	228241.0	228241.0	228241.0	228241.0	228241.0	228241.0	228241.0	228241.0	228241.0	228241.0	228241.0	228241.0	228241.0	228241.0	228241.0	228241.0	228241.0	228241.0	228241.0	228241.0
126_TASK06_CON01_5.0_posneg	posneg	5.0	228241.0	228241.0	228241.0	228241.0	228241.0	228241.0	228241.0	228241.0	228241.0	228241.0	228241.0	228241.0	228241.0	228241.0	228241.0	228241.0	228241.0	228241.0	228241.0	228241.0	228241.0	228241.0	228241.0	228241.0	228241.0	228241.0	228241.0	228241.0	228241.0	228241.0	228241.0	228241.0	228241.0	228241.0	228241.0	228241.0	228241.0	228241.0	228241.0	228241.0	228241.0	228241.0	228241.0	228241.0	228241.0	228241.0	228241.0
126_TASK06_CON01_5.0_pos	pos	5.0	228241.0	228241.0	228241.0	228241.0	228241.0	228241.0	228241.0	228241.0	228241.0	228241.0	228241.0	228241.0	228241.0	228241.0	228241.0	228241.0	228241.0	228241.0	228241.0	228241.0	228241.0	228241.0	228241.0	228241.0	228241.0	228241.0	228241.0	228241.0	228241.0	228241.0	228241.0	228241.0	228241.0	228241.0	228241.0	228241.0	228241.0	228241.0	228241.0	228241.0	228241.0	228241.0	228241.0	228241.0	228241.0	228241.0	228241.0
126_TASK06_CON01_6.0_posneg	posneg	6.0	228241.0	228241.0	228241.0	228241.0	228241.0	228241.0	228241.0	228241.0	228241.0	228241.0	228241.0	228241.0	228241.0	228241.0	228241.0	228241.0	228241.0	228241.0	228241.0	228241.0	228241.0	228241.0	228241.0	228241.0	228241.0	228241.0	228241.0	228241.0	228241.0	228241.0	228241.0	228241.0	228241.0	228241.0	228241.0	228241.0	228241.0	228241.0	228241.0	228241.0	228241.0	228241.0	228241.0	228241.0	228241.0	228241.0	228241.0
126_TASK06_CON01_6.0_pos	pos	6.0	228241.0	228241.0	228241.0	228241.0	228241.0	228241.0	228241.0	228241.0	228241.0	228241.0	228241.0	228241.0	228241.0	228241.0	228241.0	228241.0	228241.0	228241.0	228241.0	228241.0	228241.0	228241.0	228241.0	228241.0	228241.0	228241.0	228241.0	228241.0	228241.0	228241.0	228241.0	228241.0	228241.0	228241.0	228241.0	228241.0	228241.0	228241.0	228241.0	228241.0	228241.0	228241.0	228241.0	228241.0	228241.0	228241.0	228241.0
126_TASK06_CON01_7.0_posneg	posneg	7.0	228241.0	228241.0	228241.0	228241.0	228241.0	228241.0	228241.0	228241.0	228241.0	228241.0	228241.0	228241.0	228241.0	228241.0	228241.0	228241.0	228241.0	228241.0	228241.0	228241.0	228241.0	228241.0	228241.0	228241.0	228241.0	228241.0	228241.0	228241.0	228241.0	228241.0	228241.0	228241.0	228241.0	228241.0	228241.0	228241.0	228241.0	228241.0	228241.0	228241.0	228241.0	228241.0	228241.0	228241.0	228241.0	228241.0	228241.0
126_TASK06_CON01_7.0_pos	pos	7.0	228241.0	228241.0	228241.0	228241.0	228241.0	228241.0	228241.0	228241.0	228241.0	228241.0	228241.0	228241.0	228241.0	228241.0	228241.0	228241.0	228241.0	228241.0	228241.0	228241.0	228241.0	228241.0	228241.0	228241.0	228241.0	228241.0	228241.0	228241.0	228241.0	228241.0	228241.0	228241.0	228241.0	228241.0	228241.0	228241.0	228241.0	228241.0	228241.0	228241.0	228241.0	228241.0	228241.0	228241.0	228241.0	228241.0	228241.0
126_TASK06_CON01_8.0_posneg	posneg	8.0	228241.0	228241.0	228241.0	228241.0	228241.0	228241.0	228241.0	228241.0	228241.0	228241.0	228241.0	228241.0	228241.0	228241.0	228241.0	228241.0	228241.0	228241.0	228241.0	228241.0	228241.0	228241.0	228241.0	228241.0	228241.0	228241.0	228241.0	228241.0	228241.0	228241.0	228241.0	228241.0	228241.0	228241.0	228241.0	228241.0	228241.0	228241.0	228241.0	228241.0	228241.0	228241.0	228241.0	228241.0	228241.0	228241.0	228241.0
126_TASK06_CON01_8.0_pos	pos	8.0	228241.0	228241.0	228241.0	228241.0	228241.0	228241.0	228241.0	228241.0	228241.0	228241.0	228241.0	228241.0	228241.0	228241.0	228241.0	228241.0	228241.0	228241.0	228241.0	228241.0	228241.0	228241.0	228241.0	228241.0	228241.0	228241.0	228241.0	228241.0	228241.0	228241.0	228241.0	228241.0	228241.0	228241.0	228241.0	228241.0	228241.0	228241.0	228241.0	228241.0	228241.0	228241.0	228241.0	228241.0	228241.0	228241.0	228241.0
126_TASK06_CON01_9.0_posneg	posneg	9.0	228241.0	228241.0	228241.0	228241.0	228241.0	228241.0	228241.0	228241.0	228241.0	228241.0	228241.0	228241.0	228241.0	228241.0	228241.0	228241.0	228241.0	228241.0	228241.0	228241.0	228241.0	228241.0	228241.0	228241.0	228241.0	228241.0	228241.0	228241.0	228241.0	228241.0	228241.0	228241.0	228241.0	228241.0	228241.0	228241.0	228241.0	228241.0	228241.0	228241.0	228241.0	228241.0	228241.0	228241.0	228241.0	228241.0	228241.0
126_TASK06_CON01_9.0_pos	pos	9.0	228241.0	228241.0	228241.0	228241.0	228241.0	228241.0	228241.0	228241.0	228241.0	228241.0	228241.0	228241.0	228241.0	228241.0	228241.0	228241.0	228241.0	228241.0	228241.0	228241.0	228241.0	228241.0	228241.0	228241.0	228241.0	228241.0	228241.0	228241.0	228241.0	228241.0	228241.0	228241.0	228241.0	228241.0	228241.0	228241.0	228241.0	228241.0	228241.0	228241.0	228241.0	228241.0	228241.0	228241.0	228241.0	228241.0	228241.0
126_TASK06_CON01_10.0_posneg	posneg	10.0	0.0	0.0	0.0	0.0	0.0	0.0	0.0	0.0	0.0	0.0	0.0	0.0	0.0	0.0	0.0	0.0	0.0	0.0	0.0	0.0	0.0	0.0	0.0	0.0	0.0	0.0	0.0	0.0	0.0	0.0	0.0	0.0	0.0	0.0	0.0	0.0	0.0	0.0	0.0	0.0	0.0	0.0	0.0	0.0	0.0	0.0	0.0
126_TASK06_CON01_10.0_pos	pos	10.0	0.0	0.0	0.0	0.0	0.0	0.0	0.0	0.0	0.0	0.0	0.0	0.0	0.0	0.0	0.0	0.0	0.0	0.0	0.0	0.0	0.0	0.0	0.0	0.0	0.0	0.0	0.0	0.0	0.0	0.0	0.0	0.0	0.0	0.0	0.0	0.0	0.0	0.0	0.0	0.0	0.0	0.0	0.0	0.0	0.0	0.0	0.0
126_TASK06_CON01_11.0_posneg	posneg	11.0	0.0	0.0	0.0	0.0	0.0	0.0	0.0	0.0	0.0	0.0	0.0	0.0	0.0	0.0	0.0	0.0	0.0	0.0	0.0	0.0	0.0	0.0	0.0	0.0	0.0	0.0	0.0	0.0	0.0	0.0	0.0	0.0	0.0	0.0	0.0	0.0	0.0	0.0	0.0	0.0	0.0	0.0	0.0	0.0	0.0	0.0	0.0
126_TASK06_CON01_11.0_pos	pos	11.0	0.0	0.0	0.0	0.0	0.0	0.0	0.0	0.0	0.0	0.0	0.0	0.0	0.0	0.0	0.0	0.0	0.0	0.0	0.0	0.0	0.0	0.0	0.0	0.0	0.0	0.0	0.0	0.0	0.0	0.0	0.0	0.0	0.0	0.0	0.0	0.0	0.0	0.0	0.0	0.0	0.0	0.0	0.0	0.0	0.0	0.0	0.0
126_TASK06_CON01_12.0_posneg	posneg	12.0	0.0	0.0	0.0	0.0	0.0	0.0	0.0	0.0	0.0	0.0	0.0	0.0	0.0	0.0	0.0	0.0	0.0	0.0	0.0	0.0	0.0	0.0	0.0	0.0	0.0	0.0	0.0	0.0	0.0	0.0	0.0	0.0	0.0	0.0	0.0	0.0	0.0	0.0	0.0	0.0	0.0	0.0	0.0	0.0	0.0	0.0	0.0
126_TASK06_CON01_12.0_pos	pos	12.0	0.0	0.0	0.0	0.0	0.0	0.0	0.0	0.0	0.0	0.0	0.0	0.0	0.0	0.0	0.0	0.0	0.0	0.0	0.0	0.0	0.0	0.0	0.0	0.0	0.0	0.0	0.0	0.0	0.0	0.0	0.0	0.0	0.0	0.0	0.0	0.0	0.0	0.0	0.0	0.0	0.0	0.0	0.0	0.0	0.0	0.0	0.0
126_TASK06_CON01_13.0_posneg	posneg	13.0	0.0	0.0	0.0	0.0	0.0	0.0	0.0	0.0	0.0	0.0	0.0	0.0	0.0	0.0	0.0	0.0	0.0	0.0	0.0	0.0	0.0	0.0	0.0	0.0	0.0	0.0	0.0	0.0	0.0	0.0	0.0	0.0	0.0	0.0	0.0	0.0	0.0	0.0	0.0	0.0	0.0	0.0	0.0	0.0	0.0	0.0	0.0
126_TASK06_CON01_13.0_pos	pos	13.0	0.0	0.0	0.0	0.0	0.0	0.0	0.0	0.0	0.0	0.0	0.0	0.0	0.0	0.0	0.0	0.0	0.0	0.0	0.0	0.0	0.0	0.0	0.0	0.0	0.0	0.0	0.0	0.0	0.0	0.0	0.0	0.0	0.0	0.0	0.0	0.0	0.0	0.0	0.0	0.0	0.0	0.0	0.0	0.0	0.0	0.0	0.0
126_TASK06_CON02_0.0_posneg	posneg	0.0	228380.0	228380.0	228380.0	228380.0	228380.0	228380.0	228380.0	228380.0	228380.0	228380.0	228380.0	228380.0	228380.0	228380.0	228380.0	228380.0	228380.0	228380.0	228380.0	228380.0	228380.0	228380.0	228380.0	228380.0	228380.0	228380.0	228380.0	228380.0	228380.0	228380.0	228380.0	228380.0	228380.0	228380.0	228380.0	228380.0	228380.0	228380.0	228380.0	228380.0	228380.0	228380.0	228380.0	228380.0	228380.0	228380.0	228380.0
126_TASK06_CON02_0.0_pos	pos	0.0	228296.0	228296.0	228296.0	228296.0	228296.0	228296.0	228296.0	228296.0	228296.0	228296.0	228296.0	228296.0	228296.0	228296.0	228296.0	228296.0	228296.0	228296.0	228296.0	228296.0	228296.0	228296.0	228296.0	228296.0	228296.0	228296.0	228296.0	228296.0	228296.0	228296.0	228296.0	228296.0	228296.0	228296.0	228296.0	228296.0	228296.0	228296.0	228296.0	228296.0	228296.0	228296.0	228296.0	228296.0	228296.0	228296.0	228296.0
126_TASK06_CON02_1.0_posneg	posneg	1.0	228281.0	228281.0	228281.0	228281.0	228281.0	228281.0	228281.0	228281.0	228281.0	228281.0	228281.0	228281.0	228281.0	228281.0	228281.0	228281.0	228281.0	228281.0	228281.0	228281.0	228281.0	228281.0	228281.0	228281.0	228281.0	228281.0	228281.0	228281.0	228281.0	228281.0	228281.0	228281.0	228281.0	228281.0	228281.0	228281.0	228281.0	228281.0	228281.0	228281.0	228281.0	228281.0	228281.0	228281.0	228281.0	228281.0	228281.0
126_TASK06_CON02_1.0_pos	pos	1.0	228260.0	228260.0	228260.0	228260.0	228260.0	228260.0	228260.0	228260.0	228260.0	228260.0	228260.0	228260.0	228260.0	228260.0	228260.0	228260.0	228260.0	228260.0	228260.0	228260.0	228260.0	228260.0	228260.0	228260.0	228260.0	228260.0	228260.0	228260.0	228260.0	228260.0	228260.0	228260.0	228260.0	228260.0	228260.0	228260.0	228260.0	228260.0	228260.0	228260.0	228260.0	228260.0	228260.0	228260.0	228260.0	228260.0	228260.0
126_TASK06_CON02_2.0_posneg	posneg	2.0	228241.0	228241.0	228241.0	228241.0	228241.0	228241.0	228241.0	228241.0	228241.0	228241.0	228241.0	228241.0	228241.0	228241.0	228241.0	228241.0	228241.0	228241.0	228241.0	228241.0	228241.0	228241.0	228241.0	228241.0	228241.0	228241.0	228241.0	228241.0	228241.0	228241.0	228241.0	228241.0	228241.0	228241.0	228241.0	228241.0	228241.0	228241.0	228241.0	228241.0	228241.0	228241.0	228241.0	228241.0	228241.0	228241.0	228241.0
126_TASK06_CON02_2.0_pos	pos	2.0	228241.0	228241.0	228241.0	228241.0	228241.0	228241.0	228241.0	228241.0	228241.0	228241.0	228241.0	228241.0	228241.0	228241.0	228241.0	228241.0	228241.0	228241.0	228241.0	228241.0	228241.0	228241.0	228241.0	228241.0	228241.0	228241.0	228241.0	228241.0	228241.0	228241.0	228241.0	228241.0	228241.0	228241.0	228241.0	228241.0	228241.0	228241.0	228241.0	228241.0	228241.0	228241.0	228241.0	228241.0	228241.0	228241.0	228241.0
126_TASK06_CON02_3.0_posneg	posneg	3.0	228241.0	228241.0	228241.0	228241.0	228241.0	228241.0	228241.0	228241.0	228241.0	228241.0	228241.0	228241.0	228241.0	228241.0	228241.0	228241.0	228241.0	228241.0	228241.0	228241.0	228241.0	228241.0	228241.0	228241.0	228241.0	228241.0	228241.0	228241.0	228241.0	228241.0	228241.0	228241.0	228241.0	228241.0	228241.0	228241.0	228241.0	228241.0	228241.0	228241.0	228241.0	228241.0	228241.0	228241.0	228241.0	228241.0	228241.0
126_TASK06_CON02_3.0_pos	pos	3.0	228241.0	228241.0	228241.0	228241.0	228241.0	228241.0	228241.0	228241.0	228241.0	228241.0	228241.0	228241.0	228241.0	228241.0	228241.0	228241.0	228241.0	228241.0	228241.0	228241.0	228241.0	228241.0	228241.0	228241.0	228241.0	228241.0	228241.0	228241.0	228241.0	228241.0	228241.0	228241.0	228241.0	228241.0	228241.0	228241.0	228241.0	228241.0	228241.0	228241.0	228241.0	228241.0	228241.0	228241.0	228241.0	228241.0	228241.0
126_TASK06_CON02_4.0_posneg	posneg	4.0	228241.0	228241.0	228241.0	228241.0	228241.0	228241.0	228241.0	228241.0	228241.0	228241.0	228241.0	228241.0	228241.0	228241.0	228241.0	228241.0	228241.0	228241.0	228241.0	228241.0	228241.0	228241.0	228241.0	228241.0	228241.0	228241.0	228241.0	228241.0	228241.0	228241.0	228241.0	228241.0	228241.0	228241.0	228241.0	228241.0	228241.0	228241.0	228241.0	228241.0	228241.0	228241.0	228241.0	228241.0	228241.0	228241.0	228241.0
126_TASK06_CON02_4.0_pos	pos	4.0	228241.0	228241.0	228241.0	228241.0	228241.0	228241.0	228241.0	228241.0	228241.0	228241.0	228241.0	228241.0	228241.0	228241.0	228241.0	228241.0	228241.0	228241.0	228241.0	228241.0	228241.0	228241.0	228241.0	228241.0	228241.0	228241.0	228241.0	228241.0	228241.0	228241.0	228241.0	228241.0	228241.0	228241.0	228241.0	228241.0	228241.0	228241.0	228241.0	228241.0	228241.0	228241.0	228241.0	228241.0	228241.0	228241.0	228241.0
126_TASK06_CON02_5.0_posneg	posneg	5.0	228241.0	228241.0	228241.0	228241.0	228241.0	228241.0	228241.0	228241.0	228241.0	228241.0	228241.0	228241.0	228241.0	228241.0	228241.0	228241.0	228241.0	228241.0	228241.0	228241.0	228241.0	228241.0	228241.0	228241.0	228241.0	228241.0	228241.0	228241.0	228241.0	228241.0	228241.0	228241.0	228241.0	228241.0	228241.0	228241.0	228241.0	228241.0	228241.0	228241.0	228241.0	228241.0	228241.0	228241.0	228241.0	228241.0	228241.0
126_TASK06_CON02_5.0_pos	pos	5.0	228241.0	228241.0	228241.0	228241.0	228241.0	228241.0	228241.0	228241.0	228241.0	228241.0	228241.0	228241.0	228241.0	228241.0	228241.0	228241.0	228241.0	228241.0	228241.0	228241.0	228241.0	228241.0	228241.0	228241.0	228241.0	228241.0	228241.0	228241.0	228241.0	228241.0	228241.0	228241.0	228241.0	228241.0	228241.0	228241.0	228241.0	228241.0	228241.0	228241.0	228241.0	228241.0	228241.0	228241.0	228241.0	228241.0	228241.0
126_TASK06_CON02_6.0_posneg	posneg	6.0	228241.0	228241.0	228241.0	228241.0	228241.0	228241.0	228241.0	228241.0	228241.0	228241.0	228241.0	228241.0	228241.0	228241.0	228241.0	228241.0	228241.0	228241.0	228241.0	228241.0	228241.0	228241.0	228241.0	228241.0	228241.0	228241.0	228241.0	228241.0	228241.0	228241.0	228241.0	228241.0	228241.0	228241.0	228241.0	228241.0	228241.0	228241.0	228241.0	228241.0	228241.0	228241.0	228241.0	228241.0	228241.0	228241.0	228241.0
126_TASK06_CON02_6.0_pos	pos	6.0	228241.0	228241.0	228241.0	228241.0	228241.0	228241.0	228241.0	228241.0	228241.0	228241.0	228241.0	228241.0	228241.0	228241.0	228241.0	228241.0	228241.0	228241.0	228241.0	228241.0	228241.0	228241.0	228241.0	228241.0	228241.0	228241.0	228241.0	228241.0	228241.0	228241.0	228241.0	228241.0	228241.0	228241.0	228241.0	228241.0	228241.0	228241.0	228241.0	228241.0	228241.0	228241.0	228241.0	228241.0	228241.0	228241.0	228241.0
126_TASK06_CON02_7.0_posneg	posneg	7.0	228241.0	228241.0	228241.0	228241.0	228241.0	228241.0	228241.0	228241.0	228241.0	228241.0	228241.0	228241.0	228241.0	228241.0	228241.0	228241.0	228241.0	228241.0	228241.0	228241.0	228241.0	228241.0	228241.0	228241.0	228241.0	228241.0	228241.0	228241.0	228241.0	228241.0	228241.0	228241.0	228241.0	228241.0	228241.0	228241.0	228241.0	228241.0	228241.0	228241.0	228241.0	228241.0	228241.0	228241.0	228241.0	228241.0	228241.0
126_TASK06_CON02_7.0_pos	pos	7.0	228241.0	228241.0	228241.0	228241.0	228241.0	228241.0	228241.0	228241.0	228241.0	228241.0	228241.0	228241.0	228241.0	228241.0	228241.0	228241.0	228241.0	228241.0	228241.0	228241.0	228241.0	228241.0	228241.0	228241.0	228241.0	228241.0	228241.0	228241.0	228241.0	228241.0	228241.0	228241.0	228241.0	228241.0	228241.0	228241.0	228241.0	228241.0	228241.0	228241.0	228241.0	228241.0	228241.0	228241.0	228241.0	228241.0	228241.0
126_TASK06_CON02_8.0_posneg	posneg	8.0	228241.0	228241.0	228241.0	228241.0	228241.0	228241.0	228241.0	228241.0	228241.0	228241.0	228241.0	228241.0	228241.0	228241.0	228241.0	228241.0	228241.0	228241.0	228241.0	228241.0	228241.0	228241.0	228241.0	228241.0	228241.0	228241.0	228241.0	228241.0	228241.0	228241.0	228241.0	228241.0	228241.0	228241.0	228241.0	228241.0	228241.0	228241.0	228241.0	228241.0	228241.0	228241.0	228241.0	228241.0	228241.0	228241.0	228241.0
126_TASK06_CON02_8.0_pos	pos	8.0	228241.0	228241.0	228241.0	228241.0	228241.0	228241.0	228241.0	228241.0	228241.0	228241.0	228241.0	228241.0	228241.0	228241.0	228241.0	228241.0	228241.0	228241.0	228241.0	228241.0	228241.0	228241.0	228241.0	228241.0	228241.0	228241.0	228241.0	228241.0	228241.0	228241.0	228241.0	228241.0	228241.0	228241.0	228241.0	228241.0	228241.0	228241.0	228241.0	228241.0	228241.0	228241.0	228241.0	228241.0	228241.0	228241.0	228241.0
126_TASK06_CON02_9.0_posneg	posneg	9.0	228241.0	228241.0	228241.0	228241.0	228241.0	228241.0	228241.0	228241.0	228241.0	228241.0	228241.0	228241.0	228241.0	228241.0	228241.0	228241.0	228241.0	228241.0	228241.0	228241.0	228241.0	228241.0	228241.0	228241.0	228241.0	228241.0	228241.0	228241.0	228241.0	228241.0	228241.0	228241.0	228241.0	228241.0	228241.0	228241.0	228241.0	228241.0	228241.0	228241.0	228241.0	228241.0	228241.0	228241.0	228241.0	228241.0	228241.0
126_TASK06_CON02_9.0_pos	pos	9.0	228241.0	228241.0	228241.0	228241.0	228241.0	228241.0	228241.0	228241.0	228241.0	228241.0	228241.0	228241.0	228241.0	228241.0	228241.0	228241.0	228241.0	228241.0	228241.0	228241.0	228241.0	228241.0	228241.0	228241.0	228241.0	228241.0	228241.0	228241.0	228241.0	228241.0	228241.0	228241.0	228241.0	228241.0	228241.0	228241.0	228241.0	228241.0	228241.0	228241.0	228241.0	228241.0	228241.0	228241.0	228241.0	228241.0	228241.0
126_TASK06_CON02_10.0_posneg	posneg	10.0	228241.0	228241.0	228241.0	228241.0	228241.0	228241.0	228241.0	228241.0	228241.0	228241.0	228241.0	228241.0	228241.0	228241.0	228241.0	228241.0	228241.0	228241.0	228241.0	228241.0	228241.0	228241.0	228241.0	228241.0	228241.0	228241.0	228241.0	228241.0	228241.0	228241.0	228241.0	228241.0	228241.0	228241.0	228241.0	228241.0	228241.0	228241.0	228241.0	228241.0	228241.0	228241.0	228241.0	228241.0	228241.0	228241.0	228241.0
126_TASK06_CON02_10.0_pos	pos	10.0	228241.0	228241.0	228241.0	228241.0	228241.0	228241.0	228241.0	228241.0	228241.0	228241.0	228241.0	228241.0	228241.0	228241.0	228241.0	228241.0	228241.0	228241.0	228241.0	228241.0	228241.0	228241.0	228241.0	228241.0	228241.0	228241.0	228241.0	228241.0	228241.0	228241.0	228241.0	228241.0	228241.0	228241.0	228241.0	228241.0	228241.0	228241.0	228241.0	228241.0	228241.0	228241.0	228241.0	228241.0	228241.0	228241.0	228241.0
126_TASK06_CON02_11.0_posneg	posneg	11.0	0.0	0.0	0.0	0.0	0.0	0.0	0.0	0.0	0.0	0.0	0.0	0.0	0.0	0.0	0.0	0.0	0.0	0.0	0.0	0.0	0.0	0.0	0.0	0.0	0.0	0.0	0.0	0.0	0.0	0.0	0.0	0.0	0.0	0.0	0.0	0.0	0.0	0.0	0.0	0.0	0.0	0.0	0.0	0.0	0.0	0.0	0.0
126_TASK06_CON02_11.0_pos	pos	11.0	0.0	0.0	0.0	0.0	0.0	0.0	0.0	0.0	0.0	0.0	0.0	0.0	0.0	0.0	0.0	0.0	0.0	0.0	0.0	0.0	0.0	0.0	0.0	0.0	0.0	0.0	0.0	0.0	0.0	0.0	0.0	0.0	0.0	0.0	0.0	0.0	0.0	0.0	0.0	0.0	0.0	0.0	0.0	0.0	0.0	0.0	0.0
126_TASK06_CON02_12.0_posneg	posneg	12.0	0.0	0.0	0.0	0.0	0.0	0.0	0.0	0.0	0.0	0.0	0.0	0.0	0.0	0.0	0.0	0.0	0.0	0.0	0.0	0.0	0.0	0.0	0.0	0.0	0.0	0.0	0.0	0.0	0.0	0.0	0.0	0.0	0.0	0.0	0.0	0.0	0.0	0.0	0.0	0.0	0.0	0.0	0.0	0.0	0.0	0.0	0.0
126_TASK06_CON02_12.0_pos	pos	12.0	0.0	0.0	0.0	0.0	0.0	0.0	0.0	0.0	0.0	0.0	0.0	0.0	0.0	0.0	0.0	0.0	0.0	0.0	0.0	0.0	0.0	0.0	0.0	0.0	0.0	0.0	0.0	0.0	0.0	0.0	0.0	0.0	0.0	0.0	0.0	0.0	0.0	0.0	0.0	0.0	0.0	0.0	0.0	0.0	0.0	0.0	0.0
126_TASK06_CON02_13.0_posneg	posneg	13.0	0.0	0.0	0.0	0.0	0.0	0.0	0.0	0.0	0.0	0.0	0.0	0.0	0.0	0.0	0.0	0.0	0.0	0.0	0.0	0.0	0.0	0.0	0.0	0.0	0.0	0.0	0.0	0.0	0.0	0.0	0.0	0.0	0.0	0.0	0.0	0.0	0.0	0.0	0.0	0.0	0.0	0.0	0.0	0.0	0.0	0.0	0.0
126_TASK06_CON02_13.0_pos	pos	13.0	0.0	0.0	0.0	0.0	0.0	0.0	0.0	0.0	0.0	0.0	0.0	0.0	0.0	0.0	0.0	0.0	0.0	0.0	0.0	0.0	0.0	0.0	0.0	0.0	0.0	0.0	0.0	0.0	0.0	0.0	0.0	0.0	0.0	0.0	0.0	0.0	0.0	0.0	0.0	0.0	0.0	0.0	0.0	0.0	0.0	0.0	0.0
126_TASK06_CON06_0.0_posneg	posneg	0.0	228380.0	228380.0	228380.0	228380.0	228380.0	228380.0	228380.0	228380.0	228380.0	228380.0	228380.0	228380.0	228380.0	228380.0	228380.0	228380.0	228380.0	228380.0	228380.0	228380.0	228380.0	228380.0	228380.0	228380.0	228380.0	228380.0	228380.0	228380.0	228380.0	228380.0	228380.0	228380.0	228380.0	228380.0	228380.0	228380.0	228380.0	228380.0	228380.0	228380.0	228380.0	228380.0	228380.0	228380.0	228380.0	228380.0	228380.0
126_TASK06_CON06_0.0_pos	pos	0.0	228298.0	228298.0	228298.0	228298.0	228298.0	228298.0	228298.0	228298.0	228298.0	228298.0	228298.0	228298.0	228298.0	228298.0	228298.0	228298.0	228298.0	228298.0	228298.0	228298.0	228298.0	228298.0	228298.0	228298.0	228298.0	228298.0	228298.0	228298.0	228298.0	228298.0	228298.0	228298.0	228298.0	228298.0	228298.0	228298.0	228298.0	228298.0	228298.0	228298.0	228298.0	228298.0	228298.0	228298.0	228298.0	228298.0	228298.0
126_TASK06_CON06_1.0_posneg	posneg	1.0	228272.0	228272.0	228272.0	228272.0	228272.0	228272.0	228272.0	228272.0	228272.0	228272.0	228272.0	228272.0	228272.0	228272.0	228272.0	228272.0	228272.0	228272.0	228272.0	228272.0	228272.0	228272.0	228272.0	228272.0	228272.0	228272.0	228272.0	228272.0	228272.0	228272.0	228272.0	228272.0	228272.0	228272.0	228272.0	228272.0	228272.0	228272.0	228272.0	228272.0	228272.0	228272.0	228272.0	228272.0	228272.0	228272.0	228272.0
126_TASK06_CON06_1.0_pos	pos	1.0	228250.0	228250.0	228250.0	228250.0	228250.0	228250.0	228250.0	228250.0	228250.0	228250.0	228250.0	228250.0	228250.0	228250.0	228250.0	228250.0	228250.0	228250.0	228250.0	228250.0	228250.0	228250.0	228250.0	228250.0	228250.0	228250.0	228250.0	228250.0	228250.0	228250.0	228250.0	228250.0	228250.0	228250.0	228250.0	228250.0	228250.0	228250.0	228250.0	228250.0	228250.0	228250.0	228250.0	228250.0	228250.0	228250.0	228250.0
126_TASK06_CON06_2.0_posneg	posneg	2.0	228241.0	228241.0	228241.0	228241.0	228241.0	228241.0	228241.0	228241.0	228241.0	228241.0	228241.0	228241.0	228241.0	228241.0	228241.0	228241.0	228241.0	228241.0	228241.0	228241.0	228241.0	228241.0	228241.0	228241.0	228241.0	228241.0	228241.0	228241.0	228241.0	228241.0	228241.0	228241.0	228241.0	228241.0	228241.0	228241.0	228241.0	228241.0	228241.0	228241.0	228241.0	228241.0	228241.0	228241.0	228241.0	228241.0	228241.0
126_TASK06_CON06_2.0_pos	pos	2.0	228241.0	228241.0	228241.0	228241.0	228241.0	228241.0	228241.0	228241.0	228241.0	228241.0	228241.0	228241.0	228241.0	228241.0	228241.0	228241.0	228241.0	228241.0	228241.0	228241.0	228241.0	228241.0	228241.0	228241.0	228241.0	228241.0	228241.0	228241.0	228241.0	228241.0	228241.0	228241.0	228241.0	228241.0	228241.0	228241.0	228241.0	228241.0	228241.0	228241.0	228241.0	228241.0	228241.0	228241.0	228241.0	228241.0	228241.0
126_TASK06_CON06_3.0_posneg	posneg	3.0	228241.0	228241.0	228241.0	228241.0	228241.0	228241.0	228241.0	228241.0	228241.0	228241.0	228241.0	228241.0	228241.0	228241.0	228241.0	228241.0	228241.0	228241.0	228241.0	228241.0	228241.0	228241.0	228241.0	228241.0	228241.0	228241.0	228241.0	228241.0	228241.0	228241.0	228241.0	228241.0	228241.0	228241.0	228241.0	228241.0	228241.0	228241.0	228241.0	228241.0	228241.0	228241.0	228241.0	228241.0	228241.0	228241.0	228241.0
126_TASK06_CON06_3.0_pos	pos	3.0	228241.0	228241.0	228241.0	228241.0	228241.0	228241.0	228241.0	228241.0	228241.0	228241.0	228241.0	228241.0	228241.0	228241.0	228241.0	228241.0	228241.0	228241.0	228241.0	228241.0	228241.0	228241.0	228241.0	228241.0	228241.0	228241.0	228241.0	228241.0	228241.0	228241.0	228241.0	228241.0	228241.0	228241.0	228241.0	228241.0	228241.0	228241.0	228241.0	228241.0	228241.0	228241.0	228241.0	228241.0	228241.0	228241.0	228241.0
126_TASK06_CON06_4.0_posneg	posneg	4.0	228241.0	228241.0	228241.0	228241.0	228241.0	228241.0	228241.0	228241.0	228241.0	228241.0	228241.0	228241.0	228241.0	228241.0	228241.0	228241.0	228241.0	228241.0	228241.0	228241.0	228241.0	228241.0	228241.0	228241.0	228241.0	228241.0	228241.0	228241.0	228241.0	228241.0	228241.0	228241.0	228241.0	228241.0	228241.0	228241.0	228241.0	228241.0	228241.0	228241.0	228241.0	228241.0	228241.0	228241.0	228241.0	228241.0	228241.0
126_TASK06_CON06_4.0_pos	pos	4.0	228241.0	228241.0	228241.0	228241.0	228241.0	228241.0	228241.0	228241.0	228241.0	228241.0	228241.0	228241.0	228241.0	228241.0	228241.0	228241.0	228241.0	228241.0	228241.0	228241.0	228241.0	228241.0	228241.0	228241.0	228241.0	228241.0	228241.0	228241.0	228241.0	228241.0	228241.0	228241.0	228241.0	228241.0	228241.0	228241.0	228241.0	228241.0	228241.0	228241.0	228241.0	228241.0	228241.0	228241.0	228241.0	228241.0	228241.0
126_TASK06_CON06_5.0_posneg	posneg	5.0	228241.0	228241.0	228241.0	228241.0	228241.0	228241.0	228241.0	228241.0	228241.0	228241.0	228241.0	228241.0	228241.0	228241.0	228241.0	228241.0	228241.0	228241.0	228241.0	228241.0	228241.0	228241.0	228241.0	228241.0	228241.0	228241.0	228241.0	228241.0	228241.0	228241.0	228241.0	228241.0	228241.0	228241.0	228241.0	228241.0	228241.0	228241.0	228241.0	228241.0	228241.0	228241.0	228241.0	228241.0	228241.0	228241.0	228241.0
126_TASK06_CON06_5.0_pos	pos	5.0	228241.0	228241.0	228241.0	228241.0	228241.0	228241.0	228241.0	228241.0	228241.0	228241.0	228241.0	228241.0	228241.0	228241.0	228241.0	228241.0	228241.0	228241.0	228241.0	228241.0	228241.0	228241.0	228241.0	228241.0	228241.0	228241.0	228241.0	228241.0	228241.0	228241.0	228241.0	228241.0	228241.0	228241.0	228241.0	228241.0	228241.0	228241.0	228241.0	228241.0	228241.0	228241.0	228241.0	228241.0	228241.0	228241.0	228241.0
126_TASK06_CON06_6.0_posneg	posneg	6.0	228241.0	228241.0	228241.0	228241.0	228241.0	228241.0	228241.0	228241.0	228241.0	228241.0	228241.0	228241.0	228241.0	228241.0	228241.0	228241.0	228241.0	228241.0	228241.0	228241.0	228241.0	228241.0	228241.0	228241.0	228241.0	228241.0	228241.0	228241.0	228241.0	228241.0	228241.0	228241.0	228241.0	228241.0	228241.0	228241.0	228241.0	228241.0	228241.0	228241.0	228241.0	228241.0	228241.0	228241.0	228241.0	228241.0	228241.0
126_TASK06_CON06_6.0_pos	pos	6.0	228241.0	228241.0	228241.0	228241.0	228241.0	228241.0	228241.0	228241.0	228241.0	228241.0	228241.0	228241.0	228241.0	228241.0	228241.0	228241.0	228241.0	228241.0	228241.0	228241.0	228241.0	228241.0	228241.0	228241.0	228241.0	228241.0	228241.0	228241.0	228241.0	228241.0	228241.0	228241.0	228241.0	228241.0	228241.0	228241.0	228241.0	228241.0	228241.0	228241.0	228241.0	228241.0	228241.0	228241.0	228241.0	228241.0	228241.0
126_TASK06_CON06_7.0_posneg	posneg	7.0	228241.0	228241.0	228241.0	228241.0	228241.0	228241.0	228241.0	228241.0	228241.0	228241.0	228241.0	228241.0	228241.0	228241.0	228241.0	228241.0	228241.0	228241.0	228241.0	228241.0	228241.0	228241.0	228241.0	228241.0	228241.0	228241.0	228241.0	228241.0	228241.0	228241.0	228241.0	228241.0	228241.0	228241.0	228241.0	228241.0	228241.0	228241.0	228241.0	228241.0	228241.0	228241.0	228241.0	228241.0	228241.0	228241.0	228241.0
126_TASK06_CON06_7.0_pos	pos	7.0	228241.0	228241.0	228241.0	228241.0	228241.0	228241.0	228241.0	228241.0	228241.0	228241.0	228241.0	228241.0	228241.0	228241.0	228241.0	228241.0	228241.0	228241.0	228241.0	228241.0	228241.0	228241.0	228241.0	228241.0	228241.0	228241.0	228241.0	228241.0	228241.0	228241.0	228241.0	228241.0	228241.0	228241.0	228241.0	228241.0	228241.0	228241.0	228241.0	228241.0	228241.0	228241.0	228241.0	228241.0	228241.0	228241.0	228241.0
126_TASK06_CON06_8.0_posneg	posneg	8.0	228241.0	228241.0	228241.0	228241.0	228241.0	228241.0	228241.0	228241.0	228241.0	228241.0	228241.0	228241.0	228241.0	228241.0	228241.0	228241.0	228241.0	228241.0	228241.0	228241.0	228241.0	228241.0	228241.0	228241.0	228241.0	228241.0	228241.0	228241.0	228241.0	228241.0	228241.0	228241.0	228241.0	228241.0	228241.0	228241.0	228241.0	228241.0	228241.0	228241.0	228241.0	228241.0	228241.0	228241.0	228241.0	228241.0	228241.0
126_TASK06_CON06_8.0_pos	pos	8.0	228241.0	228241.0	228241.0	228241.0	228241.0	228241.0	228241.0	228241.0	228241.0	228241.0	228241.0	228241.0	228241.0	228241.0	228241.0	228241.0	228241.0	228241.0	228241.0	228241.0	228241.0	228241.0	228241.0	228241.0	228241.0	228241.0	228241.0	228241.0	228241.0	228241.0	228241.0	228241.0	228241.0	228241.0	228241.0	228241.0	228241.0	228241.0	228241.0	228241.0	228241.0	228241.0	228241.0	228241.0	228241.0	228241.0	228241.0
126_TASK06_CON06_9.0_posneg	posneg	9.0	0.0	0.0	0.0	0.0	0.0	0.0	0.0	0.0	0.0	0.0	0.0	0.0	0.0	0.0	0.0	0.0	0.0	0.0	0.0	0.0	0.0	0.0	0.0	0.0	0.0	0.0	0.0	0.0	0.0	0.0	0.0	0.0	0.0	0.0	0.0	0.0	0.0	0.0	0.0	0.0	0.0	0.0	0.0	0.0	0.0	0.0	0.0
126_TASK06_CON06_9.0_pos	pos	9.0	0.0	0.0	0.0	0.0	0.0	0.0	0.0	0.0	0.0	0.0	0.0	0.0	0.0	0.0	0.0	0.0	0.0	0.0	0.0	0.0	0.0	0.0	0.0	0.0	0.0	0.0	0.0	0.0	0.0	0.0	0.0	0.0	0.0	0.0	0.0	0.0	0.0	0.0	0.0	0.0	0.0	0.0	0.0	0.0	0.0	0.0	0.0
126_TASK06_CON06_10.0_posneg	posneg	10.0	0.0	0.0	0.0	0.0	0.0	0.0	0.0	0.0	0.0	0.0	0.0	0.0	0.0	0.0	0.0	0.0	0.0	0.0	0.0	0.0	0.0	0.0	0.0	0.0	0.0	0.0	0.0	0.0	0.0	0.0	0.0	0.0	0.0	0.0	0.0	0.0	0.0	0.0	0.0	0.0	0.0	0.0	0.0	0.0	0.0	0.0	0.0
126_TASK06_CON06_10.0_pos	pos	10.0	0.0	0.0	0.0	0.0	0.0	0.0	0.0	0.0	0.0	0.0	0.0	0.0	0.0	0.0	0.0	0.0	0.0	0.0	0.0	0.0	0.0	0.0	0.0	0.0	0.0	0.0	0.0	0.0	0.0	0.0	0.0	0.0	0.0	0.0	0.0	0.0	0.0	0.0	0.0	0.0	0.0	0.0	0.0	0.0	0.0	0.0	0.0
126_TASK06_CON06_11.0_posneg	posneg	11.0	0.0	0.0	0.0	0.0	0.0	0.0	0.0	0.0	0.0	0.0	0.0	0.0	0.0	0.0	0.0	0.0	0.0	0.0	0.0	0.0	0.0	0.0	0.0	0.0	0.0	0.0	0.0	0.0	0.0	0.0	0.0	0.0	0.0	0.0	0.0	0.0	0.0	0.0	0.0	0.0	0.0	0.0	0.0	0.0	0.0	0.0	0.0
126_TASK06_CON06_11.0_pos	pos	11.0	0.0	0.0	0.0	0.0	0.0	0.0	0.0	0.0	0.0	0.0	0.0	0.0	0.0	0.0	0.0	0.0	0.0	0.0	0.0	0.0	0.0	0.0	0.0	0.0	0.0	0.0	0.0	0.0	0.0	0.0	0.0	0.0	0.0	0.0	0.0	0.0	0.0	0.0	0.0	0.0	0.0	0.0	0.0	0.0	0.0	0.0	0.0
126_TASK06_CON06_12.0_posneg	posneg	12.0	0.0	0.0	0.0	0.0	0.0	0.0	0.0	0.0	0.0	0.0	0.0	0.0	0.0	0.0	0.0	0.0	0.0	0.0	0.0	0.0	0.0	0.0	0.0	0.0	0.0	0.0	0.0	0.0	0.0	0.0	0.0	0.0	0.0	0.0	0.0	0.0	0.0	0.0	0.0	0.0	0.0	0.0	0.0	0.0	0.0	0.0	0.0
126_TASK06_CON06_12.0_pos	pos	12.0	0.0	0.0	0.0	0.0	0.0	0.0	0.0	0.0	0.0	0.0	0.0	0.0	0.0	0.0	0.0	0.0	0.0	0.0	0.0	0.0	0.0	0.0	0.0	0.0	0.0	0.0	0.0	0.0	0.0	0.0	0.0	0.0	0.0	0.0	0.0	0.0	0.0	0.0	0.0	0.0	0.0	0.0	0.0	0.0	0.0	0.0	0.0
126_TASK06_CON06_13.0_posneg	posneg	13.0	0.0	0.0	0.0	0.0	0.0	0.0	0.0	0.0	0.0	0.0	0.0	0.0	0.0	0.0	0.0	0.0	0.0	0.0	0.0	0.0	0.0	0.0	0.0	0.0	0.0	0.0	0.0	0.0	0.0	0.0	0.0	0.0	0.0	0.0	0.0	0.0	0.0	0.0	0.0	0.0	0.0	0.0	0.0	0.0	0.0	0.0	0.0
126_TASK06_CON06_13.0_pos	pos	13.0	0.0	0.0	0.0	0.0	0.0	0.0	0.0	0.0	0.0	0.0	0.0	0.0	0.0	0.0	0.0	0.0	0.0	0.0	0.0	0.0	0.0	0.0	0.0	0.0	0.0	0.0	0.0	0.0	0.0	0.0	0.0	0.0	0.0	0.0	0.0	0.0	0.0	0.0	0.0	0.0	0.0	0.0	0.0	0.0	0.0	0.0	0.0
126_TASK07_CON31_0.0_posneg	posneg	0.0	228380.0	228380.0	228380.0	228380.0	228380.0	228380.0	228380.0	228380.0	228380.0	228380.0	228380.0	228380.0	228380.0	228380.0	228380.0	228380.0	228380.0	228380.0	228380.0	228380.0	228380.0	228380.0	228380.0	228380.0	228380.0	228380.0	228380.0	228380.0	228380.0	228380.0	228380.0	228380.0	228380.0	228380.0	228380.0	228380.0	228380.0	228380.0	228380.0	228380.0	228380.0	228380.0	228380.0	228380.0	228380.0	228380.0	228380.0
126_TASK07_CON31_0.0_pos	pos	0.0	228316.0	228316.0	228316.0	228316.0	228316.0	228316.0	228316.0	228316.0	228316.0	228316.0	228316.0	228316.0	228316.0	228316.0	228316.0	228316.0	228316.0	228316.0	228316.0	228316.0	228316.0	228316.0	228316.0	228316.0	228316.0	228316.0	228316.0	228316.0	228316.0	228316.0	228316.0	228316.0	228316.0	228316.0	228316.0	228316.0	228316.0	228316.0	228316.0	228316.0	228316.0	228316.0	228316.0	228316.0	228316.0	228316.0	228316.0
126_TASK07_CON31_1.0_posneg	posneg	1.0	228274.0	228274.0	228274.0	228274.0	228274.0	228274.0	228274.0	228274.0	228274.0	228274.0	228274.0	228274.0	228274.0	228274.0	228274.0	228274.0	228274.0	228274.0	228274.0	228274.0	228274.0	228274.0	228274.0	228274.0	228274.0	228274.0	228274.0	228274.0	228274.0	228274.0	228274.0	228274.0	228274.0	228274.0	228274.0	228274.0	228274.0	228274.0	228274.0	228274.0	228274.0	228274.0	228274.0	228274.0	228274.0	228274.0	228274.0
126_TASK07_CON31_1.0_pos	pos	1.0	228257.0	228257.0	228257.0	228257.0	228257.0	228257.0	228257.0	228257.0	228257.0	228257.0	228257.0	228257.0	228257.0	228257.0	228257.0	228257.0	228257.0	228257.0	228257.0	228257.0	228257.0	228257.0	228257.0	228257.0	228257.0	228257.0	228257.0	228257.0	228257.0	228257.0	228257.0	228257.0	228257.0	228257.0	228257.0	228257.0	228257.0	228257.0	228257.0	228257.0	228257.0	228257.0	228257.0	228257.0	228257.0	228257.0	228257.0
126_TASK07_CON31_2.0_posneg	posneg	2.0	228241.0	228241.0	228241.0	228241.0	228241.0	228241.0	228241.0	228241.0	228241.0	228241.0	228241.0	228241.0	228241.0	228241.0	228241.0	228241.0	228241.0	228241.0	228241.0	228241.0	228241.0	228241.0	228241.0	228241.0	228241.0	228241.0	228241.0	228241.0	228241.0	228241.0	228241.0	228241.0	228241.0	228241.0	228241.0	228241.0	228241.0	228241.0	228241.0	228241.0	228241.0	228241.0	228241.0	228241.0	228241.0	228241.0	228241.0
126_TASK07_CON31_2.0_pos	pos	2.0	228241.0	228241.0	228241.0	228241.0	228241.0	228241.0	228241.0	228241.0	228241.0	228241.0	228241.0	228241.0	228241.0	228241.0	228241.0	228241.0	228241.0	228241.0	228241.0	228241.0	228241.0	228241.0	228241.0	228241.0	228241.0	228241.0	228241.0	228241.0	228241.0	228241.0	228241.0	228241.0	228241.0	228241.0	228241.0	228241.0	228241.0	228241.0	228241.0	228241.0	228241.0	228241.0	228241.0	228241.0	228241.0	228241.0	228241.0
126_TASK07_CON31_3.0_posneg	posneg	3.0	228241.0	228241.0	228241.0	228241.0	228241.0	228241.0	228241.0	228241.0	228241.0	228241.0	228241.0	228241.0	228241.0	228241.0	228241.0	228241.0	228241.0	228241.0	228241.0	228241.0	228241.0	228241.0	228241.0	228241.0	228241.0	228241.0	228241.0	228241.0	228241.0	228241.0	228241.0	228241.0	228241.0	228241.0	228241.0	228241.0	228241.0	228241.0	228241.0	228241.0	228241.0	228241.0	228241.0	228241.0	228241.0	228241.0	228241.0
126_TASK07_CON31_3.0_pos	pos	3.0	228241.0	228241.0	228241.0	228241.0	228241.0	228241.0	228241.0	228241.0	228241.0	228241.0	228241.0	228241.0	228241.0	228241.0	228241.0	228241.0	228241.0	228241.0	228241.0	228241.0	228241.0	228241.0	228241.0	228241.0	228241.0	228241.0	228241.0	228241.0	228241.0	228241.0	228241.0	228241.0	228241.0	228241.0	228241.0	228241.0	228241.0	228241.0	228241.0	228241.0	228241.0	228241.0	228241.0	228241.0	228241.0	228241.0	228241.0
126_TASK07_CON31_4.0_posneg	posneg	4.0	228241.0	228241.0	228241.0	228241.0	228241.0	228241.0	228241.0	228241.0	228241.0	228241.0	228241.0	228241.0	228241.0	228241.0	228241.0	228241.0	228241.0	228241.0	228241.0	228241.0	228241.0	228241.0	228241.0	228241.0	228241.0	228241.0	228241.0	228241.0	228241.0	228241.0	228241.0	228241.0	228241.0	228241.0	228241.0	228241.0	228241.0	228241.0	228241.0	228241.0	228241.0	228241.0	228241.0	228241.0	228241.0	228241.0	228241.0
126_TASK07_CON31_4.0_pos	pos	4.0	228241.0	228241.0	228241.0	228241.0	228241.0	228241.0	228241.0	228241.0	228241.0	228241.0	228241.0	228241.0	228241.0	228241.0	228241.0	228241.0	228241.0	228241.0	228241.0	228241.0	228241.0	228241.0	228241.0	228241.0	228241.0	228241.0	228241.0	228241.0	228241.0	228241.0	228241.0	228241.0	228241.0	228241.0	228241.0	228241.0	228241.0	228241.0	228241.0	228241.0	228241.0	228241.0	228241.0	228241.0	228241.0	228241.0	228241.0
126_TASK07_CON31_5.0_posneg	posneg	5.0	228241.0	228241.0	228241.0	228241.0	228241.0	228241.0	228241.0	228241.0	228241.0	228241.0	228241.0	228241.0	228241.0	228241.0	228241.0	228241.0	228241.0	228241.0	228241.0	228241.0	228241.0	228241.0	228241.0	228241.0	228241.0	228241.0	228241.0	228241.0	228241.0	228241.0	228241.0	228241.0	228241.0	228241.0	228241.0	228241.0	228241.0	228241.0	228241.0	228241.0	228241.0	228241.0	228241.0	228241.0	228241.0	228241.0	228241.0
126_TASK07_CON31_5.0_pos	pos	5.0	228241.0	228241.0	228241.0	228241.0	228241.0	228241.0	228241.0	228241.0	228241.0	228241.0	228241.0	228241.0	228241.0	228241.0	228241.0	228241.0	228241.0	228241.0	228241.0	228241.0	228241.0	228241.0	228241.0	228241.0	228241.0	228241.0	228241.0	228241.0	228241.0	228241.0	228241.0	228241.0	228241.0	228241.0	228241.0	228241.0	228241.0	228241.0	228241.0	228241.0	228241.0	228241.0	228241.0	228241.0	228241.0	228241.0	228241.0
126_TASK07_CON31_6.0_posneg	posneg	6.0	228241.0	228241.0	228241.0	228241.0	228241.0	228241.0	228241.0	228241.0	228241.0	228241.0	228241.0	228241.0	228241.0	228241.0	228241.0	228241.0	228241.0	228241.0	228241.0	228241.0	228241.0	228241.0	228241.0	228241.0	228241.0	228241.0	228241.0	228241.0	228241.0	228241.0	228241.0	228241.0	228241.0	228241.0	228241.0	228241.0	228241.0	228241.0	228241.0	228241.0	228241.0	228241.0	228241.0	228241.0	228241.0	228241.0	228241.0
126_TASK07_CON31_6.0_pos	pos	6.0	228241.0	228241.0	228241.0	228241.0	228241.0	228241.0	228241.0	228241.0	228241.0	228241.0	228241.0	228241.0	228241.0	228241.0	228241.0	228241.0	228241.0	228241.0	228241.0	228241.0	228241.0	228241.0	228241.0	228241.0	228241.0	228241.0	228241.0	228241.0	228241.0	228241.0	228241.0	228241.0	228241.0	228241.0	228241.0	228241.0	228241.0	228241.0	228241.0	228241.0	228241.0	228241.0	228241.0	228241.0	228241.0	228241.0	228241.0
126_TASK07_CON31_7.0_posneg	posneg	7.0	228241.0	228241.0	228241.0	228241.0	228241.0	228241.0	228241.0	228241.0	228241.0	228241.0	228241.0	228241.0	228241.0	228241.0	228241.0	228241.0	228241.0	228241.0	228241.0	228241.0	228241.0	228241.0	228241.0	228241.0	228241.0	228241.0	228241.0	228241.0	228241.0	228241.0	228241.0	228241.0	228241.0	228241.0	228241.0	228241.0	228241.0	228241.0	228241.0	228241.0	228241.0	228241.0	228241.0	228241.0	228241.0	228241.0	228241.0
126_TASK07_CON31_7.0_pos	pos	7.0	228241.0	228241.0	228241.0	228241.0	228241.0	228241.0	228241.0	228241.0	228241.0	228241.0	228241.0	228241.0	228241.0	228241.0	228241.0	228241.0	228241.0	228241.0	228241.0	228241.0	228241.0	228241.0	228241.0	228241.0	228241.0	228241.0	228241.0	228241.0	228241.0	228241.0	228241.0	228241.0	228241.0	228241.0	228241.0	228241.0	228241.0	228241.0	228241.0	228241.0	228241.0	228241.0	228241.0	228241.0	228241.0	228241.0	228241.0
126_TASK07_CON31_8.0_posneg	posneg	8.0	228241.0	228241.0	228241.0	228241.0	228241.0	228241.0	228241.0	228241.0	228241.0	228241.0	228241.0	228241.0	228241.0	228241.0	228241.0	228241.0	228241.0	228241.0	228241.0	228241.0	228241.0	228241.0	228241.0	228241.0	228241.0	228241.0	228241.0	228241.0	228241.0	228241.0	228241.0	228241.0	228241.0	228241.0	228241.0	228241.0	228241.0	228241.0	228241.0	228241.0	228241.0	228241.0	228241.0	228241.0	228241.0	228241.0	228241.0
126_TASK07_CON31_8.0_pos	pos	8.0	228241.0	228241.0	228241.0	228241.0	228241.0	228241.0	228241.0	228241.0	228241.0	228241.0	228241.0	228241.0	228241.0	228241.0	228241.0	228241.0	228241.0	228241.0	228241.0	228241.0	228241.0	228241.0	228241.0	228241.0	228241.0	228241.0	228241.0	228241.0	228241.0	228241.0	228241.0	228241.0	228241.0	228241.0	228241.0	228241.0	228241.0	228241.0	228241.0	228241.0	228241.0	228241.0	228241.0	228241.0	228241.0	228241.0	228241.0
126_TASK07_CON31_9.0_posneg	posneg	9.0	228241.0	228241.0	228241.0	228241.0	228241.0	228241.0	228241.0	228241.0	228241.0	228241.0	228241.0	228241.0	228241.0	228241.0	228241.0	228241.0	228241.0	228241.0	228241.0	228241.0	228241.0	228241.0	228241.0	228241.0	228241.0	228241.0	228241.0	228241.0	228241.0	228241.0	228241.0	228241.0	228241.0	228241.0	228241.0	228241.0	228241.0	228241.0	228241.0	228241.0	228241.0	228241.0	228241.0	228241.0	228241.0	228241.0	228241.0
126_TASK07_CON31_9.0_pos	pos	9.0	228241.0	228241.0	228241.0	228241.0	228241.0	228241.0	228241.0	228241.0	228241.0	228241.0	228241.0	228241.0	228241.0	228241.0	228241.0	228241.0	228241.0	228241.0	228241.0	228241.0	228241.0	228241.0	228241.0	228241.0	228241.0	228241.0	228241.0	228241.0	228241.0	228241.0	228241.0	228241.0	228241.0	228241.0	228241.0	228241.0	228241.0	228241.0	228241.0	228241.0	228241.0	228241.0	228241.0	228241.0	228241.0	228241.0	228241.0
126_TASK07_CON31_10.0_posneg	posneg	10.0	0.0	0.0	0.0	0.0	0.0	0.0	0.0	0.0	0.0	0.0	0.0	0.0	0.0	0.0	0.0	0.0	0.0	0.0	0.0	0.0	0.0	0.0	0.0	0.0	0.0	0.0	0.0	0.0	0.0	0.0	0.0	0.0	0.0	0.0	0.0	0.0	0.0	0.0	0.0	0.0	0.0	0.0	0.0	0.0	0.0	0.0	0.0
126_TASK07_CON31_10.0_pos	pos	10.0	0.0	0.0	0.0	0.0	0.0	0.0	0.0	0.0	0.0	0.0	0.0	0.0	0.0	0.0	0.0	0.0	0.0	0.0	0.0	0.0	0.0	0.0	0.0	0.0	0.0	0.0	0.0	0.0	0.0	0.0	0.0	0.0	0.0	0.0	0.0	0.0	0.0	0.0	0.0	0.0	0.0	0.0	0.0	0.0	0.0	0.0	0.0
126_TASK07_CON31_11.0_posneg	posneg	11.0	0.0	0.0	0.0	0.0	0.0	0.0	0.0	0.0	0.0	0.0	0.0	0.0	0.0	0.0	0.0	0.0	0.0	0.0	0.0	0.0	0.0	0.0	0.0	0.0	0.0	0.0	0.0	0.0	0.0	0.0	0.0	0.0	0.0	0.0	0.0	0.0	0.0	0.0	0.0	0.0	0.0	0.0	0.0	0.0	0.0	0.0	0.0
126_TASK07_CON31_11.0_pos	pos	11.0	0.0	0.0	0.0	0.0	0.0	0.0	0.0	0.0	0.0	0.0	0.0	0.0	0.0	0.0	0.0	0.0	0.0	0.0	0.0	0.0	0.0	0.0	0.0	0.0	0.0	0.0	0.0	0.0	0.0	0.0	0.0	0.0	0.0	0.0	0.0	0.0	0.0	0.0	0.0	0.0	0.0	0.0	0.0	0.0	0.0	0.0	0.0
126_TASK07_CON31_12.0_posneg	posneg	12.0	0.0	0.0	0.0	0.0	0.0	0.0	0.0	0.0	0.0	0.0	0.0	0.0	0.0	0.0	0.0	0.0	0.0	0.0	0.0	0.0	0.0	0.0	0.0	0.0	0.0	0.0	0.0	0.0	0.0	0.0	0.0	0.0	0.0	0.0	0.0	0.0	0.0	0.0	0.0	0.0	0.0	0.0	0.0	0.0	0.0	0.0	0.0
126_TASK07_CON31_12.0_pos	pos	12.0	0.0	0.0	0.0	0.0	0.0	0.0	0.0	0.0	0.0	0.0	0.0	0.0	0.0	0.0	0.0	0.0	0.0	0.0	0.0	0.0	0.0	0.0	0.0	0.0	0.0	0.0	0.0	0.0	0.0	0.0	0.0	0.0	0.0	0.0	0.0	0.0	0.0	0.0	0.0	0.0	0.0	0.0	0.0	0.0	0.0	0.0	0.0
126_TASK07_CON31_13.0_posneg	posneg	13.0	0.0	0.0	0.0	0.0	0.0	0.0	0.0	0.0	0.0	0.0	0.0	0.0	0.0	0.0	0.0	0.0	0.0	0.0	0.0	0.0	0.0	0.0	0.0	0.0	0.0	0.0	0.0	0.0	0.0	0.0	0.0	0.0	0.0	0.0	0.0	0.0	0.0	0.0	0.0	0.0	0.0	0.0	0.0	0.0	0.0	0.0	0.0
126_TASK07_CON31_13.0_pos	pos	13.0	0.0	0.0	0.0	0.0	0.0	0.0	0.0	0.0	0.0	0.0	0.0	0.0	0.0	0.0	0.0	0.0	0.0	0.0	0.0	0.0	0.0	0.0	0.0	0.0	0.0	0.0	0.0	0.0	0.0	0.0	0.0	0.0	0.0	0.0	0.0	0.0	0.0	0.0	0.0	0.0	0.0	0.0	0.0	0.0	0.0	0.0	0.0
126_TASK07_CON32_0.0_posneg	posneg	0.0	228380.0	228380.0	228380.0	228380.0	228380.0	228380.0	228380.0	228380.0	228380.0	228380.0	228380.0	228380.0	228380.0	228380.0	228380.0	228380.0	228380.0	228380.0	228380.0	228380.0	228380.0	228380.0	228380.0	228380.0	228380.0	228380.0	228380.0	228380.0	228380.0	228380.0	228380.0	228380.0	228380.0	228380.0	228380.0	228380.0	228380.0	228380.0	228380.0	228380.0	228380.0	228380.0	228380.0	228380.0	228380.0	228380.0	228380.0
126_TASK07_CON32_0.0_pos	pos	0.0	228283.0	228283.0	228283.0	228283.0	228283.0	228283.0	228283.0	228283.0	228283.0	228283.0	228283.0	228283.0	228283.0	228283.0	228283.0	228283.0	228283.0	228283.0	228283.0	228283.0	228283.0	228283.0	228283.0	228283.0	228283.0	228283.0	228283.0	228283.0	228283.0	228283.0	228283.0	228283.0	228283.0	228283.0	228283.0	228283.0	228283.0	228283.0	228283.0	228283.0	228283.0	228283.0	228283.0	228283.0	228283.0	228283.0	228283.0
126_TASK07_CON32_1.0_posneg	posneg	1.0	228280.0	228280.0	228280.0	228280.0	228280.0	228280.0	228280.0	228280.0	228280.0	228280.0	228280.0	228280.0	228280.0	228280.0	228280.0	228280.0	228280.0	228280.0	228280.0	228280.0	228280.0	228280.0	228280.0	228280.0	228280.0	228280.0	228280.0	228280.0	228280.0	228280.0	228280.0	228280.0	228280.0	228280.0	228280.0	228280.0	228280.0	228280.0	228280.0	228280.0	228280.0	228280.0	228280.0	228280.0	228280.0	228280.0	228280.0
126_TASK07_CON32_1.0_pos	pos	1.0	228246.0	228246.0	228246.0	228246.0	228246.0	228246.0	228246.0	228246.0	228246.0	228246.0	228246.0	228246.0	228246.0	228246.0	228246.0	228246.0	228246.0	228246.0	228246.0	228246.0	228246.0	228246.0	228246.0	228246.0	228246.0	228246.0	228246.0	228246.0	228246.0	228246.0	228246.0	228246.0	228246.0	228246.0	228246.0	228246.0	228246.0	228246.0	228246.0	228246.0	228246.0	228246.0	228246.0	228246.0	228246.0	228246.0	228246.0
126_TASK07_CON32_2.0_posneg	posneg	2.0	228242.0	228242.0	228242.0	228242.0	228242.0	228242.0	228242.0	228242.0	228242.0	228242.0	228242.0	228242.0	228242.0	228242.0	228242.0	228242.0	228242.0	228242.0	228242.0	228242.0	228242.0	228242.0	228242.0	228242.0	228242.0	228242.0	228242.0	228242.0	228242.0	228242.0	228242.0	228242.0	228242.0	228242.0	228242.0	228242.0	228242.0	228242.0	228242.0	228242.0	228242.0	228242.0	228242.0	228242.0	228242.0	228242.0	228242.0
126_TASK07_CON32_2.0_pos	pos	2.0	228241.0	228241.0	228241.0	228241.0	228241.0	228241.0	228241.0	228241.0	228241.0	228241.0	228241.0	228241.0	228241.0	228241.0	228241.0	228241.0	228241.0	228241.0	228241.0	228241.0	228241.0	228241.0	228241.0	228241.0	228241.0	228241.0	228241.0	228241.0	228241.0	228241.0	228241.0	228241.0	228241.0	228241.0	228241.0	228241.0	228241.0	228241.0	228241.0	228241.0	228241.0	228241.0	228241.0	228241.0	228241.0	228241.0	228241.0
126_TASK07_CON32_3.0_posneg	posneg	3.0	228241.0	228241.0	228241.0	228241.0	228241.0	228241.0	228241.0	228241.0	228241.0	228241.0	228241.0	228241.0	228241.0	228241.0	228241.0	228241.0	228241.0	228241.0	228241.0	228241.0	228241.0	228241.0	228241.0	228241.0	228241.0	228241.0	228241.0	228241.0	228241.0	228241.0	228241.0	228241.0	228241.0	228241.0	228241.0	228241.0	228241.0	228241.0	228241.0	228241.0	228241.0	228241.0	228241.0	228241.0	228241.0	228241.0	228241.0
126_TASK07_CON32_3.0_pos	pos	3.0	228241.0	228241.0	228241.0	228241.0	228241.0	228241.0	228241.0	228241.0	228241.0	228241.0	228241.0	228241.0	228241.0	228241.0	228241.0	228241.0	228241.0	228241.0	228241.0	228241.0	228241.0	228241.0	228241.0	228241.0	228241.0	228241.0	228241.0	228241.0	228241.0	228241.0	228241.0	228241.0	228241.0	228241.0	228241.0	228241.0	228241.0	228241.0	228241.0	228241.0	228241.0	228241.0	228241.0	228241.0	228241.0	228241.0	228241.0
126_TASK07_CON32_4.0_posneg	posneg	4.0	228241.0	228241.0	228241.0	228241.0	228241.0	228241.0	228241.0	228241.0	228241.0	228241.0	228241.0	228241.0	228241.0	228241.0	228241.0	228241.0	228241.0	228241.0	228241.0	228241.0	228241.0	228241.0	228241.0	228241.0	228241.0	228241.0	228241.0	228241.0	228241.0	228241.0	228241.0	228241.0	228241.0	228241.0	228241.0	228241.0	228241.0	228241.0	228241.0	228241.0	228241.0	228241.0	228241.0	228241.0	228241.0	228241.0	228241.0
126_TASK07_CON32_4.0_pos	pos	4.0	228241.0	228241.0	228241.0	228241.0	228241.0	228241.0	228241.0	228241.0	228241.0	228241.0	228241.0	228241.0	228241.0	228241.0	228241.0	228241.0	228241.0	228241.0	228241.0	228241.0	228241.0	228241.0	228241.0	228241.0	228241.0	228241.0	228241.0	228241.0	228241.0	228241.0	228241.0	228241.0	228241.0	228241.0	228241.0	228241.0	228241.0	228241.0	228241.0	228241.0	228241.0	228241.0	228241.0	228241.0	228241.0	228241.0	228241.0
126_TASK07_CON32_5.0_posneg	posneg	5.0	228241.0	228241.0	228241.0	228241.0	228241.0	228241.0	228241.0	228241.0	228241.0	228241.0	228241.0	228241.0	228241.0	228241.0	228241.0	228241.0	228241.0	228241.0	228241.0	228241.0	228241.0	228241.0	228241.0	228241.0	228241.0	228241.0	228241.0	228241.0	228241.0	228241.0	228241.0	228241.0	228241.0	228241.0	228241.0	228241.0	228241.0	228241.0	228241.0	228241.0	228241.0	228241.0	228241.0	228241.0	228241.0	228241.0	228241.0
126_TASK07_CON32_5.0_pos	pos	5.0	228241.0	228241.0	228241.0	228241.0	228241.0	228241.0	228241.0	228241.0	228241.0	228241.0	228241.0	228241.0	228241.0	228241.0	228241.0	228241.0	228241.0	228241.0	228241.0	228241.0	228241.0	228241.0	228241.0	228241.0	228241.0	228241.0	228241.0	228241.0	228241.0	228241.0	228241.0	228241.0	228241.0	228241.0	228241.0	228241.0	228241.0	228241.0	228241.0	228241.0	228241.0	228241.0	228241.0	228241.0	228241.0	228241.0	228241.0
126_TASK07_CON32_6.0_posneg	posneg	6.0	228241.0	228241.0	228241.0	228241.0	228241.0	228241.0	228241.0	228241.0	228241.0	228241.0	228241.0	228241.0	228241.0	228241.0	228241.0	228241.0	228241.0	228241.0	228241.0	228241.0	228241.0	228241.0	228241.0	228241.0	228241.0	228241.0	228241.0	228241.0	228241.0	228241.0	228241.0	228241.0	228241.0	228241.0	228241.0	228241.0	228241.0	228241.0	228241.0	228241.0	228241.0	228241.0	228241.0	228241.0	228241.0	228241.0	228241.0
126_TASK07_CON32_6.0_pos	pos	6.0	228241.0	228241.0	228241.0	228241.0	228241.0	228241.0	228241.0	228241.0	228241.0	228241.0	228241.0	228241.0	228241.0	228241.0	228241.0	228241.0	228241.0	228241.0	228241.0	228241.0	228241.0	228241.0	228241.0	228241.0	228241.0	228241.0	228241.0	228241.0	228241.0	228241.0	228241.0	228241.0	228241.0	228241.0	228241.0	228241.0	228241.0	228241.0	228241.0	228241.0	228241.0	228241.0	228241.0	228241.0	228241.0	228241.0	228241.0
126_TASK07_CON32_7.0_posneg	posneg	7.0	228241.0	228241.0	228241.0	228241.0	228241.0	228241.0	228241.0	228241.0	228241.0	228241.0	228241.0	228241.0	228241.0	228241.0	228241.0	228241.0	228241.0	228241.0	228241.0	228241.0	228241.0	228241.0	228241.0	228241.0	228241.0	228241.0	228241.0	228241.0	228241.0	228241.0	228241.0	228241.0	228241.0	228241.0	228241.0	228241.0	228241.0	228241.0	228241.0	228241.0	228241.0	228241.0	228241.0	228241.0	228241.0	228241.0	228241.0
126_TASK07_CON32_7.0_pos	pos	7.0	228241.0	228241.0	228241.0	228241.0	228241.0	228241.0	228241.0	228241.0	228241.0	228241.0	228241.0	228241.0	228241.0	228241.0	228241.0	228241.0	228241.0	228241.0	228241.0	228241.0	228241.0	228241.0	228241.0	228241.0	228241.0	228241.0	228241.0	228241.0	228241.0	228241.0	228241.0	228241.0	228241.0	228241.0	228241.0	228241.0	228241.0	228241.0	228241.0	228241.0	228241.0	228241.0	228241.0	228241.0	228241.0	228241.0	228241.0
126_TASK07_CON32_8.0_posneg	posneg	8.0	228241.0	228241.0	228241.0	228241.0	228241.0	228241.0	228241.0	228241.0	228241.0	228241.0	228241.0	228241.0	228241.0	228241.0	228241.0	228241.0	228241.0	228241.0	228241.0	228241.0	228241.0	228241.0	228241.0	228241.0	228241.0	228241.0	228241.0	228241.0	228241.0	228241.0	228241.0	228241.0	228241.0	228241.0	228241.0	228241.0	228241.0	228241.0	228241.0	228241.0	228241.0	228241.0	228241.0	228241.0	228241.0	228241.0	228241.0
126_TASK07_CON32_8.0_pos	pos	8.0	228241.0	228241.0	228241.0	228241.0	228241.0	228241.0	228241.0	228241.0	228241.0	228241.0	228241.0	228241.0	228241.0	228241.0	228241.0	228241.0	228241.0	228241.0	228241.0	228241.0	228241.0	228241.0	228241.0	228241.0	228241.0	228241.0	228241.0	228241.0	228241.0	228241.0	228241.0	228241.0	228241.0	228241.0	228241.0	228241.0	228241.0	228241.0	228241.0	228241.0	228241.0	228241.0	228241.0	228241.0	228241.0	228241.0	228241.0
126_TASK07_CON32_9.0_posneg	posneg	9.0	228241.0	228241.0	228241.0	228241.0	228241.0	228241.0	228241.0	228241.0	228241.0	228241.0	228241.0	228241.0	228241.0	228241.0	228241.0	228241.0	228241.0	228241.0	228241.0	228241.0	228241.0	228241.0	228241.0	228241.0	228241.0	228241.0	228241.0	228241.0	228241.0	228241.0	228241.0	228241.0	228241.0	228241.0	228241.0	228241.0	228241.0	228241.0	228241.0	228241.0	228241.0	228241.0	228241.0	228241.0	228241.0	228241.0	228241.0
126_TASK07_CON32_9.0_pos	pos	9.0	228241.0	228241.0	228241.0	228241.0	228241.0	228241.0	228241.0	228241.0	228241.0	228241.0	228241.0	228241.0	228241.0	228241.0	228241.0	228241.0	228241.0	228241.0	228241.0	228241.0	228241.0	228241.0	228241.0	228241.0	228241.0	228241.0	228241.0	228241.0	228241.0	228241.0	228241.0	228241.0	228241.0	228241.0	228241.0	228241.0	228241.0	228241.0	228241.0	228241.0	228241.0	228241.0	228241.0	228241.0	228241.0	228241.0	228241.0
126_TASK07_CON32_10.0_posneg	posneg	10.0	0.0	0.0	0.0	0.0	0.0	0.0	0.0	0.0	0.0	0.0	0.0	0.0	0.0	0.0	0.0	0.0	0.0	0.0	0.0	0.0	0.0	0.0	0.0	0.0	0.0	0.0	0.0	0.0	0.0	0.0	0.0	0.0	0.0	0.0	0.0	0.0	0.0	0.0	0.0	0.0	0.0	0.0	0.0	0.0	0.0	0.0	0.0
126_TASK07_CON32_10.0_pos	pos	10.0	0.0	0.0	0.0	0.0	0.0	0.0	0.0	0.0	0.0	0.0	0.0	0.0	0.0	0.0	0.0	0.0	0.0	0.0	0.0	0.0	0.0	0.0	0.0	0.0	0.0	0.0	0.0	0.0	0.0	0.0	0.0	0.0	0.0	0.0	0.0	0.0	0.0	0.0	0.0	0.0	0.0	0.0	0.0	0.0	0.0	0.0	0.0
126_TASK07_CON32_11.0_posneg	posneg	11.0	0.0	0.0	0.0	0.0	0.0	0.0	0.0	0.0	0.0	0.0	0.0	0.0	0.0	0.0	0.0	0.0	0.0	0.0	0.0	0.0	0.0	0.0	0.0	0.0	0.0	0.0	0.0	0.0	0.0	0.0	0.0	0.0	0.0	0.0	0.0	0.0	0.0	0.0	0.0	0.0	0.0	0.0	0.0	0.0	0.0	0.0	0.0
126_TASK07_CON32_11.0_pos	pos	11.0	0.0	0.0	0.0	0.0	0.0	0.0	0.0	0.0	0.0	0.0	0.0	0.0	0.0	0.0	0.0	0.0	0.0	0.0	0.0	0.0	0.0	0.0	0.0	0.0	0.0	0.0	0.0	0.0	0.0	0.0	0.0	0.0	0.0	0.0	0.0	0.0	0.0	0.0	0.0	0.0	0.0	0.0	0.0	0.0	0.0	0.0	0.0
126_TASK07_CON32_12.0_posneg	posneg	12.0	0.0	0.0	0.0	0.0	0.0	0.0	0.0	0.0	0.0	0.0	0.0	0.0	0.0	0.0	0.0	0.0	0.0	0.0	0.0	0.0	0.0	0.0	0.0	0.0	0.0	0.0	0.0	0.0	0.0	0.0	0.0	0.0	0.0	0.0	0.0	0.0	0.0	0.0	0.0	0.0	0.0	0.0	0.0	0.0	0.0	0.0	0.0
126_TASK07_CON32_12.0_pos	pos	12.0	0.0	0.0	0.0	0.0	0.0	0.0	0.0	0.0	0.0	0.0	0.0	0.0	0.0	0.0	0.0	0.0	0.0	0.0	0.0	0.0	0.0	0.0	0.0	0.0	0.0	0.0	0.0	0.0	0.0	0.0	0.0	0.0	0.0	0.0	0.0	0.0	0.0	0.0	0.0	0.0	0.0	0.0	0.0	0.0	0.0	0.0	0.0
126_TASK07_CON32_13.0_posneg	posneg	13.0	0.0	0.0	0.0	0.0	0.0	0.0	0.0	0.0	0.0	0.0	0.0	0.0	0.0	0.0	0.0	0.0	0.0	0.0	0.0	0.0	0.0	0.0	0.0	0.0	0.0	0.0	0.0	0.0	0.0	0.0	0.0	0.0	0.0	0.0	0.0	0.0	0.0	0.0	0.0	0.0	0.0	0.0	0.0	0.0	0.0	0.0	0.0
126_TASK07_CON32_13.0_pos	pos	13.0	0.0	0.0	0.0	0.0	0.0	0.0	0.0	0.0	0.0	0.0	0.0	0.0	0.0	0.0	0.0	0.0	0.0	0.0	0.0	0.0	0.0	0.0	0.0	0.0	0.0	0.0	0.0	0.0	0.0	0.0	0.0	0.0	0.0	0.0	0.0	0.0	0.0	0.0	0.0	0.0	0.0	0.0	0.0	0.0	0.0	0.0	0.0
126_TASK07_CON33_0.0_posneg	posneg	0.0	228380.0	228380.0	228380.0	228380.0	228380.0	228380.0	228380.0	228380.0	228380.0	228380.0	228380.0	228380.0	228380.0	228380.0	228380.0	228380.0	228380.0	228380.0	228380.0	228380.0	228380.0	228380.0	228380.0	228380.0	228380.0	228380.0	228380.0	228380.0	228380.0	228380.0	228380.0	228380.0	228380.0	228380.0	228380.0	228380.0	228380.0	228380.0	228380.0	228380.0	228380.0	228380.0	228380.0	228380.0	228380.0	228380.0	228380.0
126_TASK07_CON33_0.0_pos	pos	0.0	228311.0	228311.0	228311.0	228311.0	228311.0	228311.0	228311.0	228311.0	228311.0	228311.0	228311.0	228311.0	228311.0	228311.0	228311.0	228311.0	228311.0	228311.0	228311.0	228311.0	228311.0	228311.0	228311.0	228311.0	228311.0	228311.0	228311.0	228311.0	228311.0	228311.0	228311.0	228311.0	228311.0	228311.0	228311.0	228311.0	228311.0	228311.0	228311.0	228311.0	228311.0	228311.0	228311.0	228311.0	228311.0	228311.0	228311.0
126_TASK07_CON33_1.0_posneg	posneg	1.0	228276.0	228276.0	228276.0	228276.0	228276.0	228276.0	228276.0	228276.0	228276.0	228276.0	228276.0	228276.0	228276.0	228276.0	228276.0	228276.0	228276.0	228276.0	228276.0	228276.0	228276.0	228276.0	228276.0	228276.0	228276.0	228276.0	228276.0	228276.0	228276.0	228276.0	228276.0	228276.0	228276.0	228276.0	228276.0	228276.0	228276.0	228276.0	228276.0	228276.0	228276.0	228276.0	228276.0	228276.0	228276.0	228276.0	228276.0
126_TASK07_CON33_1.0_pos	pos	1.0	228258.0	228258.0	228258.0	228258.0	228258.0	228258.0	228258.0	228258.0	228258.0	228258.0	228258.0	228258.0	228258.0	228258.0	228258.0	228258.0	228258.0	228258.0	228258.0	228258.0	228258.0	228258.0	228258.0	228258.0	228258.0	228258.0	228258.0	228258.0	228258.0	228258.0	228258.0	228258.0	228258.0	228258.0	228258.0	228258.0	228258.0	228258.0	228258.0	228258.0	228258.0	228258.0	228258.0	228258.0	228258.0	228258.0	228258.0
126_TASK07_CON33_2.0_posneg	posneg	2.0	228241.0	228241.0	228241.0	228241.0	228241.0	228241.0	228241.0	228241.0	228241.0	228241.0	228241.0	228241.0	228241.0	228241.0	228241.0	228241.0	228241.0	228241.0	228241.0	228241.0	228241.0	228241.0	228241.0	228241.0	228241.0	228241.0	228241.0	228241.0	228241.0	228241.0	228241.0	228241.0	228241.0	228241.0	228241.0	228241.0	228241.0	228241.0	228241.0	228241.0	228241.0	228241.0	228241.0	228241.0	228241.0	228241.0	228241.0
126_TASK07_CON33_2.0_pos	pos	2.0	228241.0	228241.0	228241.0	228241.0	228241.0	228241.0	228241.0	228241.0	228241.0	228241.0	228241.0	228241.0	228241.0	228241.0	228241.0	228241.0	228241.0	228241.0	228241.0	228241.0	228241.0	228241.0	228241.0	228241.0	228241.0	228241.0	228241.0	228241.0	228241.0	228241.0	228241.0	228241.0	228241.0	228241.0	228241.0	228241.0	228241.0	228241.0	228241.0	228241.0	228241.0	228241.0	228241.0	228241.0	228241.0	228241.0	228241.0
126_TASK07_CON33_3.0_posneg	posneg	3.0	228241.0	228241.0	228241.0	228241.0	228241.0	228241.0	228241.0	228241.0	228241.0	228241.0	228241.0	228241.0	228241.0	228241.0	228241.0	228241.0	228241.0	228241.0	228241.0	228241.0	228241.0	228241.0	228241.0	228241.0	228241.0	228241.0	228241.0	228241.0	228241.0	228241.0	228241.0	228241.0	228241.0	228241.0	228241.0	228241.0	228241.0	228241.0	228241.0	228241.0	228241.0	228241.0	228241.0	228241.0	228241.0	228241.0	228241.0
126_TASK07_CON33_3.0_pos	pos	3.0	228241.0	228241.0	228241.0	228241.0	228241.0	228241.0	228241.0	228241.0	228241.0	228241.0	228241.0	228241.0	228241.0	228241.0	228241.0	228241.0	228241.0	228241.0	228241.0	228241.0	228241.0	228241.0	228241.0	228241.0	228241.0	228241.0	228241.0	228241.0	228241.0	228241.0	228241.0	228241.0	228241.0	228241.0	228241.0	228241.0	228241.0	228241.0	228241.0	228241.0	228241.0	228241.0	228241.0	228241.0	228241.0	228241.0	228241.0
126_TASK07_CON33_4.0_posneg	posneg	4.0	228241.0	228241.0	228241.0	228241.0	228241.0	228241.0	228241.0	228241.0	228241.0	228241.0	228241.0	228241.0	228241.0	228241.0	228241.0	228241.0	228241.0	228241.0	228241.0	228241.0	228241.0	228241.0	228241.0	228241.0	228241.0	228241.0	228241.0	228241.0	228241.0	228241.0	228241.0	228241.0	228241.0	228241.0	228241.0	228241.0	228241.0	228241.0	228241.0	228241.0	228241.0	228241.0	228241.0	228241.0	228241.0	228241.0	228241.0
126_TASK07_CON33_4.0_pos	pos	4.0	228241.0	228241.0	228241.0	228241.0	228241.0	228241.0	228241.0	228241.0	228241.0	228241.0	228241.0	228241.0	228241.0	228241.0	228241.0	228241.0	228241.0	228241.0	228241.0	228241.0	228241.0	228241.0	228241.0	228241.0	228241.0	228241.0	228241.0	228241.0	228241.0	228241.0	228241.0	228241.0	228241.0	228241.0	228241.0	228241.0	228241.0	228241.0	228241.0	228241.0	228241.0	228241.0	228241.0	228241.0	228241.0	228241.0	228241.0
126_TASK07_CON33_5.0_posneg	posneg	5.0	228241.0	228241.0	228241.0	228241.0	228241.0	228241.0	228241.0	228241.0	228241.0	228241.0	228241.0	228241.0	228241.0	228241.0	228241.0	228241.0	228241.0	228241.0	228241.0	228241.0	228241.0	228241.0	228241.0	228241.0	228241.0	228241.0	228241.0	228241.0	228241.0	228241.0	228241.0	228241.0	228241.0	228241.0	228241.0	228241.0	228241.0	228241.0	228241.0	228241.0	228241.0	228241.0	228241.0	228241.0	228241.0	228241.0	228241.0
126_TASK07_CON33_5.0_pos	pos	5.0	228241.0	228241.0	228241.0	228241.0	228241.0	228241.0	228241.0	228241.0	228241.0	228241.0	228241.0	228241.0	228241.0	228241.0	228241.0	228241.0	228241.0	228241.0	228241.0	228241.0	228241.0	228241.0	228241.0	228241.0	228241.0	228241.0	228241.0	228241.0	228241.0	228241.0	228241.0	228241.0	228241.0	228241.0	228241.0	228241.0	228241.0	228241.0	228241.0	228241.0	228241.0	228241.0	228241.0	228241.0	228241.0	228241.0	228241.0
126_TASK07_CON33_6.0_posneg	posneg	6.0	228241.0	228241.0	228241.0	228241.0	228241.0	228241.0	228241.0	228241.0	228241.0	228241.0	228241.0	228241.0	228241.0	228241.0	228241.0	228241.0	228241.0	228241.0	228241.0	228241.0	228241.0	228241.0	228241.0	228241.0	228241.0	228241.0	228241.0	228241.0	228241.0	228241.0	228241.0	228241.0	228241.0	228241.0	228241.0	228241.0	228241.0	228241.0	228241.0	228241.0	228241.0	228241.0	228241.0	228241.0	228241.0	228241.0	228241.0
126_TASK07_CON33_6.0_pos	pos	6.0	228241.0	228241.0	228241.0	228241.0	228241.0	228241.0	228241.0	228241.0	228241.0	228241.0	228241.0	228241.0	228241.0	228241.0	228241.0	228241.0	228241.0	228241.0	228241.0	228241.0	228241.0	228241.0	228241.0	228241.0	228241.0	228241.0	228241.0	228241.0	228241.0	228241.0	228241.0	228241.0	228241.0	228241.0	228241.0	228241.0	228241.0	228241.0	228241.0	228241.0	228241.0	228241.0	228241.0	228241.0	228241.0	228241.0	228241.0
126_TASK07_CON33_7.0_posneg	posneg	7.0	228241.0	228241.0	228241.0	228241.0	228241.0	228241.0	228241.0	228241.0	228241.0	228241.0	228241.0	228241.0	228241.0	228241.0	228241.0	228241.0	228241.0	228241.0	228241.0	228241.0	228241.0	228241.0	228241.0	228241.0	228241.0	228241.0	228241.0	228241.0	228241.0	228241.0	228241.0	228241.0	228241.0	228241.0	228241.0	228241.0	228241.0	228241.0	228241.0	228241.0	228241.0	228241.0	228241.0	228241.0	228241.0	228241.0	228241.0
126_TASK07_CON33_7.0_pos	pos	7.0	228241.0	228241.0	228241.0	228241.0	228241.0	228241.0	228241.0	228241.0	228241.0	228241.0	228241.0	228241.0	228241.0	228241.0	228241.0	228241.0	228241.0	228241.0	228241.0	228241.0	228241.0	228241.0	228241.0	228241.0	228241.0	228241.0	228241.0	228241.0	228241.0	228241.0	228241.0	228241.0	228241.0	228241.0	228241.0	228241.0	228241.0	228241.0	228241.0	228241.0	228241.0	228241.0	228241.0	228241.0	228241.0	228241.0	228241.0
126_TASK07_CON33_8.0_posneg	posneg	8.0	228241.0	228241.0	228241.0	228241.0	228241.0	228241.0	228241.0	228241.0	228241.0	228241.0	228241.0	228241.0	228241.0	228241.0	228241.0	228241.0	228241.0	228241.0	228241.0	228241.0	228241.0	228241.0	228241.0	228241.0	228241.0	228241.0	228241.0	228241.0	228241.0	228241.0	228241.0	228241.0	228241.0	228241.0	228241.0	228241.0	228241.0	228241.0	228241.0	228241.0	228241.0	228241.0	228241.0	228241.0	228241.0	228241.0	228241.0
126_TASK07_CON33_8.0_pos	pos	8.0	228241.0	228241.0	228241.0	228241.0	228241.0	228241.0	228241.0	228241.0	228241.0	228241.0	228241.0	228241.0	228241.0	228241.0	228241.0	228241.0	228241.0	228241.0	228241.0	228241.0	228241.0	228241.0	228241.0	228241.0	228241.0	228241.0	228241.0	228241.0	228241.0	228241.0	228241.0	228241.0	228241.0	228241.0	228241.0	228241.0	228241.0	228241.0	228241.0	228241.0	228241.0	228241.0	228241.0	228241.0	228241.0	228241.0	228241.0
126_TASK07_CON33_9.0_posneg	posneg	9.0	228241.0	228241.0	228241.0	228241.0	228241.0	228241.0	228241.0	228241.0	228241.0	228241.0	228241.0	228241.0	228241.0	228241.0	228241.0	228241.0	228241.0	228241.0	228241.0	228241.0	228241.0	228241.0	228241.0	228241.0	228241.0	228241.0	228241.0	228241.0	228241.0	228241.0	228241.0	228241.0	228241.0	228241.0	228241.0	228241.0	228241.0	228241.0	228241.0	228241.0	228241.0	228241.0	228241.0	228241.0	228241.0	228241.0	228241.0
126_TASK07_CON33_9.0_pos	pos	9.0	228241.0	228241.0	228241.0	228241.0	228241.0	228241.0	228241.0	228241.0	228241.0	228241.0	228241.0	228241.0	228241.0	228241.0	228241.0	228241.0	228241.0	228241.0	228241.0	228241.0	228241.0	228241.0	228241.0	228241.0	228241.0	228241.0	228241.0	228241.0	228241.0	228241.0	228241.0	228241.0	228241.0	228241.0	228241.0	228241.0	228241.0	228241.0	228241.0	228241.0	228241.0	228241.0	228241.0	228241.0	228241.0	228241.0	228241.0
126_TASK07_CON33_10.0_posneg	posneg	10.0	0.0	0.0	0.0	0.0	0.0	0.0	0.0	0.0	0.0	0.0	0.0	0.0	0.0	0.0	0.0	0.0	0.0	0.0	0.0	0.0	0.0	0.0	0.0	0.0	0.0	0.0	0.0	0.0	0.0	0.0	0.0	0.0	0.0	0.0	0.0	0.0	0.0	0.0	0.0	0.0	0.0	0.0	0.0	0.0	0.0	0.0	0.0
126_TASK07_CON33_10.0_pos	pos	10.0	0.0	0.0	0.0	0.0	0.0	0.0	0.0	0.0	0.0	0.0	0.0	0.0	0.0	0.0	0.0	0.0	0.0	0.0	0.0	0.0	0.0	0.0	0.0	0.0	0.0	0.0	0.0	0.0	0.0	0.0	0.0	0.0	0.0	0.0	0.0	0.0	0.0	0.0	0.0	0.0	0.0	0.0	0.0	0.0	0.0	0.0	0.0
126_TASK07_CON33_11.0_posneg	posneg	11.0	0.0	0.0	0.0	0.0	0.0	0.0	0.0	0.0	0.0	0.0	0.0	0.0	0.0	0.0	0.0	0.0	0.0	0.0	0.0	0.0	0.0	0.0	0.0	0.0	0.0	0.0	0.0	0.0	0.0	0.0	0.0	0.0	0.0	0.0	0.0	0.0	0.0	0.0	0.0	0.0	0.0	0.0	0.0	0.0	0.0	0.0	0.0
126_TASK07_CON33_11.0_pos	pos	11.0	0.0	0.0	0.0	0.0	0.0	0.0	0.0	0.0	0.0	0.0	0.0	0.0	0.0	0.0	0.0	0.0	0.0	0.0	0.0	0.0	0.0	0.0	0.0	0.0	0.0	0.0	0.0	0.0	0.0	0.0	0.0	0.0	0.0	0.0	0.0	0.0	0.0	0.0	0.0	0.0	0.0	0.0	0.0	0.0	0.0	0.0	0.0
126_TASK07_CON33_12.0_posneg	posneg	12.0	0.0	0.0	0.0	0.0	0.0	0.0	0.0	0.0	0.0	0.0	0.0	0.0	0.0	0.0	0.0	0.0	0.0	0.0	0.0	0.0	0.0	0.0	0.0	0.0	0.0	0.0	0.0	0.0	0.0	0.0	0.0	0.0	0.0	0.0	0.0	0.0	0.0	0.0	0.0	0.0	0.0	0.0	0.0	0.0	0.0	0.0	0.0
126_TASK07_CON33_12.0_pos	pos	12.0	0.0	0.0	0.0	0.0	0.0	0.0	0.0	0.0	0.0	0.0	0.0	0.0	0.0	0.0	0.0	0.0	0.0	0.0	0.0	0.0	0.0	0.0	0.0	0.0	0.0	0.0	0.0	0.0	0.0	0.0	0.0	0.0	0.0	0.0	0.0	0.0	0.0	0.0	0.0	0.0	0.0	0.0	0.0	0.0	0.0	0.0	0.0
126_TASK07_CON33_13.0_posneg	posneg	13.0	0.0	0.0	0.0	0.0	0.0	0.0	0.0	0.0	0.0	0.0	0.0	0.0	0.0	0.0	0.0	0.0	0.0	0.0	0.0	0.0	0.0	0.0	0.0	0.0	0.0	0.0	0.0	0.0	0.0	0.0	0.0	0.0	0.0	0.0	0.0	0.0	0.0	0.0	0.0	0.0	0.0	0.0	0.0	0.0	0.0	0.0	0.0
126_TASK07_CON33_13.0_pos	pos	13.0	0.0	0.0	0.0	0.0	0.0	0.0	0.0	0.0	0.0	0.0	0.0	0.0	0.0	0.0	0.0	0.0	0.0	0.0	0.0	0.0	0.0	0.0	0.0	0.0	0.0	0.0	0.0	0.0	0.0	0.0	0.0	0.0	0.0	0.0	0.0	0.0	0.0	0.0	0.0	0.0	0.0	0.0	0.0	0.0	0.0	0.0	0.0
126_TASK07_CON34_0.0_posneg	posneg	0.0	228380.0	228380.0	228380.0	228380.0	228380.0	228380.0	228380.0	228380.0	228380.0	228380.0	228380.0	228380.0	228380.0	228380.0	228380.0	228380.0	228380.0	228380.0	228380.0	228380.0	228380.0	228380.0	228380.0	228380.0	228380.0	228380.0	228380.0	228380.0	228380.0	228380.0	228380.0	228380.0	228380.0	228380.0	228380.0	228380.0	228380.0	228380.0	228380.0	228380.0	228380.0	228380.0	228380.0	228380.0	228380.0	228380.0	228380.0
126_TASK07_CON34_0.0_pos	pos	0.0	228336.0	228336.0	228336.0	228336.0	228336.0	228336.0	228336.0	228336.0	228336.0	228336.0	228336.0	228336.0	228336.0	228336.0	228336.0	228336.0	228336.0	228336.0	228336.0	228336.0	228336.0	228336.0	228336.0	228336.0	228336.0	228336.0	228336.0	228336.0	228336.0	228336.0	228336.0	228336.0	228336.0	228336.0	228336.0	228336.0	228336.0	228336.0	228336.0	228336.0	228336.0	228336.0	228336.0	228336.0	228336.0	228336.0	228336.0
126_TASK07_CON34_1.0_posneg	posneg	1.0	228274.0	228274.0	228274.0	228274.0	228274.0	228274.0	228274.0	228274.0	228274.0	228274.0	228274.0	228274.0	228274.0	228274.0	228274.0	228274.0	228274.0	228274.0	228274.0	228274.0	228274.0	228274.0	228274.0	228274.0	228274.0	228274.0	228274.0	228274.0	228274.0	228274.0	228274.0	228274.0	228274.0	228274.0	228274.0	228274.0	228274.0	228274.0	228274.0	228274.0	228274.0	228274.0	228274.0	228274.0	228274.0	228274.0	228274.0
126_TASK07_CON34_1.0_pos	pos	1.0	228262.0	228262.0	228262.0	228262.0	228262.0	228262.0	228262.0	228262.0	228262.0	228262.0	228262.0	228262.0	228262.0	228262.0	228262.0	228262.0	228262.0	228262.0	228262.0	228262.0	228262.0	228262.0	228262.0	228262.0	228262.0	228262.0	228262.0	228262.0	228262.0	228262.0	228262.0	228262.0	228262.0	228262.0	228262.0	228262.0	228262.0	228262.0	228262.0	228262.0	228262.0	228262.0	228262.0	228262.0	228262.0	228262.0	228262.0
126_TASK07_CON34_2.0_posneg	posneg	2.0	228241.0	228241.0	228241.0	228241.0	228241.0	228241.0	228241.0	228241.0	228241.0	228241.0	228241.0	228241.0	228241.0	228241.0	228241.0	228241.0	228241.0	228241.0	228241.0	228241.0	228241.0	228241.0	228241.0	228241.0	228241.0	228241.0	228241.0	228241.0	228241.0	228241.0	228241.0	228241.0	228241.0	228241.0	228241.0	228241.0	228241.0	228241.0	228241.0	228241.0	228241.0	228241.0	228241.0	228241.0	228241.0	228241.0	228241.0
126_TASK07_CON34_2.0_pos	pos	2.0	228241.0	228241.0	228241.0	228241.0	228241.0	228241.0	228241.0	228241.0	228241.0	228241.0	228241.0	228241.0	228241.0	228241.0	228241.0	228241.0	228241.0	228241.0	228241.0	228241.0	228241.0	228241.0	228241.0	228241.0	228241.0	228241.0	228241.0	228241.0	228241.0	228241.0	228241.0	228241.0	228241.0	228241.0	228241.0	228241.0	228241.0	228241.0	228241.0	228241.0	228241.0	228241.0	228241.0	228241.0	228241.0	228241.0	228241.0
126_TASK07_CON34_3.0_posneg	posneg	3.0	228241.0	228241.0	228241.0	228241.0	228241.0	228241.0	228241.0	228241.0	228241.0	228241.0	228241.0	228241.0	228241.0	228241.0	228241.0	228241.0	228241.0	228241.0	228241.0	228241.0	228241.0	228241.0	228241.0	228241.0	228241.0	228241.0	228241.0	228241.0	228241.0	228241.0	228241.0	228241.0	228241.0	228241.0	228241.0	228241.0	228241.0	228241.0	228241.0	228241.0	228241.0	228241.0	228241.0	228241.0	228241.0	228241.0	228241.0
126_TASK07_CON34_3.0_pos	pos	3.0	228241.0	228241.0	228241.0	228241.0	228241.0	228241.0	228241.0	228241.0	228241.0	228241.0	228241.0	228241.0	228241.0	228241.0	228241.0	228241.0	228241.0	228241.0	228241.0	228241.0	228241.0	228241.0	228241.0	228241.0	228241.0	228241.0	228241.0	228241.0	228241.0	228241.0	228241.0	228241.0	228241.0	228241.0	228241.0	228241.0	228241.0	228241.0	228241.0	228241.0	228241.0	228241.0	228241.0	228241.0	228241.0	228241.0	228241.0
126_TASK07_CON34_4.0_posneg	posneg	4.0	228241.0	228241.0	228241.0	228241.0	228241.0	228241.0	228241.0	228241.0	228241.0	228241.0	228241.0	228241.0	228241.0	228241.0	228241.0	228241.0	228241.0	228241.0	228241.0	228241.0	228241.0	228241.0	228241.0	228241.0	228241.0	228241.0	228241.0	228241.0	228241.0	228241.0	228241.0	228241.0	228241.0	228241.0	228241.0	228241.0	228241.0	228241.0	228241.0	228241.0	228241.0	228241.0	228241.0	228241.0	228241.0	228241.0	228241.0
126_TASK07_CON34_4.0_pos	pos	4.0	228241.0	228241.0	228241.0	228241.0	228241.0	228241.0	228241.0	228241.0	228241.0	228241.0	228241.0	228241.0	228241.0	228241.0	228241.0	228241.0	228241.0	228241.0	228241.0	228241.0	228241.0	228241.0	228241.0	228241.0	228241.0	228241.0	228241.0	228241.0	228241.0	228241.0	228241.0	228241.0	228241.0	228241.0	228241.0	228241.0	228241.0	228241.0	228241.0	228241.0	228241.0	228241.0	228241.0	228241.0	228241.0	228241.0	228241.0
126_TASK07_CON34_5.0_posneg	posneg	5.0	228241.0	228241.0	228241.0	228241.0	228241.0	228241.0	228241.0	228241.0	228241.0	228241.0	228241.0	228241.0	228241.0	228241.0	228241.0	228241.0	228241.0	228241.0	228241.0	228241.0	228241.0	228241.0	228241.0	228241.0	228241.0	228241.0	228241.0	228241.0	228241.0	228241.0	228241.0	228241.0	228241.0	228241.0	228241.0	228241.0	228241.0	228241.0	228241.0	228241.0	228241.0	228241.0	228241.0	228241.0	228241.0	228241.0	228241.0
126_TASK07_CON34_5.0_pos	pos	5.0	228241.0	228241.0	228241.0	228241.0	228241.0	228241.0	228241.0	228241.0	228241.0	228241.0	228241.0	228241.0	228241.0	228241.0	228241.0	228241.0	228241.0	228241.0	228241.0	228241.0	228241.0	228241.0	228241.0	228241.0	228241.0	228241.0	228241.0	228241.0	228241.0	228241.0	228241.0	228241.0	228241.0	228241.0	228241.0	228241.0	228241.0	228241.0	228241.0	228241.0	228241.0	228241.0	228241.0	228241.0	228241.0	228241.0	228241.0
126_TASK07_CON34_6.0_posneg	posneg	6.0	228241.0	228241.0	228241.0	228241.0	228241.0	228241.0	228241.0	228241.0	228241.0	228241.0	228241.0	228241.0	228241.0	228241.0	228241.0	228241.0	228241.0	228241.0	228241.0	228241.0	228241.0	228241.0	228241.0	228241.0	228241.0	228241.0	228241.0	228241.0	228241.0	228241.0	228241.0	228241.0	228241.0	228241.0	228241.0	228241.0	228241.0	228241.0	228241.0	228241.0	228241.0	228241.0	228241.0	228241.0	228241.0	228241.0	228241.0
126_TASK07_CON34_6.0_pos	pos	6.0	228241.0	228241.0	228241.0	228241.0	228241.0	228241.0	228241.0	228241.0	228241.0	228241.0	228241.0	228241.0	228241.0	228241.0	228241.0	228241.0	228241.0	228241.0	228241.0	228241.0	228241.0	228241.0	228241.0	228241.0	228241.0	228241.0	228241.0	228241.0	228241.0	228241.0	228241.0	228241.0	228241.0	228241.0	228241.0	228241.0	228241.0	228241.0	228241.0	228241.0	228241.0	228241.0	228241.0	228241.0	228241.0	228241.0	228241.0
126_TASK07_CON34_7.0_posneg	posneg	7.0	228241.0	228241.0	228241.0	228241.0	228241.0	228241.0	228241.0	228241.0	228241.0	228241.0	228241.0	228241.0	228241.0	228241.0	228241.0	228241.0	228241.0	228241.0	228241.0	228241.0	228241.0	228241.0	228241.0	228241.0	228241.0	228241.0	228241.0	228241.0	228241.0	228241.0	228241.0	228241.0	228241.0	228241.0	228241.0	228241.0	228241.0	228241.0	228241.0	228241.0	228241.0	228241.0	228241.0	228241.0	228241.0	228241.0	228241.0
126_TASK07_CON34_7.0_pos	pos	7.0	228241.0	228241.0	228241.0	228241.0	228241.0	228241.0	228241.0	228241.0	228241.0	228241.0	228241.0	228241.0	228241.0	228241.0	228241.0	228241.0	228241.0	228241.0	228241.0	228241.0	228241.0	228241.0	228241.0	228241.0	228241.0	228241.0	228241.0	228241.0	228241.0	228241.0	228241.0	228241.0	228241.0	228241.0	228241.0	228241.0	228241.0	228241.0	228241.0	228241.0	228241.0	228241.0	228241.0	228241.0	228241.0	228241.0	228241.0
126_TASK07_CON34_8.0_posneg	posneg	8.0	228241.0	228241.0	228241.0	228241.0	228241.0	228241.0	228241.0	228241.0	228241.0	228241.0	228241.0	228241.0	228241.0	228241.0	228241.0	228241.0	228241.0	228241.0	228241.0	228241.0	228241.0	228241.0	228241.0	228241.0	228241.0	228241.0	228241.0	228241.0	228241.0	228241.0	228241.0	228241.0	228241.0	228241.0	228241.0	228241.0	228241.0	228241.0	228241.0	228241.0	228241.0	228241.0	228241.0	228241.0	228241.0	228241.0	228241.0
126_TASK07_CON34_8.0_pos	pos	8.0	228241.0	228241.0	228241.0	228241.0	228241.0	228241.0	228241.0	228241.0	228241.0	228241.0	228241.0	228241.0	228241.0	228241.0	228241.0	228241.0	228241.0	228241.0	228241.0	228241.0	228241.0	228241.0	228241.0	228241.0	228241.0	228241.0	228241.0	228241.0	228241.0	228241.0	228241.0	228241.0	228241.0	228241.0	228241.0	228241.0	228241.0	228241.0	228241.0	228241.0	228241.0	228241.0	228241.0	228241.0	228241.0	228241.0	228241.0
126_TASK07_CON34_9.0_posneg	posneg	9.0	228241.0	228241.0	228241.0	228241.0	228241.0	228241.0	228241.0	228241.0	228241.0	228241.0	228241.0	228241.0	228241.0	228241.0	228241.0	228241.0	228241.0	228241.0	228241.0	228241.0	228241.0	228241.0	228241.0	228241.0	228241.0	228241.0	228241.0	228241.0	228241.0	228241.0	228241.0	228241.0	228241.0	228241.0	228241.0	228241.0	228241.0	228241.0	228241.0	228241.0	228241.0	228241.0	228241.0	228241.0	228241.0	228241.0	228241.0
126_TASK07_CON34_9.0_pos	pos	9.0	228241.0	228241.0	228241.0	228241.0	228241.0	228241.0	228241.0	228241.0	228241.0	228241.0	228241.0	228241.0	228241.0	228241.0	228241.0	228241.0	228241.0	228241.0	228241.0	228241.0	228241.0	228241.0	228241.0	228241.0	228241.0	228241.0	228241.0	228241.0	228241.0	228241.0	228241.0	228241.0	228241.0	228241.0	228241.0	228241.0	228241.0	228241.0	228241.0	228241.0	228241.0	228241.0	228241.0	228241.0	228241.0	228241.0	228241.0
126_TASK07_CON34_10.0_posneg	posneg	10.0	0.0	0.0	0.0	0.0	0.0	0.0	0.0	0.0	0.0	0.0	0.0	0.0	0.0	0.0	0.0	0.0	0.0	0.0	0.0	0.0	0.0	0.0	0.0	0.0	0.0	0.0	0.0	0.0	0.0	0.0	0.0	0.0	0.0	0.0	0.0	0.0	0.0	0.0	0.0	0.0	0.0	0.0	0.0	0.0	0.0	0.0	0.0
126_TASK07_CON34_10.0_pos	pos	10.0	0.0	0.0	0.0	0.0	0.0	0.0	0.0	0.0	0.0	0.0	0.0	0.0	0.0	0.0	0.0	0.0	0.0	0.0	0.0	0.0	0.0	0.0	0.0	0.0	0.0	0.0	0.0	0.0	0.0	0.0	0.0	0.0	0.0	0.0	0.0	0.0	0.0	0.0	0.0	0.0	0.0	0.0	0.0	0.0	0.0	0.0	0.0
126_TASK07_CON34_11.0_posneg	posneg	11.0	0.0	0.0	0.0	0.0	0.0	0.0	0.0	0.0	0.0	0.0	0.0	0.0	0.0	0.0	0.0	0.0	0.0	0.0	0.0	0.0	0.0	0.0	0.0	0.0	0.0	0.0	0.0	0.0	0.0	0.0	0.0	0.0	0.0	0.0	0.0	0.0	0.0	0.0	0.0	0.0	0.0	0.0	0.0	0.0	0.0	0.0	0.0
126_TASK07_CON34_11.0_pos	pos	11.0	0.0	0.0	0.0	0.0	0.0	0.0	0.0	0.0	0.0	0.0	0.0	0.0	0.0	0.0	0.0	0.0	0.0	0.0	0.0	0.0	0.0	0.0	0.0	0.0	0.0	0.0	0.0	0.0	0.0	0.0	0.0	0.0	0.0	0.0	0.0	0.0	0.0	0.0	0.0	0.0	0.0	0.0	0.0	0.0	0.0	0.0	0.0
126_TASK07_CON34_12.0_posneg	posneg	12.0	0.0	0.0	0.0	0.0	0.0	0.0	0.0	0.0	0.0	0.0	0.0	0.0	0.0	0.0	0.0	0.0	0.0	0.0	0.0	0.0	0.0	0.0	0.0	0.0	0.0	0.0	0.0	0.0	0.0	0.0	0.0	0.0	0.0	0.0	0.0	0.0	0.0	0.0	0.0	0.0	0.0	0.0	0.0	0.0	0.0	0.0	0.0
126_TASK07_CON34_12.0_pos	pos	12.0	0.0	0.0	0.0	0.0	0.0	0.0	0.0	0.0	0.0	0.0	0.0	0.0	0.0	0.0	0.0	0.0	0.0	0.0	0.0	0.0	0.0	0.0	0.0	0.0	0.0	0.0	0.0	0.0	0.0	0.0	0.0	0.0	0.0	0.0	0.0	0.0	0.0	0.0	0.0	0.0	0.0	0.0	0.0	0.0	0.0	0.0	0.0
126_TASK07_CON34_13.0_posneg	posneg	13.0	0.0	0.0	0.0	0.0	0.0	0.0	0.0	0.0	0.0	0.0	0.0	0.0	0.0	0.0	0.0	0.0	0.0	0.0	0.0	0.0	0.0	0.0	0.0	0.0	0.0	0.0	0.0	0.0	0.0	0.0	0.0	0.0	0.0	0.0	0.0	0.0	0.0	0.0	0.0	0.0	0.0	0.0	0.0	0.0	0.0	0.0	0.0
126_TASK07_CON34_13.0_pos	pos	13.0	0.0	0.0	0.0	0.0	0.0	0.0	0.0	0.0	0.0	0.0	0.0	0.0	0.0	0.0	0.0	0.0	0.0	0.0	0.0	0.0	0.0	0.0	0.0	0.0	0.0	0.0	0.0	0.0	0.0	0.0	0.0	0.0	0.0	0.0	0.0	0.0	0.0	0.0	0.0	0.0	0.0	0.0	0.0	0.0	0.0	0.0	0.0
126_TASK07_CON35_0.0_posneg	posneg	0.0	228380.0	228380.0	228380.0	228380.0	228380.0	228380.0	228380.0	228380.0	228380.0	228380.0	228380.0	228380.0	228380.0	228380.0	228380.0	228380.0	228380.0	228380.0	228380.0	228380.0	228380.0	228380.0	228380.0	228380.0	228380.0	228380.0	228380.0	228380.0	228380.0	228380.0	228380.0	228380.0	228380.0	228380.0	228380.0	228380.0	228380.0	228380.0	228380.0	228380.0	228380.0	228380.0	228380.0	228380.0	228380.0	228380.0	228380.0
126_TASK07_CON35_0.0_pos	pos	0.0	228295.0	228295.0	228295.0	228295.0	228295.0	228295.0	228295.0	228295.0	228295.0	228295.0	228295.0	228295.0	228295.0	228295.0	228295.0	228295.0	228295.0	228295.0	228295.0	228295.0	228295.0	228295.0	228295.0	228295.0	228295.0	228295.0	228295.0	228295.0	228295.0	228295.0	228295.0	228295.0	228295.0	228295.0	228295.0	228295.0	228295.0	228295.0	228295.0	228295.0	228295.0	228295.0	228295.0	228295.0	228295.0	228295.0	228295.0
126_TASK07_CON35_1.0_posneg	posneg	1.0	228273.0	228273.0	228273.0	228273.0	228273.0	228273.0	228273.0	228273.0	228273.0	228273.0	228273.0	228273.0	228273.0	228273.0	228273.0	228273.0	228273.0	228273.0	228273.0	228273.0	228273.0	228273.0	228273.0	228273.0	228273.0	228273.0	228273.0	228273.0	228273.0	228273.0	228273.0	228273.0	228273.0	228273.0	228273.0	228273.0	228273.0	228273.0	228273.0	228273.0	228273.0	228273.0	228273.0	228273.0	228273.0	228273.0	228273.0
126_TASK07_CON35_1.0_pos	pos	1.0	228248.0	228248.0	228248.0	228248.0	228248.0	228248.0	228248.0	228248.0	228248.0	228248.0	228248.0	228248.0	228248.0	228248.0	228248.0	228248.0	228248.0	228248.0	228248.0	228248.0	228248.0	228248.0	228248.0	228248.0	228248.0	228248.0	228248.0	228248.0	228248.0	228248.0	228248.0	228248.0	228248.0	228248.0	228248.0	228248.0	228248.0	228248.0	228248.0	228248.0	228248.0	228248.0	228248.0	228248.0	228248.0	228248.0	228248.0
126_TASK07_CON35_2.0_posneg	posneg	2.0	228241.0	228241.0	228241.0	228241.0	228241.0	228241.0	228241.0	228241.0	228241.0	228241.0	228241.0	228241.0	228241.0	228241.0	228241.0	228241.0	228241.0	228241.0	228241.0	228241.0	228241.0	228241.0	228241.0	228241.0	228241.0	228241.0	228241.0	228241.0	228241.0	228241.0	228241.0	228241.0	228241.0	228241.0	228241.0	228241.0	228241.0	228241.0	228241.0	228241.0	228241.0	228241.0	228241.0	228241.0	228241.0	228241.0	228241.0
126_TASK07_CON35_2.0_pos	pos	2.0	228241.0	228241.0	228241.0	228241.0	228241.0	228241.0	228241.0	228241.0	228241.0	228241.0	228241.0	228241.0	228241.0	228241.0	228241.0	228241.0	228241.0	228241.0	228241.0	228241.0	228241.0	228241.0	228241.0	228241.0	228241.0	228241.0	228241.0	228241.0	228241.0	228241.0	228241.0	228241.0	228241.0	228241.0	228241.0	228241.0	228241.0	228241.0	228241.0	228241.0	228241.0	228241.0	228241.0	228241.0	228241.0	228241.0	228241.0
126_TASK07_CON35_3.0_posneg	posneg	3.0	228241.0	228241.0	228241.0	228241.0	228241.0	228241.0	228241.0	228241.0	228241.0	228241.0	228241.0	228241.0	228241.0	228241.0	228241.0	228241.0	228241.0	228241.0	228241.0	228241.0	228241.0	228241.0	228241.0	228241.0	228241.0	228241.0	228241.0	228241.0	228241.0	228241.0	228241.0	228241.0	228241.0	228241.0	228241.0	228241.0	228241.0	228241.0	228241.0	228241.0	228241.0	228241.0	228241.0	228241.0	228241.0	228241.0	228241.0
126_TASK07_CON35_3.0_pos	pos	3.0	228241.0	228241.0	228241.0	228241.0	228241.0	228241.0	228241.0	228241.0	228241.0	228241.0	228241.0	228241.0	228241.0	228241.0	228241.0	228241.0	228241.0	228241.0	228241.0	228241.0	228241.0	228241.0	228241.0	228241.0	228241.0	228241.0	228241.0	228241.0	228241.0	228241.0	228241.0	228241.0	228241.0	228241.0	228241.0	228241.0	228241.0	228241.0	228241.0	228241.0	228241.0	228241.0	228241.0	228241.0	228241.0	228241.0	228241.0
126_TASK07_CON35_4.0_posneg	posneg	4.0	228241.0	228241.0	228241.0	228241.0	228241.0	228241.0	228241.0	228241.0	228241.0	228241.0	228241.0	228241.0	228241.0	228241.0	228241.0	228241.0	228241.0	228241.0	228241.0	228241.0	228241.0	228241.0	228241.0	228241.0	228241.0	228241.0	228241.0	228241.0	228241.0	228241.0	228241.0	228241.0	228241.0	228241.0	228241.0	228241.0	228241.0	228241.0	228241.0	228241.0	228241.0	228241.0	228241.0	228241.0	228241.0	228241.0	228241.0
126_TASK07_CON35_4.0_pos	pos	4.0	228241.0	228241.0	228241.0	228241.0	228241.0	228241.0	228241.0	228241.0	228241.0	228241.0	228241.0	228241.0	228241.0	228241.0	228241.0	228241.0	228241.0	228241.0	228241.0	228241.0	228241.0	228241.0	228241.0	228241.0	228241.0	228241.0	228241.0	228241.0	228241.0	228241.0	228241.0	228241.0	228241.0	228241.0	228241.0	228241.0	228241.0	228241.0	228241.0	228241.0	228241.0	228241.0	228241.0	228241.0	228241.0	228241.0	228241.0
126_TASK07_CON35_5.0_posneg	posneg	5.0	228241.0	228241.0	228241.0	228241.0	228241.0	228241.0	228241.0	228241.0	228241.0	228241.0	228241.0	228241.0	228241.0	228241.0	228241.0	228241.0	228241.0	228241.0	228241.0	228241.0	228241.0	228241.0	228241.0	228241.0	228241.0	228241.0	228241.0	228241.0	228241.0	228241.0	228241.0	228241.0	228241.0	228241.0	228241.0	228241.0	228241.0	228241.0	228241.0	228241.0	228241.0	228241.0	228241.0	228241.0	228241.0	228241.0	228241.0
126_TASK07_CON35_5.0_pos	pos	5.0	228241.0	228241.0	228241.0	228241.0	228241.0	228241.0	228241.0	228241.0	228241.0	228241.0	228241.0	228241.0	228241.0	228241.0	228241.0	228241.0	228241.0	228241.0	228241.0	228241.0	228241.0	228241.0	228241.0	228241.0	228241.0	228241.0	228241.0	228241.0	228241.0	228241.0	228241.0	228241.0	228241.0	228241.0	228241.0	228241.0	228241.0	228241.0	228241.0	228241.0	228241.0	228241.0	228241.0	228241.0	228241.0	228241.0	228241.0
126_TASK07_CON35_6.0_posneg	posneg	6.0	228241.0	228241.0	228241.0	228241.0	228241.0	228241.0	228241.0	228241.0	228241.0	228241.0	228241.0	228241.0	228241.0	228241.0	228241.0	228241.0	228241.0	228241.0	228241.0	228241.0	228241.0	228241.0	228241.0	228241.0	228241.0	228241.0	228241.0	228241.0	228241.0	228241.0	228241.0	228241.0	228241.0	228241.0	228241.0	228241.0	228241.0	228241.0	228241.0	228241.0	228241.0	228241.0	228241.0	228241.0	228241.0	228241.0	228241.0
126_TASK07_CON35_6.0_pos	pos	6.0	228241.0	228241.0	228241.0	228241.0	228241.0	228241.0	228241.0	228241.0	228241.0	228241.0	228241.0	228241.0	228241.0	228241.0	228241.0	228241.0	228241.0	228241.0	228241.0	228241.0	228241.0	228241.0	228241.0	228241.0	228241.0	228241.0	228241.0	228241.0	228241.0	228241.0	228241.0	228241.0	228241.0	228241.0	228241.0	228241.0	228241.0	228241.0	228241.0	228241.0	228241.0	228241.0	228241.0	228241.0	228241.0	228241.0	228241.0
126_TASK07_CON35_7.0_posneg	posneg	7.0	228241.0	228241.0	228241.0	228241.0	228241.0	228241.0	228241.0	228241.0	228241.0	228241.0	228241.0	228241.0	228241.0	228241.0	228241.0	228241.0	228241.0	228241.0	228241.0	228241.0	228241.0	228241.0	228241.0	228241.0	228241.0	228241.0	228241.0	228241.0	228241.0	228241.0	228241.0	228241.0	228241.0	228241.0	228241.0	228241.0	228241.0	228241.0	228241.0	228241.0	228241.0	228241.0	228241.0	228241.0	228241.0	228241.0	228241.0
126_TASK07_CON35_7.0_pos	pos	7.0	228241.0	228241.0	228241.0	228241.0	228241.0	228241.0	228241.0	228241.0	228241.0	228241.0	228241.0	228241.0	228241.0	228241.0	228241.0	228241.0	228241.0	228241.0	228241.0	228241.0	228241.0	228241.0	228241.0	228241.0	228241.0	228241.0	228241.0	228241.0	228241.0	228241.0	228241.0	228241.0	228241.0	228241.0	228241.0	228241.0	228241.0	228241.0	228241.0	228241.0	228241.0	228241.0	228241.0	228241.0	228241.0	228241.0	228241.0
126_TASK07_CON35_8.0_posneg	posneg	8.0	228241.0	228241.0	228241.0	228241.0	228241.0	228241.0	228241.0	228241.0	228241.0	228241.0	228241.0	228241.0	228241.0	228241.0	228241.0	228241.0	228241.0	228241.0	228241.0	228241.0	228241.0	228241.0	228241.0	228241.0	228241.0	228241.0	228241.0	228241.0	228241.0	228241.0	228241.0	228241.0	228241.0	228241.0	228241.0	228241.0	228241.0	228241.0	228241.0	228241.0	228241.0	228241.0	228241.0	228241.0	228241.0	228241.0	228241.0
126_TASK07_CON35_8.0_pos	pos	8.0	228241.0	228241.0	228241.0	228241.0	228241.0	228241.0	228241.0	228241.0	228241.0	228241.0	228241.0	228241.0	228241.0	228241.0	228241.0	228241.0	228241.0	228241.0	228241.0	228241.0	228241.0	228241.0	228241.0	228241.0	228241.0	228241.0	228241.0	228241.0	228241.0	228241.0	228241.0	228241.0	228241.0	228241.0	228241.0	228241.0	228241.0	228241.0	228241.0	228241.0	228241.0	228241.0	228241.0	228241.0	228241.0	228241.0	228241.0
126_TASK07_CON35_9.0_posneg	posneg	9.0	0.0	0.0	0.0	0.0	0.0	0.0	0.0	0.0	0.0	0.0	0.0	0.0	0.0	0.0	0.0	0.0	0.0	0.0	0.0	0.0	0.0	0.0	0.0	0.0	0.0	0.0	0.0	0.0	0.0	0.0	0.0	0.0	0.0	0.0	0.0	0.0	0.0	0.0	0.0	0.0	0.0	0.0	0.0	0.0	0.0	0.0	0.0
126_TASK07_CON35_9.0_pos	pos	9.0	0.0	0.0	0.0	0.0	0.0	0.0	0.0	0.0	0.0	0.0	0.0	0.0	0.0	0.0	0.0	0.0	0.0	0.0	0.0	0.0	0.0	0.0	0.0	0.0	0.0	0.0	0.0	0.0	0.0	0.0	0.0	0.0	0.0	0.0	0.0	0.0	0.0	0.0	0.0	0.0	0.0	0.0	0.0	0.0	0.0	0.0	0.0
126_TASK07_CON35_10.0_posneg	posneg	10.0	0.0	0.0	0.0	0.0	0.0	0.0	0.0	0.0	0.0	0.0	0.0	0.0	0.0	0.0	0.0	0.0	0.0	0.0	0.0	0.0	0.0	0.0	0.0	0.0	0.0	0.0	0.0	0.0	0.0	0.0	0.0	0.0	0.0	0.0	0.0	0.0	0.0	0.0	0.0	0.0	0.0	0.0	0.0	0.0	0.0	0.0	0.0
126_TASK07_CON35_10.0_pos	pos	10.0	0.0	0.0	0.0	0.0	0.0	0.0	0.0	0.0	0.0	0.0	0.0	0.0	0.0	0.0	0.0	0.0	0.0	0.0	0.0	0.0	0.0	0.0	0.0	0.0	0.0	0.0	0.0	0.0	0.0	0.0	0.0	0.0	0.0	0.0	0.0	0.0	0.0	0.0	0.0	0.0	0.0	0.0	0.0	0.0	0.0	0.0	0.0
126_TASK07_CON35_11.0_posneg	posneg	11.0	0.0	0.0	0.0	0.0	0.0	0.0	0.0	0.0	0.0	0.0	0.0	0.0	0.0	0.0	0.0	0.0	0.0	0.0	0.0	0.0	0.0	0.0	0.0	0.0	0.0	0.0	0.0	0.0	0.0	0.0	0.0	0.0	0.0	0.0	0.0	0.0	0.0	0.0	0.0	0.0	0.0	0.0	0.0	0.0	0.0	0.0	0.0
126_TASK07_CON35_11.0_pos	pos	11.0	0.0	0.0	0.0	0.0	0.0	0.0	0.0	0.0	0.0	0.0	0.0	0.0	0.0	0.0	0.0	0.0	0.0	0.0	0.0	0.0	0.0	0.0	0.0	0.0	0.0	0.0	0.0	0.0	0.0	0.0	0.0	0.0	0.0	0.0	0.0	0.0	0.0	0.0	0.0	0.0	0.0	0.0	0.0	0.0	0.0	0.0	0.0
126_TASK07_CON35_12.0_posneg	posneg	12.0	0.0	0.0	0.0	0.0	0.0	0.0	0.0	0.0	0.0	0.0	0.0	0.0	0.0	0.0	0.0	0.0	0.0	0.0	0.0	0.0	0.0	0.0	0.0	0.0	0.0	0.0	0.0	0.0	0.0	0.0	0.0	0.0	0.0	0.0	0.0	0.0	0.0	0.0	0.0	0.0	0.0	0.0	0.0	0.0	0.0	0.0	0.0
126_TASK07_CON35_12.0_pos	pos	12.0	0.0	0.0	0.0	0.0	0.0	0.0	0.0	0.0	0.0	0.0	0.0	0.0	0.0	0.0	0.0	0.0	0.0	0.0	0.0	0.0	0.0	0.0	0.0	0.0	0.0	0.0	0.0	0.0	0.0	0.0	0.0	0.0	0.0	0.0	0.0	0.0	0.0	0.0	0.0	0.0	0.0	0.0	0.0	0.0	0.0	0.0	0.0
126_TASK07_CON35_13.0_posneg	posneg	13.0	0.0	0.0	0.0	0.0	0.0	0.0	0.0	0.0	0.0	0.0	0.0	0.0	0.0	0.0	0.0	0.0	0.0	0.0	0.0	0.0	0.0	0.0	0.0	0.0	0.0	0.0	0.0	0.0	0.0	0.0	0.0	0.0	0.0	0.0	0.0	0.0	0.0	0.0	0.0	0.0	0.0	0.0	0.0	0.0	0.0	0.0	0.0
126_TASK07_CON35_13.0_pos	pos	13.0	0.0	0.0	0.0	0.0	0.0	0.0	0.0	0.0	0.0	0.0	0.0	0.0	0.0	0.0	0.0	0.0	0.0	0.0	0.0	0.0	0.0	0.0	0.0	0.0	0.0	0.0	0.0	0.0	0.0	0.0	0.0	0.0	0.0	0.0	0.0	0.0	0.0	0.0	0.0	0.0	0.0	0.0	0.0	0.0	0.0	0.0	0.0
126_TASK07_CON36_0.0_posneg	posneg	0.0	228380.0	228380.0	228380.0	228380.0	228380.0	228380.0	228380.0	228380.0	228380.0	228380.0	228380.0	228380.0	228380.0	228380.0	228380.0	228380.0	228380.0	228380.0	228380.0	228380.0	228380.0	228380.0	228380.0	228380.0	228380.0	228380.0	228380.0	228380.0	228380.0	228380.0	228380.0	228380.0	228380.0	228380.0	228380.0	228380.0	228380.0	228380.0	228380.0	228380.0	228380.0	228380.0	228380.0	228380.0	228380.0	228380.0	228380.0
126_TASK07_CON36_0.0_pos	pos	0.0	228305.0	228305.0	228305.0	228305.0	228305.0	228305.0	228305.0	228305.0	228305.0	228305.0	228305.0	228305.0	228305.0	228305.0	228305.0	228305.0	228305.0	228305.0	228305.0	228305.0	228305.0	228305.0	228305.0	228305.0	228305.0	228305.0	228305.0	228305.0	228305.0	228305.0	228305.0	228305.0	228305.0	228305.0	228305.0	228305.0	228305.0	228305.0	228305.0	228305.0	228305.0	228305.0	228305.0	228305.0	228305.0	228305.0	228305.0
126_TASK07_CON36_1.0_posneg	posneg	1.0	228272.0	228272.0	228272.0	228272.0	228272.0	228272.0	228272.0	228272.0	228272.0	228272.0	228272.0	228272.0	228272.0	228272.0	228272.0	228272.0	228272.0	228272.0	228272.0	228272.0	228272.0	228272.0	228272.0	228272.0	228272.0	228272.0	228272.0	228272.0	228272.0	228272.0	228272.0	228272.0	228272.0	228272.0	228272.0	228272.0	228272.0	228272.0	228272.0	228272.0	228272.0	228272.0	228272.0	228272.0	228272.0	228272.0	228272.0
126_TASK07_CON36_1.0_pos	pos	1.0	228254.0	228254.0	228254.0	228254.0	228254.0	228254.0	228254.0	228254.0	228254.0	228254.0	228254.0	228254.0	228254.0	228254.0	228254.0	228254.0	228254.0	228254.0	228254.0	228254.0	228254.0	228254.0	228254.0	228254.0	228254.0	228254.0	228254.0	228254.0	228254.0	228254.0	228254.0	228254.0	228254.0	228254.0	228254.0	228254.0	228254.0	228254.0	228254.0	228254.0	228254.0	228254.0	228254.0	228254.0	228254.0	228254.0	228254.0
126_TASK07_CON36_2.0_posneg	posneg	2.0	228241.0	228241.0	228241.0	228241.0	228241.0	228241.0	228241.0	228241.0	228241.0	228241.0	228241.0	228241.0	228241.0	228241.0	228241.0	228241.0	228241.0	228241.0	228241.0	228241.0	228241.0	228241.0	228241.0	228241.0	228241.0	228241.0	228241.0	228241.0	228241.0	228241.0	228241.0	228241.0	228241.0	228241.0	228241.0	228241.0	228241.0	228241.0	228241.0	228241.0	228241.0	228241.0	228241.0	228241.0	228241.0	228241.0	228241.0
126_TASK07_CON36_2.0_pos	pos	2.0	228241.0	228241.0	228241.0	228241.0	228241.0	228241.0	228241.0	228241.0	228241.0	228241.0	228241.0	228241.0	228241.0	228241.0	228241.0	228241.0	228241.0	228241.0	228241.0	228241.0	228241.0	228241.0	228241.0	228241.0	228241.0	228241.0	228241.0	228241.0	228241.0	228241.0	228241.0	228241.0	228241.0	228241.0	228241.0	228241.0	228241.0	228241.0	228241.0	228241.0	228241.0	228241.0	228241.0	228241.0	228241.0	228241.0	228241.0
126_TASK07_CON36_3.0_posneg	posneg	3.0	228241.0	228241.0	228241.0	228241.0	228241.0	228241.0	228241.0	228241.0	228241.0	228241.0	228241.0	228241.0	228241.0	228241.0	228241.0	228241.0	228241.0	228241.0	228241.0	228241.0	228241.0	228241.0	228241.0	228241.0	228241.0	228241.0	228241.0	228241.0	228241.0	228241.0	228241.0	228241.0	228241.0	228241.0	228241.0	228241.0	228241.0	228241.0	228241.0	228241.0	228241.0	228241.0	228241.0	228241.0	228241.0	228241.0	228241.0
126_TASK07_CON36_3.0_pos	pos	3.0	228241.0	228241.0	228241.0	228241.0	228241.0	228241.0	228241.0	228241.0	228241.0	228241.0	228241.0	228241.0	228241.0	228241.0	228241.0	228241.0	228241.0	228241.0	228241.0	228241.0	228241.0	228241.0	228241.0	228241.0	228241.0	228241.0	228241.0	228241.0	228241.0	228241.0	228241.0	228241.0	228241.0	228241.0	228241.0	228241.0	228241.0	228241.0	228241.0	228241.0	228241.0	228241.0	228241.0	228241.0	228241.0	228241.0	228241.0
126_TASK07_CON36_4.0_posneg	posneg	4.0	228241.0	228241.0	228241.0	228241.0	228241.0	228241.0	228241.0	228241.0	228241.0	228241.0	228241.0	228241.0	228241.0	228241.0	228241.0	228241.0	228241.0	228241.0	228241.0	228241.0	228241.0	228241.0	228241.0	228241.0	228241.0	228241.0	228241.0	228241.0	228241.0	228241.0	228241.0	228241.0	228241.0	228241.0	228241.0	228241.0	228241.0	228241.0	228241.0	228241.0	228241.0	228241.0	228241.0	228241.0	228241.0	228241.0	228241.0
126_TASK07_CON36_4.0_pos	pos	4.0	228241.0	228241.0	228241.0	228241.0	228241.0	228241.0	228241.0	228241.0	228241.0	228241.0	228241.0	228241.0	228241.0	228241.0	228241.0	228241.0	228241.0	228241.0	228241.0	228241.0	228241.0	228241.0	228241.0	228241.0	228241.0	228241.0	228241.0	228241.0	228241.0	228241.0	228241.0	228241.0	228241.0	228241.0	228241.0	228241.0	228241.0	228241.0	228241.0	228241.0	228241.0	228241.0	228241.0	228241.0	228241.0	228241.0	228241.0
126_TASK07_CON36_5.0_posneg	posneg	5.0	228241.0	228241.0	228241.0	228241.0	228241.0	228241.0	228241.0	228241.0	228241.0	228241.0	228241.0	228241.0	228241.0	228241.0	228241.0	228241.0	228241.0	228241.0	228241.0	228241.0	228241.0	228241.0	228241.0	228241.0	228241.0	228241.0	228241.0	228241.0	228241.0	228241.0	228241.0	228241.0	228241.0	228241.0	228241.0	228241.0	228241.0	228241.0	228241.0	228241.0	228241.0	228241.0	228241.0	228241.0	228241.0	228241.0	228241.0
126_TASK07_CON36_5.0_pos	pos	5.0	228241.0	228241.0	228241.0	228241.0	228241.0	228241.0	228241.0	228241.0	228241.0	228241.0	228241.0	228241.0	228241.0	228241.0	228241.0	228241.0	228241.0	228241.0	228241.0	228241.0	228241.0	228241.0	228241.0	228241.0	228241.0	228241.0	228241.0	228241.0	228241.0	228241.0	228241.0	228241.0	228241.0	228241.0	228241.0	228241.0	228241.0	228241.0	228241.0	228241.0	228241.0	228241.0	228241.0	228241.0	228241.0	228241.0	228241.0
126_TASK07_CON36_6.0_posneg	posneg	6.0	228241.0	228241.0	228241.0	228241.0	228241.0	228241.0	228241.0	228241.0	228241.0	228241.0	228241.0	228241.0	228241.0	228241.0	228241.0	228241.0	228241.0	228241.0	228241.0	228241.0	228241.0	228241.0	228241.0	228241.0	228241.0	228241.0	228241.0	228241.0	228241.0	228241.0	228241.0	228241.0	228241.0	228241.0	228241.0	228241.0	228241.0	228241.0	228241.0	228241.0	228241.0	228241.0	228241.0	228241.0	228241.0	228241.0	228241.0
126_TASK07_CON36_6.0_pos	pos	6.0	228241.0	228241.0	228241.0	228241.0	228241.0	228241.0	228241.0	228241.0	228241.0	228241.0	228241.0	228241.0	228241.0	228241.0	228241.0	228241.0	228241.0	228241.0	228241.0	228241.0	228241.0	228241.0	228241.0	228241.0	228241.0	228241.0	228241.0	228241.0	228241.0	228241.0	228241.0	228241.0	228241.0	228241.0	228241.0	228241.0	228241.0	228241.0	228241.0	228241.0	228241.0	228241.0	228241.0	228241.0	228241.0	228241.0	228241.0
126_TASK07_CON36_7.0_posneg	posneg	7.0	228241.0	228241.0	228241.0	228241.0	228241.0	228241.0	228241.0	228241.0	228241.0	228241.0	228241.0	228241.0	228241.0	228241.0	228241.0	228241.0	228241.0	228241.0	228241.0	228241.0	228241.0	228241.0	228241.0	228241.0	228241.0	228241.0	228241.0	228241.0	228241.0	228241.0	228241.0	228241.0	228241.0	228241.0	228241.0	228241.0	228241.0	228241.0	228241.0	228241.0	228241.0	228241.0	228241.0	228241.0	228241.0	228241.0	228241.0
126_TASK07_CON36_7.0_pos	pos	7.0	228241.0	228241.0	228241.0	228241.0	228241.0	228241.0	228241.0	228241.0	228241.0	228241.0	228241.0	228241.0	228241.0	228241.0	228241.0	228241.0	228241.0	228241.0	228241.0	228241.0	228241.0	228241.0	228241.0	228241.0	228241.0	228241.0	228241.0	228241.0	228241.0	228241.0	228241.0	228241.0	228241.0	228241.0	228241.0	228241.0	228241.0	228241.0	228241.0	228241.0	228241.0	228241.0	228241.0	228241.0	228241.0	228241.0	228241.0
126_TASK07_CON36_8.0_posneg	posneg	8.0	228241.0	228241.0	228241.0	228241.0	228241.0	228241.0	228241.0	228241.0	228241.0	228241.0	228241.0	228241.0	228241.0	228241.0	228241.0	228241.0	228241.0	228241.0	228241.0	228241.0	228241.0	228241.0	228241.0	228241.0	228241.0	228241.0	228241.0	228241.0	228241.0	228241.0	228241.0	228241.0	228241.0	228241.0	228241.0	228241.0	228241.0	228241.0	228241.0	228241.0	228241.0	228241.0	228241.0	228241.0	228241.0	228241.0	228241.0
126_TASK07_CON36_8.0_pos	pos	8.0	228241.0	228241.0	228241.0	228241.0	228241.0	228241.0	228241.0	228241.0	228241.0	228241.0	228241.0	228241.0	228241.0	228241.0	228241.0	228241.0	228241.0	228241.0	228241.0	228241.0	228241.0	228241.0	228241.0	228241.0	228241.0	228241.0	228241.0	228241.0	228241.0	228241.0	228241.0	228241.0	228241.0	228241.0	228241.0	228241.0	228241.0	228241.0	228241.0	228241.0	228241.0	228241.0	228241.0	228241.0	228241.0	228241.0	228241.0
126_TASK07_CON36_9.0_posneg	posneg	9.0	0.0	0.0	0.0	0.0	0.0	0.0	0.0	0.0	0.0	0.0	0.0	0.0	0.0	0.0	0.0	0.0	0.0	0.0	0.0	0.0	0.0	0.0	0.0	0.0	0.0	0.0	0.0	0.0	0.0	0.0	0.0	0.0	0.0	0.0	0.0	0.0	0.0	0.0	0.0	0.0	0.0	0.0	0.0	0.0	0.0	0.0	0.0
126_TASK07_CON36_9.0_pos	pos	9.0	0.0	0.0	0.0	0.0	0.0	0.0	0.0	0.0	0.0	0.0	0.0	0.0	0.0	0.0	0.0	0.0	0.0	0.0	0.0	0.0	0.0	0.0	0.0	0.0	0.0	0.0	0.0	0.0	0.0	0.0	0.0	0.0	0.0	0.0	0.0	0.0	0.0	0.0	0.0	0.0	0.0	0.0	0.0	0.0	0.0	0.0	0.0
126_TASK07_CON36_10.0_posneg	posneg	10.0	0.0	0.0	0.0	0.0	0.0	0.0	0.0	0.0	0.0	0.0	0.0	0.0	0.0	0.0	0.0	0.0	0.0	0.0	0.0	0.0	0.0	0.0	0.0	0.0	0.0	0.0	0.0	0.0	0.0	0.0	0.0	0.0	0.0	0.0	0.0	0.0	0.0	0.0	0.0	0.0	0.0	0.0	0.0	0.0	0.0	0.0	0.0
126_TASK07_CON36_10.0_pos	pos	10.0	0.0	0.0	0.0	0.0	0.0	0.0	0.0	0.0	0.0	0.0	0.0	0.0	0.0	0.0	0.0	0.0	0.0	0.0	0.0	0.0	0.0	0.0	0.0	0.0	0.0	0.0	0.0	0.0	0.0	0.0	0.0	0.0	0.0	0.0	0.0	0.0	0.0	0.0	0.0	0.0	0.0	0.0	0.0	0.0	0.0	0.0	0.0
126_TASK07_CON36_11.0_posneg	posneg	11.0	0.0	0.0	0.0	0.0	0.0	0.0	0.0	0.0	0.0	0.0	0.0	0.0	0.0	0.0	0.0	0.0	0.0	0.0	0.0	0.0	0.0	0.0	0.0	0.0	0.0	0.0	0.0	0.0	0.0	0.0	0.0	0.0	0.0	0.0	0.0	0.0	0.0	0.0	0.0	0.0	0.0	0.0	0.0	0.0	0.0	0.0	0.0
126_TASK07_CON36_11.0_pos	pos	11.0	0.0	0.0	0.0	0.0	0.0	0.0	0.0	0.0	0.0	0.0	0.0	0.0	0.0	0.0	0.0	0.0	0.0	0.0	0.0	0.0	0.0	0.0	0.0	0.0	0.0	0.0	0.0	0.0	0.0	0.0	0.0	0.0	0.0	0.0	0.0	0.0	0.0	0.0	0.0	0.0	0.0	0.0	0.0	0.0	0.0	0.0	0.0
126_TASK07_CON36_12.0_posneg	posneg	12.0	0.0	0.0	0.0	0.0	0.0	0.0	0.0	0.0	0.0	0.0	0.0	0.0	0.0	0.0	0.0	0.0	0.0	0.0	0.0	0.0	0.0	0.0	0.0	0.0	0.0	0.0	0.0	0.0	0.0	0.0	0.0	0.0	0.0	0.0	0.0	0.0	0.0	0.0	0.0	0.0	0.0	0.0	0.0	0.0	0.0	0.0	0.0
126_TASK07_CON36_12.0_pos	pos	12.0	0.0	0.0	0.0	0.0	0.0	0.0	0.0	0.0	0.0	0.0	0.0	0.0	0.0	0.0	0.0	0.0	0.0	0.0	0.0	0.0	0.0	0.0	0.0	0.0	0.0	0.0	0.0	0.0	0.0	0.0	0.0	0.0	0.0	0.0	0.0	0.0	0.0	0.0	0.0	0.0	0.0	0.0	0.0	0.0	0.0	0.0	0.0
126_TASK07_CON36_13.0_posneg	posneg	13.0	0.0	0.0	0.0	0.0	0.0	0.0	0.0	0.0	0.0	0.0	0.0	0.0	0.0	0.0	0.0	0.0	0.0	0.0	0.0	0.0	0.0	0.0	0.0	0.0	0.0	0.0	0.0	0.0	0.0	0.0	0.0	0.0	0.0	0.0	0.0	0.0	0.0	0.0	0.0	0.0	0.0	0.0	0.0	0.0	0.0	0.0	0.0
126_TASK07_CON36_13.0_pos	pos	13.0	0.0	0.0	0.0	0.0	0.0	0.0	0.0	0.0	0.0	0.0	0.0	0.0	0.0	0.0	0.0	0.0	0.0	0.0	0.0	0.0	0.0	0.0	0.0	0.0	0.0	0.0	0.0	0.0	0.0	0.0	0.0	0.0	0.0	0.0	0.0	0.0	0.0	0.0	0.0	0.0	0.0	0.0	0.0	0.0	0.0	0.0	0.0
126_TASK07_CON37_0.0_posneg	posneg	0.0	228380.0	228380.0	228380.0	228380.0	228380.0	228380.0	228380.0	228380.0	228380.0	228380.0	228380.0	228380.0	228380.0	228380.0	228380.0	228380.0	228380.0	228380.0	228380.0	228380.0	228380.0	228380.0	228380.0	228380.0	228380.0	228380.0	228380.0	228380.0	228380.0	228380.0	228380.0	228380.0	228380.0	228380.0	228380.0	228380.0	228380.0	228380.0	228380.0	228380.0	228380.0	228380.0	228380.0	228380.0	228380.0	228380.0	228380.0
126_TASK07_CON37_0.0_pos	pos	0.0	228301.0	228301.0	228301.0	228301.0	228301.0	228301.0	228301.0	228301.0	228301.0	228301.0	228301.0	228301.0	228301.0	228301.0	228301.0	228301.0	228301.0	228301.0	228301.0	228301.0	228301.0	228301.0	228301.0	228301.0	228301.0	228301.0	228301.0	228301.0	228301.0	228301.0	228301.0	228301.0	228301.0	228301.0	228301.0	228301.0	228301.0	228301.0	228301.0	228301.0	228301.0	228301.0	228301.0	228301.0	228301.0	228301.0	228301.0
126_TASK07_CON37_1.0_posneg	posneg	1.0	228281.0	228281.0	228281.0	228281.0	228281.0	228281.0	228281.0	228281.0	228281.0	228281.0	228281.0	228281.0	228281.0	228281.0	228281.0	228281.0	228281.0	228281.0	228281.0	228281.0	228281.0	228281.0	228281.0	228281.0	228281.0	228281.0	228281.0	228281.0	228281.0	228281.0	228281.0	228281.0	228281.0	228281.0	228281.0	228281.0	228281.0	228281.0	228281.0	228281.0	228281.0	228281.0	228281.0	228281.0	228281.0	228281.0	228281.0
126_TASK07_CON37_1.0_pos	pos	1.0	228257.0	228257.0	228257.0	228257.0	228257.0	228257.0	228257.0	228257.0	228257.0	228257.0	228257.0	228257.0	228257.0	228257.0	228257.0	228257.0	228257.0	228257.0	228257.0	228257.0	228257.0	228257.0	228257.0	228257.0	228257.0	228257.0	228257.0	228257.0	228257.0	228257.0	228257.0	228257.0	228257.0	228257.0	228257.0	228257.0	228257.0	228257.0	228257.0	228257.0	228257.0	228257.0	228257.0	228257.0	228257.0	228257.0	228257.0
126_TASK07_CON37_2.0_posneg	posneg	2.0	228241.0	228241.0	228241.0	228241.0	228241.0	228241.0	228241.0	228241.0	228241.0	228241.0	228241.0	228241.0	228241.0	228241.0	228241.0	228241.0	228241.0	228241.0	228241.0	228241.0	228241.0	228241.0	228241.0	228241.0	228241.0	228241.0	228241.0	228241.0	228241.0	228241.0	228241.0	228241.0	228241.0	228241.0	228241.0	228241.0	228241.0	228241.0	228241.0	228241.0	228241.0	228241.0	228241.0	228241.0	228241.0	228241.0	228241.0
126_TASK07_CON37_2.0_pos	pos	2.0	228241.0	228241.0	228241.0	228241.0	228241.0	228241.0	228241.0	228241.0	228241.0	228241.0	228241.0	228241.0	228241.0	228241.0	228241.0	228241.0	228241.0	228241.0	228241.0	228241.0	228241.0	228241.0	228241.0	228241.0	228241.0	228241.0	228241.0	228241.0	228241.0	228241.0	228241.0	228241.0	228241.0	228241.0	228241.0	228241.0	228241.0	228241.0	228241.0	228241.0	228241.0	228241.0	228241.0	228241.0	228241.0	228241.0	228241.0
126_TASK07_CON37_3.0_posneg	posneg	3.0	228241.0	228241.0	228241.0	228241.0	228241.0	228241.0	228241.0	228241.0	228241.0	228241.0	228241.0	228241.0	228241.0	228241.0	228241.0	228241.0	228241.0	228241.0	228241.0	228241.0	228241.0	228241.0	228241.0	228241.0	228241.0	228241.0	228241.0	228241.0	228241.0	228241.0	228241.0	228241.0	228241.0	228241.0	228241.0	228241.0	228241.0	228241.0	228241.0	228241.0	228241.0	228241.0	228241.0	228241.0	228241.0	228241.0	228241.0
126_TASK07_CON37_3.0_pos	pos	3.0	228241.0	228241.0	228241.0	228241.0	228241.0	228241.0	228241.0	228241.0	228241.0	228241.0	228241.0	228241.0	228241.0	228241.0	228241.0	228241.0	228241.0	228241.0	228241.0	228241.0	228241.0	228241.0	228241.0	228241.0	228241.0	228241.0	228241.0	228241.0	228241.0	228241.0	228241.0	228241.0	228241.0	228241.0	228241.0	228241.0	228241.0	228241.0	228241.0	228241.0	228241.0	228241.0	228241.0	228241.0	228241.0	228241.0	228241.0
126_TASK07_CON37_4.0_posneg	posneg	4.0	228241.0	228241.0	228241.0	228241.0	228241.0	228241.0	228241.0	228241.0	228241.0	228241.0	228241.0	228241.0	228241.0	228241.0	228241.0	228241.0	228241.0	228241.0	228241.0	228241.0	228241.0	228241.0	228241.0	228241.0	228241.0	228241.0	228241.0	228241.0	228241.0	228241.0	228241.0	228241.0	228241.0	228241.0	228241.0	228241.0	228241.0	228241.0	228241.0	228241.0	228241.0	228241.0	228241.0	228241.0	228241.0	228241.0	228241.0
126_TASK07_CON37_4.0_pos	pos	4.0	228241.0	228241.0	228241.0	228241.0	228241.0	228241.0	228241.0	228241.0	228241.0	228241.0	228241.0	228241.0	228241.0	228241.0	228241.0	228241.0	228241.0	228241.0	228241.0	228241.0	228241.0	228241.0	228241.0	228241.0	228241.0	228241.0	228241.0	228241.0	228241.0	228241.0	228241.0	228241.0	228241.0	228241.0	228241.0	228241.0	228241.0	228241.0	228241.0	228241.0	228241.0	228241.0	228241.0	228241.0	228241.0	228241.0	228241.0
126_TASK07_CON37_5.0_posneg	posneg	5.0	228241.0	228241.0	228241.0	228241.0	228241.0	228241.0	228241.0	228241.0	228241.0	228241.0	228241.0	228241.0	228241.0	228241.0	228241.0	228241.0	228241.0	228241.0	228241.0	228241.0	228241.0	228241.0	228241.0	228241.0	228241.0	228241.0	228241.0	228241.0	228241.0	228241.0	228241.0	228241.0	228241.0	228241.0	228241.0	228241.0	228241.0	228241.0	228241.0	228241.0	228241.0	228241.0	228241.0	228241.0	228241.0	228241.0	228241.0
126_TASK07_CON37_5.0_pos	pos	5.0	228241.0	228241.0	228241.0	228241.0	228241.0	228241.0	228241.0	228241.0	228241.0	228241.0	228241.0	228241.0	228241.0	228241.0	228241.0	228241.0	228241.0	228241.0	228241.0	228241.0	228241.0	228241.0	228241.0	228241.0	228241.0	228241.0	228241.0	228241.0	228241.0	228241.0	228241.0	228241.0	228241.0	228241.0	228241.0	228241.0	228241.0	228241.0	228241.0	228241.0	228241.0	228241.0	228241.0	228241.0	228241.0	228241.0	228241.0
126_TASK07_CON37_6.0_posneg	posneg	6.0	228241.0	228241.0	228241.0	228241.0	228241.0	228241.0	228241.0	228241.0	228241.0	228241.0	228241.0	228241.0	228241.0	228241.0	228241.0	228241.0	228241.0	228241.0	228241.0	228241.0	228241.0	228241.0	228241.0	228241.0	228241.0	228241.0	228241.0	228241.0	228241.0	228241.0	228241.0	228241.0	228241.0	228241.0	228241.0	228241.0	228241.0	228241.0	228241.0	228241.0	228241.0	228241.0	228241.0	228241.0	228241.0	228241.0	228241.0
126_TASK07_CON37_6.0_pos	pos	6.0	228241.0	228241.0	228241.0	228241.0	228241.0	228241.0	228241.0	228241.0	228241.0	228241.0	228241.0	228241.0	228241.0	228241.0	228241.0	228241.0	228241.0	228241.0	228241.0	228241.0	228241.0	228241.0	228241.0	228241.0	228241.0	228241.0	228241.0	228241.0	228241.0	228241.0	228241.0	228241.0	228241.0	228241.0	228241.0	228241.0	228241.0	228241.0	228241.0	228241.0	228241.0	228241.0	228241.0	228241.0	228241.0	228241.0	228241.0
126_TASK07_CON37_7.0_posneg	posneg	7.0	228241.0	228241.0	228241.0	228241.0	228241.0	228241.0	228241.0	228241.0	228241.0	228241.0	228241.0	228241.0	228241.0	228241.0	228241.0	228241.0	228241.0	228241.0	228241.0	228241.0	228241.0	228241.0	228241.0	228241.0	228241.0	228241.0	228241.0	228241.0	228241.0	228241.0	228241.0	228241.0	228241.0	228241.0	228241.0	228241.0	228241.0	228241.0	228241.0	228241.0	228241.0	228241.0	228241.0	228241.0	228241.0	228241.0	228241.0
126_TASK07_CON37_7.0_pos	pos	7.0	228241.0	228241.0	228241.0	228241.0	228241.0	228241.0	228241.0	228241.0	228241.0	228241.0	228241.0	228241.0	228241.0	228241.0	228241.0	228241.0	228241.0	228241.0	228241.0	228241.0	228241.0	228241.0	228241.0	228241.0	228241.0	228241.0	228241.0	228241.0	228241.0	228241.0	228241.0	228241.0	228241.0	228241.0	228241.0	228241.0	228241.0	228241.0	228241.0	228241.0	228241.0	228241.0	228241.0	228241.0	228241.0	228241.0	228241.0
126_TASK07_CON37_8.0_posneg	posneg	8.0	228241.0	228241.0	228241.0	228241.0	228241.0	228241.0	228241.0	228241.0	228241.0	228241.0	228241.0	228241.0	228241.0	228241.0	228241.0	228241.0	228241.0	228241.0	228241.0	228241.0	228241.0	228241.0	228241.0	228241.0	228241.0	228241.0	228241.0	228241.0	228241.0	228241.0	228241.0	228241.0	228241.0	228241.0	228241.0	228241.0	228241.0	228241.0	228241.0	228241.0	228241.0	228241.0	228241.0	228241.0	228241.0	228241.0	228241.0
126_TASK07_CON37_8.0_pos	pos	8.0	228241.0	228241.0	228241.0	228241.0	228241.0	228241.0	228241.0	228241.0	228241.0	228241.0	228241.0	228241.0	228241.0	228241.0	228241.0	228241.0	228241.0	228241.0	228241.0	228241.0	228241.0	228241.0	228241.0	228241.0	228241.0	228241.0	228241.0	228241.0	228241.0	228241.0	228241.0	228241.0	228241.0	228241.0	228241.0	228241.0	228241.0	228241.0	228241.0	228241.0	228241.0	228241.0	228241.0	228241.0	228241.0	228241.0	228241.0
126_TASK07_CON37_9.0_posneg	posneg	9.0	228241.0	228241.0	228241.0	228241.0	228241.0	228241.0	228241.0	228241.0	228241.0	228241.0	228241.0	228241.0	228241.0	228241.0	228241.0	228241.0	228241.0	228241.0	228241.0	228241.0	228241.0	228241.0	228241.0	228241.0	228241.0	228241.0	228241.0	228241.0	228241.0	228241.0	228241.0	228241.0	228241.0	228241.0	228241.0	228241.0	228241.0	228241.0	228241.0	228241.0	228241.0	228241.0	228241.0	228241.0	228241.0	228241.0	228241.0
126_TASK07_CON37_9.0_pos	pos	9.0	228241.0	228241.0	228241.0	228241.0	228241.0	228241.0	228241.0	228241.0	228241.0	228241.0	228241.0	228241.0	228241.0	228241.0	228241.0	228241.0	228241.0	228241.0	228241.0	228241.0	228241.0	228241.0	228241.0	228241.0	228241.0	228241.0	228241.0	228241.0	228241.0	228241.0	228241.0	228241.0	228241.0	228241.0	228241.0	228241.0	228241.0	228241.0	228241.0	228241.0	228241.0	228241.0	228241.0	228241.0	228241.0	228241.0	228241.0
126_TASK07_CON37_10.0_posneg	posneg	10.0	0.0	0.0	0.0	0.0	0.0	0.0	0.0	0.0	0.0	0.0	0.0	0.0	0.0	0.0	0.0	0.0	0.0	0.0	0.0	0.0	0.0	0.0	0.0	0.0	0.0	0.0	0.0	0.0	0.0	0.0	0.0	0.0	0.0	0.0	0.0	0.0	0.0	0.0	0.0	0.0	0.0	0.0	0.0	0.0	0.0	0.0	0.0
126_TASK07_CON37_10.0_pos	pos	10.0	0.0	0.0	0.0	0.0	0.0	0.0	0.0	0.0	0.0	0.0	0.0	0.0	0.0	0.0	0.0	0.0	0.0	0.0	0.0	0.0	0.0	0.0	0.0	0.0	0.0	0.0	0.0	0.0	0.0	0.0	0.0	0.0	0.0	0.0	0.0	0.0	0.0	0.0	0.0	0.0	0.0	0.0	0.0	0.0	0.0	0.0	0.0
126_TASK07_CON37_11.0_posneg	posneg	11.0	0.0	0.0	0.0	0.0	0.0	0.0	0.0	0.0	0.0	0.0	0.0	0.0	0.0	0.0	0.0	0.0	0.0	0.0	0.0	0.0	0.0	0.0	0.0	0.0	0.0	0.0	0.0	0.0	0.0	0.0	0.0	0.0	0.0	0.0	0.0	0.0	0.0	0.0	0.0	0.0	0.0	0.0	0.0	0.0	0.0	0.0	0.0
126_TASK07_CON37_11.0_pos	pos	11.0	0.0	0.0	0.0	0.0	0.0	0.0	0.0	0.0	0.0	0.0	0.0	0.0	0.0	0.0	0.0	0.0	0.0	0.0	0.0	0.0	0.0	0.0	0.0	0.0	0.0	0.0	0.0	0.0	0.0	0.0	0.0	0.0	0.0	0.0	0.0	0.0	0.0	0.0	0.0	0.0	0.0	0.0	0.0	0.0	0.0	0.0	0.0
126_TASK07_CON37_12.0_posneg	posneg	12.0	0.0	0.0	0.0	0.0	0.0	0.0	0.0	0.0	0.0	0.0	0.0	0.0	0.0	0.0	0.0	0.0	0.0	0.0	0.0	0.0	0.0	0.0	0.0	0.0	0.0	0.0	0.0	0.0	0.0	0.0	0.0	0.0	0.0	0.0	0.0	0.0	0.0	0.0	0.0	0.0	0.0	0.0	0.0	0.0	0.0	0.0	0.0
126_TASK07_CON37_12.0_pos	pos	12.0	0.0	0.0	0.0	0.0	0.0	0.0	0.0	0.0	0.0	0.0	0.0	0.0	0.0	0.0	0.0	0.0	0.0	0.0	0.0	0.0	0.0	0.0	0.0	0.0	0.0	0.0	0.0	0.0	0.0	0.0	0.0	0.0	0.0	0.0	0.0	0.0	0.0	0.0	0.0	0.0	0.0	0.0	0.0	0.0	0.0	0.0	0.0
126_TASK07_CON37_13.0_posneg	posneg	13.0	0.0	0.0	0.0	0.0	0.0	0.0	0.0	0.0	0.0	0.0	0.0	0.0	0.0	0.0	0.0	0.0	0.0	0.0	0.0	0.0	0.0	0.0	0.0	0.0	0.0	0.0	0.0	0.0	0.0	0.0	0.0	0.0	0.0	0.0	0.0	0.0	0.0	0.0	0.0	0.0	0.0	0.0	0.0	0.0	0.0	0.0	0.0
126_TASK07_CON37_13.0_pos	pos	13.0	0.0	0.0	0.0	0.0	0.0	0.0	0.0	0.0	0.0	0.0	0.0	0.0	0.0	0.0	0.0	0.0	0.0	0.0	0.0	0.0	0.0	0.0	0.0	0.0	0.0	0.0	0.0	0.0	0.0	0.0	0.0	0.0	0.0	0.0	0.0	0.0	0.0	0.0	0.0	0.0	0.0	0.0	0.0	0.0	0.0	0.0	0.0
126_TASK07_CON38_0.0_posneg	posneg	0.0	228380.0	228380.0	228380.0	228380.0	228380.0	228380.0	228380.0	228380.0	228380.0	228380.0	228380.0	228380.0	228380.0	228380.0	228380.0	228380.0	228380.0	228380.0	228380.0	228380.0	228380.0	228380.0	228380.0	228380.0	228380.0	228380.0	228380.0	228380.0	228380.0	228380.0	228380.0	228380.0	228380.0	228380.0	228380.0	228380.0	228380.0	228380.0	228380.0	228380.0	228380.0	228380.0	228380.0	228380.0	228380.0	228380.0	228380.0
126_TASK07_CON38_0.0_pos	pos	0.0	228323.0	228323.0	228323.0	228323.0	228323.0	228323.0	228323.0	228323.0	228323.0	228323.0	228323.0	228323.0	228323.0	228323.0	228323.0	228323.0	228323.0	228323.0	228323.0	228323.0	228323.0	228323.0	228323.0	228323.0	228323.0	228323.0	228323.0	228323.0	228323.0	228323.0	228323.0	228323.0	228323.0	228323.0	228323.0	228323.0	228323.0	228323.0	228323.0	228323.0	228323.0	228323.0	228323.0	228323.0	228323.0	228323.0	228323.0
126_TASK07_CON38_1.0_posneg	posneg	1.0	228278.0	228278.0	228278.0	228278.0	228278.0	228278.0	228278.0	228278.0	228278.0	228278.0	228278.0	228278.0	228278.0	228278.0	228278.0	228278.0	228278.0	228278.0	228278.0	228278.0	228278.0	228278.0	228278.0	228278.0	228278.0	228278.0	228278.0	228278.0	228278.0	228278.0	228278.0	228278.0	228278.0	228278.0	228278.0	228278.0	228278.0	228278.0	228278.0	228278.0	228278.0	228278.0	228278.0	228278.0	228278.0	228278.0	228278.0
126_TASK07_CON38_1.0_pos	pos	1.0	228265.0	228265.0	228265.0	228265.0	228265.0	228265.0	228265.0	228265.0	228265.0	228265.0	228265.0	228265.0	228265.0	228265.0	228265.0	228265.0	228265.0	228265.0	228265.0	228265.0	228265.0	228265.0	228265.0	228265.0	228265.0	228265.0	228265.0	228265.0	228265.0	228265.0	228265.0	228265.0	228265.0	228265.0	228265.0	228265.0	228265.0	228265.0	228265.0	228265.0	228265.0	228265.0	228265.0	228265.0	228265.0	228265.0	228265.0
126_TASK07_CON38_2.0_posneg	posneg	2.0	228241.0	228241.0	228241.0	228241.0	228241.0	228241.0	228241.0	228241.0	228241.0	228241.0	228241.0	228241.0	228241.0	228241.0	228241.0	228241.0	228241.0	228241.0	228241.0	228241.0	228241.0	228241.0	228241.0	228241.0	228241.0	228241.0	228241.0	228241.0	228241.0	228241.0	228241.0	228241.0	228241.0	228241.0	228241.0	228241.0	228241.0	228241.0	228241.0	228241.0	228241.0	228241.0	228241.0	228241.0	228241.0	228241.0	228241.0
126_TASK07_CON38_2.0_pos	pos	2.0	228241.0	228241.0	228241.0	228241.0	228241.0	228241.0	228241.0	228241.0	228241.0	228241.0	228241.0	228241.0	228241.0	228241.0	228241.0	228241.0	228241.0	228241.0	228241.0	228241.0	228241.0	228241.0	228241.0	228241.0	228241.0	228241.0	228241.0	228241.0	228241.0	228241.0	228241.0	228241.0	228241.0	228241.0	228241.0	228241.0	228241.0	228241.0	228241.0	228241.0	228241.0	228241.0	228241.0	228241.0	228241.0	228241.0	228241.0
126_TASK07_CON38_3.0_posneg	posneg	3.0	228241.0	228241.0	228241.0	228241.0	228241.0	228241.0	228241.0	228241.0	228241.0	228241.0	228241.0	228241.0	228241.0	228241.0	228241.0	228241.0	228241.0	228241.0	228241.0	228241.0	228241.0	228241.0	228241.0	228241.0	228241.0	228241.0	228241.0	228241.0	228241.0	228241.0	228241.0	228241.0	228241.0	228241.0	228241.0	228241.0	228241.0	228241.0	228241.0	228241.0	228241.0	228241.0	228241.0	228241.0	228241.0	228241.0	228241.0
126_TASK07_CON38_3.0_pos	pos	3.0	228241.0	228241.0	228241.0	228241.0	228241.0	228241.0	228241.0	228241.0	228241.0	228241.0	228241.0	228241.0	228241.0	228241.0	228241.0	228241.0	228241.0	228241.0	228241.0	228241.0	228241.0	228241.0	228241.0	228241.0	228241.0	228241.0	228241.0	228241.0	228241.0	228241.0	228241.0	228241.0	228241.0	228241.0	228241.0	228241.0	228241.0	228241.0	228241.0	228241.0	228241.0	228241.0	228241.0	228241.0	228241.0	228241.0	228241.0
126_TASK07_CON38_4.0_posneg	posneg	4.0	228241.0	228241.0	228241.0	228241.0	228241.0	228241.0	228241.0	228241.0	228241.0	228241.0	228241.0	228241.0	228241.0	228241.0	228241.0	228241.0	228241.0	228241.0	228241.0	228241.0	228241.0	228241.0	228241.0	228241.0	228241.0	228241.0	228241.0	228241.0	228241.0	228241.0	228241.0	228241.0	228241.0	228241.0	228241.0	228241.0	228241.0	228241.0	228241.0	228241.0	228241.0	228241.0	228241.0	228241.0	228241.0	228241.0	228241.0
126_TASK07_CON38_4.0_pos	pos	4.0	228241.0	228241.0	228241.0	228241.0	228241.0	228241.0	228241.0	228241.0	228241.0	228241.0	228241.0	228241.0	228241.0	228241.0	228241.0	228241.0	228241.0	228241.0	228241.0	228241.0	228241.0	228241.0	228241.0	228241.0	228241.0	228241.0	228241.0	228241.0	228241.0	228241.0	228241.0	228241.0	228241.0	228241.0	228241.0	228241.0	228241.0	228241.0	228241.0	228241.0	228241.0	228241.0	228241.0	228241.0	228241.0	228241.0	228241.0
126_TASK07_CON38_5.0_posneg	posneg	5.0	228241.0	228241.0	228241.0	228241.0	228241.0	228241.0	228241.0	228241.0	228241.0	228241.0	228241.0	228241.0	228241.0	228241.0	228241.0	228241.0	228241.0	228241.0	228241.0	228241.0	228241.0	228241.0	228241.0	228241.0	228241.0	228241.0	228241.0	228241.0	228241.0	228241.0	228241.0	228241.0	228241.0	228241.0	228241.0	228241.0	228241.0	228241.0	228241.0	228241.0	228241.0	228241.0	228241.0	228241.0	228241.0	228241.0	228241.0
126_TASK07_CON38_5.0_pos	pos	5.0	228241.0	228241.0	228241.0	228241.0	228241.0	228241.0	228241.0	228241.0	228241.0	228241.0	228241.0	228241.0	228241.0	228241.0	228241.0	228241.0	228241.0	228241.0	228241.0	228241.0	228241.0	228241.0	228241.0	228241.0	228241.0	228241.0	228241.0	228241.0	228241.0	228241.0	228241.0	228241.0	228241.0	228241.0	228241.0	228241.0	228241.0	228241.0	228241.0	228241.0	228241.0	228241.0	228241.0	228241.0	228241.0	228241.0	228241.0
126_TASK07_CON38_6.0_posneg	posneg	6.0	228241.0	228241.0	228241.0	228241.0	228241.0	228241.0	228241.0	228241.0	228241.0	228241.0	228241.0	228241.0	228241.0	228241.0	228241.0	228241.0	228241.0	228241.0	228241.0	228241.0	228241.0	228241.0	228241.0	228241.0	228241.0	228241.0	228241.0	228241.0	228241.0	228241.0	228241.0	228241.0	228241.0	228241.0	228241.0	228241.0	228241.0	228241.0	228241.0	228241.0	228241.0	228241.0	228241.0	228241.0	228241.0	228241.0	228241.0
126_TASK07_CON38_6.0_pos	pos	6.0	228241.0	228241.0	228241.0	228241.0	228241.0	228241.0	228241.0	228241.0	228241.0	228241.0	228241.0	228241.0	228241.0	228241.0	228241.0	228241.0	228241.0	228241.0	228241.0	228241.0	228241.0	228241.0	228241.0	228241.0	228241.0	228241.0	228241.0	228241.0	228241.0	228241.0	228241.0	228241.0	228241.0	228241.0	228241.0	228241.0	228241.0	228241.0	228241.0	228241.0	228241.0	228241.0	228241.0	228241.0	228241.0	228241.0	228241.0
126_TASK07_CON38_7.0_posneg	posneg	7.0	228241.0	228241.0	228241.0	228241.0	228241.0	228241.0	228241.0	228241.0	228241.0	228241.0	228241.0	228241.0	228241.0	228241.0	228241.0	228241.0	228241.0	228241.0	228241.0	228241.0	228241.0	228241.0	228241.0	228241.0	228241.0	228241.0	228241.0	228241.0	228241.0	228241.0	228241.0	228241.0	228241.0	228241.0	228241.0	228241.0	228241.0	228241.0	228241.0	228241.0	228241.0	228241.0	228241.0	228241.0	228241.0	228241.0	228241.0
126_TASK07_CON38_7.0_pos	pos	7.0	228241.0	228241.0	228241.0	228241.0	228241.0	228241.0	228241.0	228241.0	228241.0	228241.0	228241.0	228241.0	228241.0	228241.0	228241.0	228241.0	228241.0	228241.0	228241.0	228241.0	228241.0	228241.0	228241.0	228241.0	228241.0	228241.0	228241.0	228241.0	228241.0	228241.0	228241.0	228241.0	228241.0	228241.0	228241.0	228241.0	228241.0	228241.0	228241.0	228241.0	228241.0	228241.0	228241.0	228241.0	228241.0	228241.0	228241.0
126_TASK07_CON38_8.0_posneg	posneg	8.0	228241.0	228241.0	228241.0	228241.0	228241.0	228241.0	228241.0	228241.0	228241.0	228241.0	228241.0	228241.0	228241.0	228241.0	228241.0	228241.0	228241.0	228241.0	228241.0	228241.0	228241.0	228241.0	228241.0	228241.0	228241.0	228241.0	228241.0	228241.0	228241.0	228241.0	228241.0	228241.0	228241.0	228241.0	228241.0	228241.0	228241.0	228241.0	228241.0	228241.0	228241.0	228241.0	228241.0	228241.0	228241.0	228241.0	228241.0
126_TASK07_CON38_8.0_pos	pos	8.0	228241.0	228241.0	228241.0	228241.0	228241.0	228241.0	228241.0	228241.0	228241.0	228241.0	228241.0	228241.0	228241.0	228241.0	228241.0	228241.0	228241.0	228241.0	228241.0	228241.0	228241.0	228241.0	228241.0	228241.0	228241.0	228241.0	228241.0	228241.0	228241.0	228241.0	228241.0	228241.0	228241.0	228241.0	228241.0	228241.0	228241.0	228241.0	228241.0	228241.0	228241.0	228241.0	228241.0	228241.0	228241.0	228241.0	228241.0
126_TASK07_CON38_9.0_posneg	posneg	9.0	228241.0	228241.0	228241.0	228241.0	228241.0	228241.0	228241.0	228241.0	228241.0	228241.0	228241.0	228241.0	228241.0	228241.0	228241.0	228241.0	228241.0	228241.0	228241.0	228241.0	228241.0	228241.0	228241.0	228241.0	228241.0	228241.0	228241.0	228241.0	228241.0	228241.0	228241.0	228241.0	228241.0	228241.0	228241.0	228241.0	228241.0	228241.0	228241.0	228241.0	228241.0	228241.0	228241.0	228241.0	228241.0	228241.0	228241.0
126_TASK07_CON38_9.0_pos	pos	9.0	228241.0	228241.0	228241.0	228241.0	228241.0	228241.0	228241.0	228241.0	228241.0	228241.0	228241.0	228241.0	228241.0	228241.0	228241.0	228241.0	228241.0	228241.0	228241.0	228241.0	228241.0	228241.0	228241.0	228241.0	228241.0	228241.0	228241.0	228241.0	228241.0	228241.0	228241.0	228241.0	228241.0	228241.0	228241.0	228241.0	228241.0	228241.0	228241.0	228241.0	228241.0	228241.0	228241.0	228241.0	228241.0	228241.0	228241.0
126_TASK07_CON38_10.0_posneg	posneg	10.0	0.0	0.0	0.0	0.0	0.0	0.0	0.0	0.0	0.0	0.0	0.0	0.0	0.0	0.0	0.0	0.0	0.0	0.0	0.0	0.0	0.0	0.0	0.0	0.0	0.0	0.0	0.0	0.0	0.0	0.0	0.0	0.0	0.0	0.0	0.0	0.0	0.0	0.0	0.0	0.0	0.0	0.0	0.0	0.0	0.0	0.0	0.0
126_TASK07_CON38_10.0_pos	pos	10.0	0.0	0.0	0.0	0.0	0.0	0.0	0.0	0.0	0.0	0.0	0.0	0.0	0.0	0.0	0.0	0.0	0.0	0.0	0.0	0.0	0.0	0.0	0.0	0.0	0.0	0.0	0.0	0.0	0.0	0.0	0.0	0.0	0.0	0.0	0.0	0.0	0.0	0.0	0.0	0.0	0.0	0.0	0.0	0.0	0.0	0.0	0.0
126_TASK07_CON38_11.0_posneg	posneg	11.0	0.0	0.0	0.0	0.0	0.0	0.0	0.0	0.0	0.0	0.0	0.0	0.0	0.0	0.0	0.0	0.0	0.0	0.0	0.0	0.0	0.0	0.0	0.0	0.0	0.0	0.0	0.0	0.0	0.0	0.0	0.0	0.0	0.0	0.0	0.0	0.0	0.0	0.0	0.0	0.0	0.0	0.0	0.0	0.0	0.0	0.0	0.0
126_TASK07_CON38_11.0_pos	pos	11.0	0.0	0.0	0.0	0.0	0.0	0.0	0.0	0.0	0.0	0.0	0.0	0.0	0.0	0.0	0.0	0.0	0.0	0.0	0.0	0.0	0.0	0.0	0.0	0.0	0.0	0.0	0.0	0.0	0.0	0.0	0.0	0.0	0.0	0.0	0.0	0.0	0.0	0.0	0.0	0.0	0.0	0.0	0.0	0.0	0.0	0.0	0.0
126_TASK07_CON38_12.0_posneg	posneg	12.0	0.0	0.0	0.0	0.0	0.0	0.0	0.0	0.0	0.0	0.0	0.0	0.0	0.0	0.0	0.0	0.0	0.0	0.0	0.0	0.0	0.0	0.0	0.0	0.0	0.0	0.0	0.0	0.0	0.0	0.0	0.0	0.0	0.0	0.0	0.0	0.0	0.0	0.0	0.0	0.0	0.0	0.0	0.0	0.0	0.0	0.0	0.0
126_TASK07_CON38_12.0_pos	pos	12.0	0.0	0.0	0.0	0.0	0.0	0.0	0.0	0.0	0.0	0.0	0.0	0.0	0.0	0.0	0.0	0.0	0.0	0.0	0.0	0.0	0.0	0.0	0.0	0.0	0.0	0.0	0.0	0.0	0.0	0.0	0.0	0.0	0.0	0.0	0.0	0.0	0.0	0.0	0.0	0.0	0.0	0.0	0.0	0.0	0.0	0.0	0.0
126_TASK07_CON38_13.0_posneg	posneg	13.0	0.0	0.0	0.0	0.0	0.0	0.0	0.0	0.0	0.0	0.0	0.0	0.0	0.0	0.0	0.0	0.0	0.0	0.0	0.0	0.0	0.0	0.0	0.0	0.0	0.0	0.0	0.0	0.0	0.0	0.0	0.0	0.0	0.0	0.0	0.0	0.0	0.0	0.0	0.0	0.0	0.0	0.0	0.0	0.0	0.0	0.0	0.0
126_TASK07_CON38_13.0_pos	pos	13.0	0.0	0.0	0.0	0.0	0.0	0.0	0.0	0.0	0.0	0.0	0.0	0.0	0.0	0.0	0.0	0.0	0.0	0.0	0.0	0.0	0.0	0.0	0.0	0.0	0.0	0.0	0.0	0.0	0.0	0.0	0.0	0.0	0.0	0.0	0.0	0.0	0.0	0.0	0.0	0.0	0.0	0.0	0.0	0.0	0.0	0.0	0.0
126_TASK07_CON39_0.0_posneg	posneg	0.0	228380.0	228380.0	228380.0	228380.0	228380.0	228380.0	228380.0	228380.0	228380.0	228380.0	228380.0	228380.0	228380.0	228380.0	228380.0	228380.0	228380.0	228380.0	228380.0	228380.0	228380.0	228380.0	228380.0	228380.0	228380.0	228380.0	228380.0	228380.0	228380.0	228380.0	228380.0	228380.0	228380.0	228380.0	228380.0	228380.0	228380.0	228380.0	228380.0	228380.0	228380.0	228380.0	228380.0	228380.0	228380.0	228380.0	228380.0
126_TASK07_CON39_0.0_pos	pos	0.0	228312.0	228312.0	228312.0	228312.0	228312.0	228312.0	228312.0	228312.0	228312.0	228312.0	228312.0	228312.0	228312.0	228312.0	228312.0	228312.0	228312.0	228312.0	228312.0	228312.0	228312.0	228312.0	228312.0	228312.0	228312.0	228312.0	228312.0	228312.0	228312.0	228312.0	228312.0	228312.0	228312.0	228312.0	228312.0	228312.0	228312.0	228312.0	228312.0	228312.0	228312.0	228312.0	228312.0	228312.0	228312.0	228312.0	228312.0
126_TASK07_CON39_1.0_posneg	posneg	1.0	228273.0	228273.0	228273.0	228273.0	228273.0	228273.0	228273.0	228273.0	228273.0	228273.0	228273.0	228273.0	228273.0	228273.0	228273.0	228273.0	228273.0	228273.0	228273.0	228273.0	228273.0	228273.0	228273.0	228273.0	228273.0	228273.0	228273.0	228273.0	228273.0	228273.0	228273.0	228273.0	228273.0	228273.0	228273.0	228273.0	228273.0	228273.0	228273.0	228273.0	228273.0	228273.0	228273.0	228273.0	228273.0	228273.0	228273.0
126_TASK07_CON39_1.0_pos	pos	1.0	228251.0	228251.0	228251.0	228251.0	228251.0	228251.0	228251.0	228251.0	228251.0	228251.0	228251.0	228251.0	228251.0	228251.0	228251.0	228251.0	228251.0	228251.0	228251.0	228251.0	228251.0	228251.0	228251.0	228251.0	228251.0	228251.0	228251.0	228251.0	228251.0	228251.0	228251.0	228251.0	228251.0	228251.0	228251.0	228251.0	228251.0	228251.0	228251.0	228251.0	228251.0	228251.0	228251.0	228251.0	228251.0	228251.0	228251.0
126_TASK07_CON39_2.0_posneg	posneg	2.0	228241.0	228241.0	228241.0	228241.0	228241.0	228241.0	228241.0	228241.0	228241.0	228241.0	228241.0	228241.0	228241.0	228241.0	228241.0	228241.0	228241.0	228241.0	228241.0	228241.0	228241.0	228241.0	228241.0	228241.0	228241.0	228241.0	228241.0	228241.0	228241.0	228241.0	228241.0	228241.0	228241.0	228241.0	228241.0	228241.0	228241.0	228241.0	228241.0	228241.0	228241.0	228241.0	228241.0	228241.0	228241.0	228241.0	228241.0
126_TASK07_CON39_2.0_pos	pos	2.0	228241.0	228241.0	228241.0	228241.0	228241.0	228241.0	228241.0	228241.0	228241.0	228241.0	228241.0	228241.0	228241.0	228241.0	228241.0	228241.0	228241.0	228241.0	228241.0	228241.0	228241.0	228241.0	228241.0	228241.0	228241.0	228241.0	228241.0	228241.0	228241.0	228241.0	228241.0	228241.0	228241.0	228241.0	228241.0	228241.0	228241.0	228241.0	228241.0	228241.0	228241.0	228241.0	228241.0	228241.0	228241.0	228241.0	228241.0
126_TASK07_CON39_3.0_posneg	posneg	3.0	228241.0	228241.0	228241.0	228241.0	228241.0	228241.0	228241.0	228241.0	228241.0	228241.0	228241.0	228241.0	228241.0	228241.0	228241.0	228241.0	228241.0	228241.0	228241.0	228241.0	228241.0	228241.0	228241.0	228241.0	228241.0	228241.0	228241.0	228241.0	228241.0	228241.0	228241.0	228241.0	228241.0	228241.0	228241.0	228241.0	228241.0	228241.0	228241.0	228241.0	228241.0	228241.0	228241.0	228241.0	228241.0	228241.0	228241.0
126_TASK07_CON39_3.0_pos	pos	3.0	228241.0	228241.0	228241.0	228241.0	228241.0	228241.0	228241.0	228241.0	228241.0	228241.0	228241.0	228241.0	228241.0	228241.0	228241.0	228241.0	228241.0	228241.0	228241.0	228241.0	228241.0	228241.0	228241.0	228241.0	228241.0	228241.0	228241.0	228241.0	228241.0	228241.0	228241.0	228241.0	228241.0	228241.0	228241.0	228241.0	228241.0	228241.0	228241.0	228241.0	228241.0	228241.0	228241.0	228241.0	228241.0	228241.0	228241.0
126_TASK07_CON39_4.0_posneg	posneg	4.0	228241.0	228241.0	228241.0	228241.0	228241.0	228241.0	228241.0	228241.0	228241.0	228241.0	228241.0	228241.0	228241.0	228241.0	228241.0	228241.0	228241.0	228241.0	228241.0	228241.0	228241.0	228241.0	228241.0	228241.0	228241.0	228241.0	228241.0	228241.0	228241.0	228241.0	228241.0	228241.0	228241.0	228241.0	228241.0	228241.0	228241.0	228241.0	228241.0	228241.0	228241.0	228241.0	228241.0	228241.0	228241.0	228241.0	228241.0
126_TASK07_CON39_4.0_pos	pos	4.0	228241.0	228241.0	228241.0	228241.0	228241.0	228241.0	228241.0	228241.0	228241.0	228241.0	228241.0	228241.0	228241.0	228241.0	228241.0	228241.0	228241.0	228241.0	228241.0	228241.0	228241.0	228241.0	228241.0	228241.0	228241.0	228241.0	228241.0	228241.0	228241.0	228241.0	228241.0	228241.0	228241.0	228241.0	228241.0	228241.0	228241.0	228241.0	228241.0	228241.0	228241.0	228241.0	228241.0	228241.0	228241.0	228241.0	228241.0
126_TASK07_CON39_5.0_posneg	posneg	5.0	228241.0	228241.0	228241.0	228241.0	228241.0	228241.0	228241.0	228241.0	228241.0	228241.0	228241.0	228241.0	228241.0	228241.0	228241.0	228241.0	228241.0	228241.0	228241.0	228241.0	228241.0	228241.0	228241.0	228241.0	228241.0	228241.0	228241.0	228241.0	228241.0	228241.0	228241.0	228241.0	228241.0	228241.0	228241.0	228241.0	228241.0	228241.0	228241.0	228241.0	228241.0	228241.0	228241.0	228241.0	228241.0	228241.0	228241.0
126_TASK07_CON39_5.0_pos	pos	5.0	228241.0	228241.0	228241.0	228241.0	228241.0	228241.0	228241.0	228241.0	228241.0	228241.0	228241.0	228241.0	228241.0	228241.0	228241.0	228241.0	228241.0	228241.0	228241.0	228241.0	228241.0	228241.0	228241.0	228241.0	228241.0	228241.0	228241.0	228241.0	228241.0	228241.0	228241.0	228241.0	228241.0	228241.0	228241.0	228241.0	228241.0	228241.0	228241.0	228241.0	228241.0	228241.0	228241.0	228241.0	228241.0	228241.0	228241.0
126_TASK07_CON39_6.0_posneg	posneg	6.0	228241.0	228241.0	228241.0	228241.0	228241.0	228241.0	228241.0	228241.0	228241.0	228241.0	228241.0	228241.0	228241.0	228241.0	228241.0	228241.0	228241.0	228241.0	228241.0	228241.0	228241.0	228241.0	228241.0	228241.0	228241.0	228241.0	228241.0	228241.0	228241.0	228241.0	228241.0	228241.0	228241.0	228241.0	228241.0	228241.0	228241.0	228241.0	228241.0	228241.0	228241.0	228241.0	228241.0	228241.0	228241.0	228241.0	228241.0
126_TASK07_CON39_6.0_pos	pos	6.0	228241.0	228241.0	228241.0	228241.0	228241.0	228241.0	228241.0	228241.0	228241.0	228241.0	228241.0	228241.0	228241.0	228241.0	228241.0	228241.0	228241.0	228241.0	228241.0	228241.0	228241.0	228241.0	228241.0	228241.0	228241.0	228241.0	228241.0	228241.0	228241.0	228241.0	228241.0	228241.0	228241.0	228241.0	228241.0	228241.0	228241.0	228241.0	228241.0	228241.0	228241.0	228241.0	228241.0	228241.0	228241.0	228241.0	228241.0
126_TASK07_CON39_7.0_posneg	posneg	7.0	228241.0	228241.0	228241.0	228241.0	228241.0	228241.0	228241.0	228241.0	228241.0	228241.0	228241.0	228241.0	228241.0	228241.0	228241.0	228241.0	228241.0	228241.0	228241.0	228241.0	228241.0	228241.0	228241.0	228241.0	228241.0	228241.0	228241.0	228241.0	228241.0	228241.0	228241.0	228241.0	228241.0	228241.0	228241.0	228241.0	228241.0	228241.0	228241.0	228241.0	228241.0	228241.0	228241.0	228241.0	228241.0	228241.0	228241.0
126_TASK07_CON39_7.0_pos	pos	7.0	228241.0	228241.0	228241.0	228241.0	228241.0	228241.0	228241.0	228241.0	228241.0	228241.0	228241.0	228241.0	228241.0	228241.0	228241.0	228241.0	228241.0	228241.0	228241.0	228241.0	228241.0	228241.0	228241.0	228241.0	228241.0	228241.0	228241.0	228241.0	228241.0	228241.0	228241.0	228241.0	228241.0	228241.0	228241.0	228241.0	228241.0	228241.0	228241.0	228241.0	228241.0	228241.0	228241.0	228241.0	228241.0	228241.0	228241.0
126_TASK07_CON39_8.0_posneg	posneg	8.0	228241.0	228241.0	228241.0	228241.0	228241.0	228241.0	228241.0	228241.0	228241.0	228241.0	228241.0	228241.0	228241.0	228241.0	228241.0	228241.0	228241.0	228241.0	228241.0	228241.0	228241.0	228241.0	228241.0	228241.0	228241.0	228241.0	228241.0	228241.0	228241.0	228241.0	228241.0	228241.0	228241.0	228241.0	228241.0	228241.0	228241.0	228241.0	228241.0	228241.0	228241.0	228241.0	228241.0	228241.0	228241.0	228241.0	228241.0
126_TASK07_CON39_8.0_pos	pos	8.0	228241.0	228241.0	228241.0	228241.0	228241.0	228241.0	228241.0	228241.0	228241.0	228241.0	228241.0	228241.0	228241.0	228241.0	228241.0	228241.0	228241.0	228241.0	228241.0	228241.0	228241.0	228241.0	228241.0	228241.0	228241.0	228241.0	228241.0	228241.0	228241.0	228241.0	228241.0	228241.0	228241.0	228241.0	228241.0	228241.0	228241.0	228241.0	228241.0	228241.0	228241.0	228241.0	228241.0	228241.0	228241.0	228241.0	228241.0
126_TASK07_CON39_9.0_posneg	posneg	9.0	228241.0	228241.0	228241.0	228241.0	228241.0	228241.0	228241.0	228241.0	228241.0	228241.0	228241.0	228241.0	228241.0	228241.0	228241.0	228241.0	228241.0	228241.0	228241.0	228241.0	228241.0	228241.0	228241.0	228241.0	228241.0	228241.0	228241.0	228241.0	228241.0	228241.0	228241.0	228241.0	228241.0	228241.0	228241.0	228241.0	228241.0	228241.0	228241.0	228241.0	228241.0	228241.0	228241.0	228241.0	228241.0	228241.0	228241.0
126_TASK07_CON39_9.0_pos	pos	9.0	228241.0	228241.0	228241.0	228241.0	228241.0	228241.0	228241.0	228241.0	228241.0	228241.0	228241.0	228241.0	228241.0	228241.0	228241.0	228241.0	228241.0	228241.0	228241.0	228241.0	228241.0	228241.0	228241.0	228241.0	228241.0	228241.0	228241.0	228241.0	228241.0	228241.0	228241.0	228241.0	228241.0	228241.0	228241.0	228241.0	228241.0	228241.0	228241.0	228241.0	228241.0	228241.0	228241.0	228241.0	228241.0	228241.0	228241.0
126_TASK07_CON39_10.0_posneg	posneg	10.0	0.0	0.0	0.0	0.0	0.0	0.0	0.0	0.0	0.0	0.0	0.0	0.0	0.0	0.0	0.0	0.0	0.0	0.0	0.0	0.0	0.0	0.0	0.0	0.0	0.0	0.0	0.0	0.0	0.0	0.0	0.0	0.0	0.0	0.0	0.0	0.0	0.0	0.0	0.0	0.0	0.0	0.0	0.0	0.0	0.0	0.0	0.0
126_TASK07_CON39_10.0_pos	pos	10.0	0.0	0.0	0.0	0.0	0.0	0.0	0.0	0.0	0.0	0.0	0.0	0.0	0.0	0.0	0.0	0.0	0.0	0.0	0.0	0.0	0.0	0.0	0.0	0.0	0.0	0.0	0.0	0.0	0.0	0.0	0.0	0.0	0.0	0.0	0.0	0.0	0.0	0.0	0.0	0.0	0.0	0.0	0.0	0.0	0.0	0.0	0.0
126_TASK07_CON39_11.0_posneg	posneg	11.0	0.0	0.0	0.0	0.0	0.0	0.0	0.0	0.0	0.0	0.0	0.0	0.0	0.0	0.0	0.0	0.0	0.0	0.0	0.0	0.0	0.0	0.0	0.0	0.0	0.0	0.0	0.0	0.0	0.0	0.0	0.0	0.0	0.0	0.0	0.0	0.0	0.0	0.0	0.0	0.0	0.0	0.0	0.0	0.0	0.0	0.0	0.0
126_TASK07_CON39_11.0_pos	pos	11.0	0.0	0.0	0.0	0.0	0.0	0.0	0.0	0.0	0.0	0.0	0.0	0.0	0.0	0.0	0.0	0.0	0.0	0.0	0.0	0.0	0.0	0.0	0.0	0.0	0.0	0.0	0.0	0.0	0.0	0.0	0.0	0.0	0.0	0.0	0.0	0.0	0.0	0.0	0.0	0.0	0.0	0.0	0.0	0.0	0.0	0.0	0.0
126_TASK07_CON39_12.0_posneg	posneg	12.0	0.0	0.0	0.0	0.0	0.0	0.0	0.0	0.0	0.0	0.0	0.0	0.0	0.0	0.0	0.0	0.0	0.0	0.0	0.0	0.0	0.0	0.0	0.0	0.0	0.0	0.0	0.0	0.0	0.0	0.0	0.0	0.0	0.0	0.0	0.0	0.0	0.0	0.0	0.0	0.0	0.0	0.0	0.0	0.0	0.0	0.0	0.0
126_TASK07_CON39_12.0_pos	pos	12.0	0.0	0.0	0.0	0.0	0.0	0.0	0.0	0.0	0.0	0.0	0.0	0.0	0.0	0.0	0.0	0.0	0.0	0.0	0.0	0.0	0.0	0.0	0.0	0.0	0.0	0.0	0.0	0.0	0.0	0.0	0.0	0.0	0.0	0.0	0.0	0.0	0.0	0.0	0.0	0.0	0.0	0.0	0.0	0.0	0.0	0.0	0.0
126_TASK07_CON39_13.0_posneg	posneg	13.0	0.0	0.0	0.0	0.0	0.0	0.0	0.0	0.0	0.0	0.0	0.0	0.0	0.0	0.0	0.0	0.0	0.0	0.0	0.0	0.0	0.0	0.0	0.0	0.0	0.0	0.0	0.0	0.0	0.0	0.0	0.0	0.0	0.0	0.0	0.0	0.0	0.0	0.0	0.0	0.0	0.0	0.0	0.0	0.0	0.0	0.0	0.0
126_TASK07_CON39_13.0_pos	pos	13.0	0.0	0.0	0.0	0.0	0.0	0.0	0.0	0.0	0.0	0.0	0.0	0.0	0.0	0.0	0.0	0.0	0.0	0.0	0.0	0.0	0.0	0.0	0.0	0.0	0.0	0.0	0.0	0.0	0.0	0.0	0.0	0.0	0.0	0.0	0.0	0.0	0.0	0.0	0.0	0.0	0.0	0.0	0.0	0.0	0.0	0.0	0.0
126_TASK07_CON40_0.0_posneg	posneg	0.0	228380.0	228380.0	228380.0	228380.0	228380.0	228380.0	228380.0	228380.0	228380.0	228380.0	228380.0	228380.0	228380.0	228380.0	228380.0	228380.0	228380.0	228380.0	228380.0	228380.0	228380.0	228380.0	228380.0	228380.0	228380.0	228380.0	228380.0	228380.0	228380.0	228380.0	228380.0	228380.0	228380.0	228380.0	228380.0	228380.0	228380.0	228380.0	228380.0	228380.0	228380.0	228380.0	228380.0	228380.0	228380.0	228380.0	228380.0
126_TASK07_CON40_0.0_pos	pos	0.0	228306.0	228306.0	228306.0	228306.0	228306.0	228306.0	228306.0	228306.0	228306.0	228306.0	228306.0	228306.0	228306.0	228306.0	228306.0	228306.0	228306.0	228306.0	228306.0	228306.0	228306.0	228306.0	228306.0	228306.0	228306.0	228306.0	228306.0	228306.0	228306.0	228306.0	228306.0	228306.0	228306.0	228306.0	228306.0	228306.0	228306.0	228306.0	228306.0	228306.0	228306.0	228306.0	228306.0	228306.0	228306.0	228306.0	228306.0
126_TASK07_CON40_1.0_posneg	posneg	1.0	228274.0	228274.0	228274.0	228274.0	228274.0	228274.0	228274.0	228274.0	228274.0	228274.0	228274.0	228274.0	228274.0	228274.0	228274.0	228274.0	228274.0	228274.0	228274.0	228274.0	228274.0	228274.0	228274.0	228274.0	228274.0	228274.0	228274.0	228274.0	228274.0	228274.0	228274.0	228274.0	228274.0	228274.0	228274.0	228274.0	228274.0	228274.0	228274.0	228274.0	228274.0	228274.0	228274.0	228274.0	228274.0	228274.0	228274.0
126_TASK07_CON40_1.0_pos	pos	1.0	228251.0	228251.0	228251.0	228251.0	228251.0	228251.0	228251.0	228251.0	228251.0	228251.0	228251.0	228251.0	228251.0	228251.0	228251.0	228251.0	228251.0	228251.0	228251.0	228251.0	228251.0	228251.0	228251.0	228251.0	228251.0	228251.0	228251.0	228251.0	228251.0	228251.0	228251.0	228251.0	228251.0	228251.0	228251.0	228251.0	228251.0	228251.0	228251.0	228251.0	228251.0	228251.0	228251.0	228251.0	228251.0	228251.0	228251.0
126_TASK07_CON40_2.0_posneg	posneg	2.0	228241.0	228241.0	228241.0	228241.0	228241.0	228241.0	228241.0	228241.0	228241.0	228241.0	228241.0	228241.0	228241.0	228241.0	228241.0	228241.0	228241.0	228241.0	228241.0	228241.0	228241.0	228241.0	228241.0	228241.0	228241.0	228241.0	228241.0	228241.0	228241.0	228241.0	228241.0	228241.0	228241.0	228241.0	228241.0	228241.0	228241.0	228241.0	228241.0	228241.0	228241.0	228241.0	228241.0	228241.0	228241.0	228241.0	228241.0
126_TASK07_CON40_2.0_pos	pos	2.0	228241.0	228241.0	228241.0	228241.0	228241.0	228241.0	228241.0	228241.0	228241.0	228241.0	228241.0	228241.0	228241.0	228241.0	228241.0	228241.0	228241.0	228241.0	228241.0	228241.0	228241.0	228241.0	228241.0	228241.0	228241.0	228241.0	228241.0	228241.0	228241.0	228241.0	228241.0	228241.0	228241.0	228241.0	228241.0	228241.0	228241.0	228241.0	228241.0	228241.0	228241.0	228241.0	228241.0	228241.0	228241.0	228241.0	228241.0
126_TASK07_CON40_3.0_posneg	posneg	3.0	228241.0	228241.0	228241.0	228241.0	228241.0	228241.0	228241.0	228241.0	228241.0	228241.0	228241.0	228241.0	228241.0	228241.0	228241.0	228241.0	228241.0	228241.0	228241.0	228241.0	228241.0	228241.0	228241.0	228241.0	228241.0	228241.0	228241.0	228241.0	228241.0	228241.0	228241.0	228241.0	228241.0	228241.0	228241.0	228241.0	228241.0	228241.0	228241.0	228241.0	228241.0	228241.0	228241.0	228241.0	228241.0	228241.0	228241.0
126_TASK07_CON40_3.0_pos	pos	3.0	228241.0	228241.0	228241.0	228241.0	228241.0	228241.0	228241.0	228241.0	228241.0	228241.0	228241.0	228241.0	228241.0	228241.0	228241.0	228241.0	228241.0	228241.0	228241.0	228241.0	228241.0	228241.0	228241.0	228241.0	228241.0	228241.0	228241.0	228241.0	228241.0	228241.0	228241.0	228241.0	228241.0	228241.0	228241.0	228241.0	228241.0	228241.0	228241.0	228241.0	228241.0	228241.0	228241.0	228241.0	228241.0	228241.0	228241.0
126_TASK07_CON40_4.0_posneg	posneg	4.0	228241.0	228241.0	228241.0	228241.0	228241.0	228241.0	228241.0	228241.0	228241.0	228241.0	228241.0	228241.0	228241.0	228241.0	228241.0	228241.0	228241.0	228241.0	228241.0	228241.0	228241.0	228241.0	228241.0	228241.0	228241.0	228241.0	228241.0	228241.0	228241.0	228241.0	228241.0	228241.0	228241.0	228241.0	228241.0	228241.0	228241.0	228241.0	228241.0	228241.0	228241.0	228241.0	228241.0	228241.0	228241.0	228241.0	228241.0
126_TASK07_CON40_4.0_pos	pos	4.0	228241.0	228241.0	228241.0	228241.0	228241.0	228241.0	228241.0	228241.0	228241.0	228241.0	228241.0	228241.0	228241.0	228241.0	228241.0	228241.0	228241.0	228241.0	228241.0	228241.0	228241.0	228241.0	228241.0	228241.0	228241.0	228241.0	228241.0	228241.0	228241.0	228241.0	228241.0	228241.0	228241.0	228241.0	228241.0	228241.0	228241.0	228241.0	228241.0	228241.0	228241.0	228241.0	228241.0	228241.0	228241.0	228241.0	228241.0
126_TASK07_CON40_5.0_posneg	posneg	5.0	228241.0	228241.0	228241.0	228241.0	228241.0	228241.0	228241.0	228241.0	228241.0	228241.0	228241.0	228241.0	228241.0	228241.0	228241.0	228241.0	228241.0	228241.0	228241.0	228241.0	228241.0	228241.0	228241.0	228241.0	228241.0	228241.0	228241.0	228241.0	228241.0	228241.0	228241.0	228241.0	228241.0	228241.0	228241.0	228241.0	228241.0	228241.0	228241.0	228241.0	228241.0	228241.0	228241.0	228241.0	228241.0	228241.0	228241.0
126_TASK07_CON40_5.0_pos	pos	5.0	228241.0	228241.0	228241.0	228241.0	228241.0	228241.0	228241.0	228241.0	228241.0	228241.0	228241.0	228241.0	228241.0	228241.0	228241.0	228241.0	228241.0	228241.0	228241.0	228241.0	228241.0	228241.0	228241.0	228241.0	228241.0	228241.0	228241.0	228241.0	228241.0	228241.0	228241.0	228241.0	228241.0	228241.0	228241.0	228241.0	228241.0	228241.0	228241.0	228241.0	228241.0	228241.0	228241.0	228241.0	228241.0	228241.0	228241.0
126_TASK07_CON40_6.0_posneg	posneg	6.0	228241.0	228241.0	228241.0	228241.0	228241.0	228241.0	228241.0	228241.0	228241.0	228241.0	228241.0	228241.0	228241.0	228241.0	228241.0	228241.0	228241.0	228241.0	228241.0	228241.0	228241.0	228241.0	228241.0	228241.0	228241.0	228241.0	228241.0	228241.0	228241.0	228241.0	228241.0	228241.0	228241.0	228241.0	228241.0	228241.0	228241.0	228241.0	228241.0	228241.0	228241.0	228241.0	228241.0	228241.0	228241.0	228241.0	228241.0
126_TASK07_CON40_6.0_pos	pos	6.0	228241.0	228241.0	228241.0	228241.0	228241.0	228241.0	228241.0	228241.0	228241.0	228241.0	228241.0	228241.0	228241.0	228241.0	228241.0	228241.0	228241.0	228241.0	228241.0	228241.0	228241.0	228241.0	228241.0	228241.0	228241.0	228241.0	228241.0	228241.0	228241.0	228241.0	228241.0	228241.0	228241.0	228241.0	228241.0	228241.0	228241.0	228241.0	228241.0	228241.0	228241.0	228241.0	228241.0	228241.0	228241.0	228241.0	228241.0
126_TASK07_CON40_7.0_posneg	posneg	7.0	228241.0	228241.0	228241.0	228241.0	228241.0	228241.0	228241.0	228241.0	228241.0	228241.0	228241.0	228241.0	228241.0	228241.0	228241.0	228241.0	228241.0	228241.0	228241.0	228241.0	228241.0	228241.0	228241.0	228241.0	228241.0	228241.0	228241.0	228241.0	228241.0	228241.0	228241.0	228241.0	228241.0	228241.0	228241.0	228241.0	228241.0	228241.0	228241.0	228241.0	228241.0	228241.0	228241.0	228241.0	228241.0	228241.0	228241.0
126_TASK07_CON40_7.0_pos	pos	7.0	228241.0	228241.0	228241.0	228241.0	228241.0	228241.0	228241.0	228241.0	228241.0	228241.0	228241.0	228241.0	228241.0	228241.0	228241.0	228241.0	228241.0	228241.0	228241.0	228241.0	228241.0	228241.0	228241.0	228241.0	228241.0	228241.0	228241.0	228241.0	228241.0	228241.0	228241.0	228241.0	228241.0	228241.0	228241.0	228241.0	228241.0	228241.0	228241.0	228241.0	228241.0	228241.0	228241.0	228241.0	228241.0	228241.0	228241.0
126_TASK07_CON40_8.0_posneg	posneg	8.0	228241.0	228241.0	228241.0	228241.0	228241.0	228241.0	228241.0	228241.0	228241.0	228241.0	228241.0	228241.0	228241.0	228241.0	228241.0	228241.0	228241.0	228241.0	228241.0	228241.0	228241.0	228241.0	228241.0	228241.0	228241.0	228241.0	228241.0	228241.0	228241.0	228241.0	228241.0	228241.0	228241.0	228241.0	228241.0	228241.0	228241.0	228241.0	228241.0	228241.0	228241.0	228241.0	228241.0	228241.0	228241.0	228241.0	228241.0
126_TASK07_CON40_8.0_pos	pos	8.0	228241.0	228241.0	228241.0	228241.0	228241.0	228241.0	228241.0	228241.0	228241.0	228241.0	228241.0	228241.0	228241.0	228241.0	228241.0	228241.0	228241.0	228241.0	228241.0	228241.0	228241.0	228241.0	228241.0	228241.0	228241.0	228241.0	228241.0	228241.0	228241.0	228241.0	228241.0	228241.0	228241.0	228241.0	228241.0	228241.0	228241.0	228241.0	228241.0	228241.0	228241.0	228241.0	228241.0	228241.0	228241.0	228241.0	228241.0
126_TASK07_CON40_9.0_posneg	posneg	9.0	228241.0	228241.0	228241.0	228241.0	228241.0	228241.0	228241.0	228241.0	228241.0	228241.0	228241.0	228241.0	228241.0	228241.0	228241.0	228241.0	228241.0	228241.0	228241.0	228241.0	228241.0	228241.0	228241.0	228241.0	228241.0	228241.0	228241.0	228241.0	228241.0	228241.0	228241.0	228241.0	228241.0	228241.0	228241.0	228241.0	228241.0	228241.0	228241.0	228241.0	228241.0	228241.0	228241.0	228241.0	228241.0	228241.0	228241.0
126_TASK07_CON40_9.0_pos	pos	9.0	228241.0	228241.0	228241.0	228241.0	228241.0	228241.0	228241.0	228241.0	228241.0	228241.0	228241.0	228241.0	228241.0	228241.0	228241.0	228241.0	228241.0	228241.0	228241.0	228241.0	228241.0	228241.0	228241.0	228241.0	228241.0	228241.0	228241.0	228241.0	228241.0	228241.0	228241.0	228241.0	228241.0	228241.0	228241.0	228241.0	228241.0	228241.0	228241.0	228241.0	228241.0	228241.0	228241.0	228241.0	228241.0	228241.0	228241.0
126_TASK07_CON40_10.0_posneg	posneg	10.0	0.0	0.0	0.0	0.0	0.0	0.0	0.0	0.0	0.0	0.0	0.0	0.0	0.0	0.0	0.0	0.0	0.0	0.0	0.0	0.0	0.0	0.0	0.0	0.0	0.0	0.0	0.0	0.0	0.0	0.0	0.0	0.0	0.0	0.0	0.0	0.0	0.0	0.0	0.0	0.0	0.0	0.0	0.0	0.0	0.0	0.0	0.0
126_TASK07_CON40_10.0_pos	pos	10.0	0.0	0.0	0.0	0.0	0.0	0.0	0.0	0.0	0.0	0.0	0.0	0.0	0.0	0.0	0.0	0.0	0.0	0.0	0.0	0.0	0.0	0.0	0.0	0.0	0.0	0.0	0.0	0.0	0.0	0.0	0.0	0.0	0.0	0.0	0.0	0.0	0.0	0.0	0.0	0.0	0.0	0.0	0.0	0.0	0.0	0.0	0.0
126_TASK07_CON40_11.0_posneg	posneg	11.0	0.0	0.0	0.0	0.0	0.0	0.0	0.0	0.0	0.0	0.0	0.0	0.0	0.0	0.0	0.0	0.0	0.0	0.0	0.0	0.0	0.0	0.0	0.0	0.0	0.0	0.0	0.0	0.0	0.0	0.0	0.0	0.0	0.0	0.0	0.0	0.0	0.0	0.0	0.0	0.0	0.0	0.0	0.0	0.0	0.0	0.0	0.0
126_TASK07_CON40_11.0_pos	pos	11.0	0.0	0.0	0.0	0.0	0.0	0.0	0.0	0.0	0.0	0.0	0.0	0.0	0.0	0.0	0.0	0.0	0.0	0.0	0.0	0.0	0.0	0.0	0.0	0.0	0.0	0.0	0.0	0.0	0.0	0.0	0.0	0.0	0.0	0.0	0.0	0.0	0.0	0.0	0.0	0.0	0.0	0.0	0.0	0.0	0.0	0.0	0.0
126_TASK07_CON40_12.0_posneg	posneg	12.0	0.0	0.0	0.0	0.0	0.0	0.0	0.0	0.0	0.0	0.0	0.0	0.0	0.0	0.0	0.0	0.0	0.0	0.0	0.0	0.0	0.0	0.0	0.0	0.0	0.0	0.0	0.0	0.0	0.0	0.0	0.0	0.0	0.0	0.0	0.0	0.0	0.0	0.0	0.0	0.0	0.0	0.0	0.0	0.0	0.0	0.0	0.0
126_TASK07_CON40_12.0_pos	pos	12.0	0.0	0.0	0.0	0.0	0.0	0.0	0.0	0.0	0.0	0.0	0.0	0.0	0.0	0.0	0.0	0.0	0.0	0.0	0.0	0.0	0.0	0.0	0.0	0.0	0.0	0.0	0.0	0.0	0.0	0.0	0.0	0.0	0.0	0.0	0.0	0.0	0.0	0.0	0.0	0.0	0.0	0.0	0.0	0.0	0.0	0.0	0.0
126_TASK07_CON40_13.0_posneg	posneg	13.0	0.0	0.0	0.0	0.0	0.0	0.0	0.0	0.0	0.0	0.0	0.0	0.0	0.0	0.0	0.0	0.0	0.0	0.0	0.0	0.0	0.0	0.0	0.0	0.0	0.0	0.0	0.0	0.0	0.0	0.0	0.0	0.0	0.0	0.0	0.0	0.0	0.0	0.0	0.0	0.0	0.0	0.0	0.0	0.0	0.0	0.0	0.0
126_TASK07_CON40_13.0_pos	pos	13.0	0.0	0.0	0.0	0.0	0.0	0.0	0.0	0.0	0.0	0.0	0.0	0.0	0.0	0.0	0.0	0.0	0.0	0.0	0.0	0.0	0.0	0.0	0.0	0.0	0.0	0.0	0.0	0.0	0.0	0.0	0.0	0.0	0.0	0.0	0.0	0.0	0.0	0.0	0.0	0.0	0.0	0.0	0.0	0.0	0.0	0.0	0.0
126_TASK07_CON41_0.0_posneg	posneg	0.0	228380.0	228380.0	228380.0	228380.0	228380.0	228380.0	228380.0	228380.0	228380.0	228380.0	228380.0	228380.0	228380.0	228380.0	228380.0	228380.0	228380.0	228380.0	228380.0	228380.0	228380.0	228380.0	228380.0	228380.0	228380.0	228380.0	228380.0	228380.0	228380.0	228380.0	228380.0	228380.0	228380.0	228380.0	228380.0	228380.0	228380.0	228380.0	228380.0	228380.0	228380.0	228380.0	228380.0	228380.0	228380.0	228380.0	228380.0
126_TASK07_CON41_0.0_pos	pos	0.0	228321.0	228321.0	228321.0	228321.0	228321.0	228321.0	228321.0	228321.0	228321.0	228321.0	228321.0	228321.0	228321.0	228321.0	228321.0	228321.0	228321.0	228321.0	228321.0	228321.0	228321.0	228321.0	228321.0	228321.0	228321.0	228321.0	228321.0	228321.0	228321.0	228321.0	228321.0	228321.0	228321.0	228321.0	228321.0	228321.0	228321.0	228321.0	228321.0	228321.0	228321.0	228321.0	228321.0	228321.0	228321.0	228321.0	228321.0
126_TASK07_CON41_1.0_posneg	posneg	1.0	228276.0	228276.0	228276.0	228276.0	228276.0	228276.0	228276.0	228276.0	228276.0	228276.0	228276.0	228276.0	228276.0	228276.0	228276.0	228276.0	228276.0	228276.0	228276.0	228276.0	228276.0	228276.0	228276.0	228276.0	228276.0	228276.0	228276.0	228276.0	228276.0	228276.0	228276.0	228276.0	228276.0	228276.0	228276.0	228276.0	228276.0	228276.0	228276.0	228276.0	228276.0	228276.0	228276.0	228276.0	228276.0	228276.0	228276.0
126_TASK07_CON41_1.0_pos	pos	1.0	228263.0	228263.0	228263.0	228263.0	228263.0	228263.0	228263.0	228263.0	228263.0	228263.0	228263.0	228263.0	228263.0	228263.0	228263.0	228263.0	228263.0	228263.0	228263.0	228263.0	228263.0	228263.0	228263.0	228263.0	228263.0	228263.0	228263.0	228263.0	228263.0	228263.0	228263.0	228263.0	228263.0	228263.0	228263.0	228263.0	228263.0	228263.0	228263.0	228263.0	228263.0	228263.0	228263.0	228263.0	228263.0	228263.0	228263.0
126_TASK07_CON41_2.0_posneg	posneg	2.0	228241.0	228241.0	228241.0	228241.0	228241.0	228241.0	228241.0	228241.0	228241.0	228241.0	228241.0	228241.0	228241.0	228241.0	228241.0	228241.0	228241.0	228241.0	228241.0	228241.0	228241.0	228241.0	228241.0	228241.0	228241.0	228241.0	228241.0	228241.0	228241.0	228241.0	228241.0	228241.0	228241.0	228241.0	228241.0	228241.0	228241.0	228241.0	228241.0	228241.0	228241.0	228241.0	228241.0	228241.0	228241.0	228241.0	228241.0
126_TASK07_CON41_2.0_pos	pos	2.0	228241.0	228241.0	228241.0	228241.0	228241.0	228241.0	228241.0	228241.0	228241.0	228241.0	228241.0	228241.0	228241.0	228241.0	228241.0	228241.0	228241.0	228241.0	228241.0	228241.0	228241.0	228241.0	228241.0	228241.0	228241.0	228241.0	228241.0	228241.0	228241.0	228241.0	228241.0	228241.0	228241.0	228241.0	228241.0	228241.0	228241.0	228241.0	228241.0	228241.0	228241.0	228241.0	228241.0	228241.0	228241.0	228241.0	228241.0
126_TASK07_CON41_3.0_posneg	posneg	3.0	228241.0	228241.0	228241.0	228241.0	228241.0	228241.0	228241.0	228241.0	228241.0	228241.0	228241.0	228241.0	228241.0	228241.0	228241.0	228241.0	228241.0	228241.0	228241.0	228241.0	228241.0	228241.0	228241.0	228241.0	228241.0	228241.0	228241.0	228241.0	228241.0	228241.0	228241.0	228241.0	228241.0	228241.0	228241.0	228241.0	228241.0	228241.0	228241.0	228241.0	228241.0	228241.0	228241.0	228241.0	228241.0	228241.0	228241.0
126_TASK07_CON41_3.0_pos	pos	3.0	228241.0	228241.0	228241.0	228241.0	228241.0	228241.0	228241.0	228241.0	228241.0	228241.0	228241.0	228241.0	228241.0	228241.0	228241.0	228241.0	228241.0	228241.0	228241.0	228241.0	228241.0	228241.0	228241.0	228241.0	228241.0	228241.0	228241.0	228241.0	228241.0	228241.0	228241.0	228241.0	228241.0	228241.0	228241.0	228241.0	228241.0	228241.0	228241.0	228241.0	228241.0	228241.0	228241.0	228241.0	228241.0	228241.0	228241.0
126_TASK07_CON41_4.0_posneg	posneg	4.0	228241.0	228241.0	228241.0	228241.0	228241.0	228241.0	228241.0	228241.0	228241.0	228241.0	228241.0	228241.0	228241.0	228241.0	228241.0	228241.0	228241.0	228241.0	228241.0	228241.0	228241.0	228241.0	228241.0	228241.0	228241.0	228241.0	228241.0	228241.0	228241.0	228241.0	228241.0	228241.0	228241.0	228241.0	228241.0	228241.0	228241.0	228241.0	228241.0	228241.0	228241.0	228241.0	228241.0	228241.0	228241.0	228241.0	228241.0
126_TASK07_CON41_4.0_pos	pos	4.0	228241.0	228241.0	228241.0	228241.0	228241.0	228241.0	228241.0	228241.0	228241.0	228241.0	228241.0	228241.0	228241.0	228241.0	228241.0	228241.0	228241.0	228241.0	228241.0	228241.0	228241.0	228241.0	228241.0	228241.0	228241.0	228241.0	228241.0	228241.0	228241.0	228241.0	228241.0	228241.0	228241.0	228241.0	228241.0	228241.0	228241.0	228241.0	228241.0	228241.0	228241.0	228241.0	228241.0	228241.0	228241.0	228241.0	228241.0
126_TASK07_CON41_5.0_posneg	posneg	5.0	228241.0	228241.0	228241.0	228241.0	228241.0	228241.0	228241.0	228241.0	228241.0	228241.0	228241.0	228241.0	228241.0	228241.0	228241.0	228241.0	228241.0	228241.0	228241.0	228241.0	228241.0	228241.0	228241.0	228241.0	228241.0	228241.0	228241.0	228241.0	228241.0	228241.0	228241.0	228241.0	228241.0	228241.0	228241.0	228241.0	228241.0	228241.0	228241.0	228241.0	228241.0	228241.0	228241.0	228241.0	228241.0	228241.0	228241.0
126_TASK07_CON41_5.0_pos	pos	5.0	228241.0	228241.0	228241.0	228241.0	228241.0	228241.0	228241.0	228241.0	228241.0	228241.0	228241.0	228241.0	228241.0	228241.0	228241.0	228241.0	228241.0	228241.0	228241.0	228241.0	228241.0	228241.0	228241.0	228241.0	228241.0	228241.0	228241.0	228241.0	228241.0	228241.0	228241.0	228241.0	228241.0	228241.0	228241.0	228241.0	228241.0	228241.0	228241.0	228241.0	228241.0	228241.0	228241.0	228241.0	228241.0	228241.0	228241.0
126_TASK07_CON41_6.0_posneg	posneg	6.0	228241.0	228241.0	228241.0	228241.0	228241.0	228241.0	228241.0	228241.0	228241.0	228241.0	228241.0	228241.0	228241.0	228241.0	228241.0	228241.0	228241.0	228241.0	228241.0	228241.0	228241.0	228241.0	228241.0	228241.0	228241.0	228241.0	228241.0	228241.0	228241.0	228241.0	228241.0	228241.0	228241.0	228241.0	228241.0	228241.0	228241.0	228241.0	228241.0	228241.0	228241.0	228241.0	228241.0	228241.0	228241.0	228241.0	228241.0
126_TASK07_CON41_6.0_pos	pos	6.0	228241.0	228241.0	228241.0	228241.0	228241.0	228241.0	228241.0	228241.0	228241.0	228241.0	228241.0	228241.0	228241.0	228241.0	228241.0	228241.0	228241.0	228241.0	228241.0	228241.0	228241.0	228241.0	228241.0	228241.0	228241.0	228241.0	228241.0	228241.0	228241.0	228241.0	228241.0	228241.0	228241.0	228241.0	228241.0	228241.0	228241.0	228241.0	228241.0	228241.0	228241.0	228241.0	228241.0	228241.0	228241.0	228241.0	228241.0
126_TASK07_CON41_7.0_posneg	posneg	7.0	228241.0	228241.0	228241.0	228241.0	228241.0	228241.0	228241.0	228241.0	228241.0	228241.0	228241.0	228241.0	228241.0	228241.0	228241.0	228241.0	228241.0	228241.0	228241.0	228241.0	228241.0	228241.0	228241.0	228241.0	228241.0	228241.0	228241.0	228241.0	228241.0	228241.0	228241.0	228241.0	228241.0	228241.0	228241.0	228241.0	228241.0	228241.0	228241.0	228241.0	228241.0	228241.0	228241.0	228241.0	228241.0	228241.0	228241.0
126_TASK07_CON41_7.0_pos	pos	7.0	228241.0	228241.0	228241.0	228241.0	228241.0	228241.0	228241.0	228241.0	228241.0	228241.0	228241.0	228241.0	228241.0	228241.0	228241.0	228241.0	228241.0	228241.0	228241.0	228241.0	228241.0	228241.0	228241.0	228241.0	228241.0	228241.0	228241.0	228241.0	228241.0	228241.0	228241.0	228241.0	228241.0	228241.0	228241.0	228241.0	228241.0	228241.0	228241.0	228241.0	228241.0	228241.0	228241.0	228241.0	228241.0	228241.0	228241.0
126_TASK07_CON41_8.0_posneg	posneg	8.0	0.0	0.0	0.0	0.0	0.0	0.0	0.0	0.0	0.0	0.0	0.0	0.0	0.0	0.0	0.0	0.0	0.0	0.0	0.0	0.0	0.0	0.0	0.0	0.0	0.0	0.0	0.0	0.0	0.0	0.0	0.0	0.0	0.0	0.0	0.0	0.0	0.0	0.0	0.0	0.0	0.0	0.0	0.0	0.0	0.0	0.0	0.0
126_TASK07_CON41_8.0_pos	pos	8.0	0.0	0.0	0.0	0.0	0.0	0.0	0.0	0.0	0.0	0.0	0.0	0.0	0.0	0.0	0.0	0.0	0.0	0.0	0.0	0.0	0.0	0.0	0.0	0.0	0.0	0.0	0.0	0.0	0.0	0.0	0.0	0.0	0.0	0.0	0.0	0.0	0.0	0.0	0.0	0.0	0.0	0.0	0.0	0.0	0.0	0.0	0.0
126_TASK07_CON41_9.0_posneg	posneg	9.0	0.0	0.0	0.0	0.0	0.0	0.0	0.0	0.0	0.0	0.0	0.0	0.0	0.0	0.0	0.0	0.0	0.0	0.0	0.0	0.0	0.0	0.0	0.0	0.0	0.0	0.0	0.0	0.0	0.0	0.0	0.0	0.0	0.0	0.0	0.0	0.0	0.0	0.0	0.0	0.0	0.0	0.0	0.0	0.0	0.0	0.0	0.0
126_TASK07_CON41_9.0_pos	pos	9.0	0.0	0.0	0.0	0.0	0.0	0.0	0.0	0.0	0.0	0.0	0.0	0.0	0.0	0.0	0.0	0.0	0.0	0.0	0.0	0.0	0.0	0.0	0.0	0.0	0.0	0.0	0.0	0.0	0.0	0.0	0.0	0.0	0.0	0.0	0.0	0.0	0.0	0.0	0.0	0.0	0.0	0.0	0.0	0.0	0.0	0.0	0.0
126_TASK07_CON41_10.0_posneg	posneg	10.0	0.0	0.0	0.0	0.0	0.0	0.0	0.0	0.0	0.0	0.0	0.0	0.0	0.0	0.0	0.0	0.0	0.0	0.0	0.0	0.0	0.0	0.0	0.0	0.0	0.0	0.0	0.0	0.0	0.0	0.0	0.0	0.0	0.0	0.0	0.0	0.0	0.0	0.0	0.0	0.0	0.0	0.0	0.0	0.0	0.0	0.0	0.0
126_TASK07_CON41_10.0_pos	pos	10.0	0.0	0.0	0.0	0.0	0.0	0.0	0.0	0.0	0.0	0.0	0.0	0.0	0.0	0.0	0.0	0.0	0.0	0.0	0.0	0.0	0.0	0.0	0.0	0.0	0.0	0.0	0.0	0.0	0.0	0.0	0.0	0.0	0.0	0.0	0.0	0.0	0.0	0.0	0.0	0.0	0.0	0.0	0.0	0.0	0.0	0.0	0.0
126_TASK07_CON41_11.0_posneg	posneg	11.0	0.0	0.0	0.0	0.0	0.0	0.0	0.0	0.0	0.0	0.0	0.0	0.0	0.0	0.0	0.0	0.0	0.0	0.0	0.0	0.0	0.0	0.0	0.0	0.0	0.0	0.0	0.0	0.0	0.0	0.0	0.0	0.0	0.0	0.0	0.0	0.0	0.0	0.0	0.0	0.0	0.0	0.0	0.0	0.0	0.0	0.0	0.0
126_TASK07_CON41_11.0_pos	pos	11.0	0.0	0.0	0.0	0.0	0.0	0.0	0.0	0.0	0.0	0.0	0.0	0.0	0.0	0.0	0.0	0.0	0.0	0.0	0.0	0.0	0.0	0.0	0.0	0.0	0.0	0.0	0.0	0.0	0.0	0.0	0.0	0.0	0.0	0.0	0.0	0.0	0.0	0.0	0.0	0.0	0.0	0.0	0.0	0.0	0.0	0.0	0.0
126_TASK07_CON41_12.0_posneg	posneg	12.0	0.0	0.0	0.0	0.0	0.0	0.0	0.0	0.0	0.0	0.0	0.0	0.0	0.0	0.0	0.0	0.0	0.0	0.0	0.0	0.0	0.0	0.0	0.0	0.0	0.0	0.0	0.0	0.0	0.0	0.0	0.0	0.0	0.0	0.0	0.0	0.0	0.0	0.0	0.0	0.0	0.0	0.0	0.0	0.0	0.0	0.0	0.0
126_TASK07_CON41_12.0_pos	pos	12.0	0.0	0.0	0.0	0.0	0.0	0.0	0.0	0.0	0.0	0.0	0.0	0.0	0.0	0.0	0.0	0.0	0.0	0.0	0.0	0.0	0.0	0.0	0.0	0.0	0.0	0.0	0.0	0.0	0.0	0.0	0.0	0.0	0.0	0.0	0.0	0.0	0.0	0.0	0.0	0.0	0.0	0.0	0.0	0.0	0.0	0.0	0.0
126_TASK07_CON41_13.0_posneg	posneg	13.0	0.0	0.0	0.0	0.0	0.0	0.0	0.0	0.0	0.0	0.0	0.0	0.0	0.0	0.0	0.0	0.0	0.0	0.0	0.0	0.0	0.0	0.0	0.0	0.0	0.0	0.0	0.0	0.0	0.0	0.0	0.0	0.0	0.0	0.0	0.0	0.0	0.0	0.0	0.0	0.0	0.0	0.0	0.0	0.0	0.0	0.0	0.0
126_TASK07_CON41_13.0_pos	pos	13.0	0.0	0.0	0.0	0.0	0.0	0.0	0.0	0.0	0.0	0.0	0.0	0.0	0.0	0.0	0.0	0.0	0.0	0.0	0.0	0.0	0.0	0.0	0.0	0.0	0.0	0.0	0.0	0.0	0.0	0.0	0.0	0.0	0.0	0.0	0.0	0.0	0.0	0.0	0.0	0.0	0.0	0.0	0.0	0.0	0.0	0.0	0.0
126_TASK07_CON45_0.0_posneg	posneg	0.0	228380.0	228380.0	228380.0	228380.0	228380.0	228380.0	228380.0	228380.0	228380.0	228380.0	228380.0	228380.0	228380.0	228380.0	228380.0	228380.0	228380.0	228380.0	228380.0	228380.0	228380.0	228380.0	228380.0	228380.0	228380.0	228380.0	228380.0	228380.0	228380.0	228380.0	228380.0	228380.0	228380.0	228380.0	228380.0	228380.0	228380.0	228380.0	228380.0	228380.0	228380.0	228380.0	228380.0	228380.0	228380.0	228380.0	228380.0
126_TASK07_CON45_0.0_pos	pos	0.0	228319.0	228319.0	228319.0	228319.0	228319.0	228319.0	228319.0	228319.0	228319.0	228319.0	228319.0	228319.0	228319.0	228319.0	228319.0	228319.0	228319.0	228319.0	228319.0	228319.0	228319.0	228319.0	228319.0	228319.0	228319.0	228319.0	228319.0	228319.0	228319.0	228319.0	228319.0	228319.0	228319.0	228319.0	228319.0	228319.0	228319.0	228319.0	228319.0	228319.0	228319.0	228319.0	228319.0	228319.0	228319.0	228319.0	228319.0
126_TASK07_CON45_1.0_posneg	posneg	1.0	228269.0	228269.0	228269.0	228269.0	228269.0	228269.0	228269.0	228269.0	228269.0	228269.0	228269.0	228269.0	228269.0	228269.0	228269.0	228269.0	228269.0	228269.0	228269.0	228269.0	228269.0	228269.0	228269.0	228269.0	228269.0	228269.0	228269.0	228269.0	228269.0	228269.0	228269.0	228269.0	228269.0	228269.0	228269.0	228269.0	228269.0	228269.0	228269.0	228269.0	228269.0	228269.0	228269.0	228269.0	228269.0	228269.0	228269.0
126_TASK07_CON45_1.0_pos	pos	1.0	228246.0	228246.0	228246.0	228246.0	228246.0	228246.0	228246.0	228246.0	228246.0	228246.0	228246.0	228246.0	228246.0	228246.0	228246.0	228246.0	228246.0	228246.0	228246.0	228246.0	228246.0	228246.0	228246.0	228246.0	228246.0	228246.0	228246.0	228246.0	228246.0	228246.0	228246.0	228246.0	228246.0	228246.0	228246.0	228246.0	228246.0	228246.0	228246.0	228246.0	228246.0	228246.0	228246.0	228246.0	228246.0	228246.0	228246.0
126_TASK07_CON45_2.0_posneg	posneg	2.0	228241.0	228241.0	228241.0	228241.0	228241.0	228241.0	228241.0	228241.0	228241.0	228241.0	228241.0	228241.0	228241.0	228241.0	228241.0	228241.0	228241.0	228241.0	228241.0	228241.0	228241.0	228241.0	228241.0	228241.0	228241.0	228241.0	228241.0	228241.0	228241.0	228241.0	228241.0	228241.0	228241.0	228241.0	228241.0	228241.0	228241.0	228241.0	228241.0	228241.0	228241.0	228241.0	228241.0	228241.0	228241.0	228241.0	228241.0
126_TASK07_CON45_2.0_pos	pos	2.0	228241.0	228241.0	228241.0	228241.0	228241.0	228241.0	228241.0	228241.0	228241.0	228241.0	228241.0	228241.0	228241.0	228241.0	228241.0	228241.0	228241.0	228241.0	228241.0	228241.0	228241.0	228241.0	228241.0	228241.0	228241.0	228241.0	228241.0	228241.0	228241.0	228241.0	228241.0	228241.0	228241.0	228241.0	228241.0	228241.0	228241.0	228241.0	228241.0	228241.0	228241.0	228241.0	228241.0	228241.0	228241.0	228241.0	228241.0
126_TASK07_CON45_3.0_posneg	posneg	3.0	228241.0	228241.0	228241.0	228241.0	228241.0	228241.0	228241.0	228241.0	228241.0	228241.0	228241.0	228241.0	228241.0	228241.0	228241.0	228241.0	228241.0	228241.0	228241.0	228241.0	228241.0	228241.0	228241.0	228241.0	228241.0	228241.0	228241.0	228241.0	228241.0	228241.0	228241.0	228241.0	228241.0	228241.0	228241.0	228241.0	228241.0	228241.0	228241.0	228241.0	228241.0	228241.0	228241.0	228241.0	228241.0	228241.0	228241.0
126_TASK07_CON45_3.0_pos	pos	3.0	228241.0	228241.0	228241.0	228241.0	228241.0	228241.0	228241.0	228241.0	228241.0	228241.0	228241.0	228241.0	228241.0	228241.0	228241.0	228241.0	228241.0	228241.0	228241.0	228241.0	228241.0	228241.0	228241.0	228241.0	228241.0	228241.0	228241.0	228241.0	228241.0	228241.0	228241.0	228241.0	228241.0	228241.0	228241.0	228241.0	228241.0	228241.0	228241.0	228241.0	228241.0	228241.0	228241.0	228241.0	228241.0	228241.0	228241.0
126_TASK07_CON45_4.0_posneg	posneg	4.0	228241.0	228241.0	228241.0	228241.0	228241.0	228241.0	228241.0	228241.0	228241.0	228241.0	228241.0	228241.0	228241.0	228241.0	228241.0	228241.0	228241.0	228241.0	228241.0	228241.0	228241.0	228241.0	228241.0	228241.0	228241.0	228241.0	228241.0	228241.0	228241.0	228241.0	228241.0	228241.0	228241.0	228241.0	228241.0	228241.0	228241.0	228241.0	228241.0	228241.0	228241.0	228241.0	228241.0	228241.0	228241.0	228241.0	228241.0
126_TASK07_CON45_4.0_pos	pos	4.0	228241.0	228241.0	228241.0	228241.0	228241.0	228241.0	228241.0	228241.0	228241.0	228241.0	228241.0	228241.0	228241.0	228241.0	228241.0	228241.0	228241.0	228241.0	228241.0	228241.0	228241.0	228241.0	228241.0	228241.0	228241.0	228241.0	228241.0	228241.0	228241.0	228241.0	228241.0	228241.0	228241.0	228241.0	228241.0	228241.0	228241.0	228241.0	228241.0	228241.0	228241.0	228241.0	228241.0	228241.0	228241.0	228241.0	228241.0
126_TASK07_CON45_5.0_posneg	posneg	5.0	228241.0	228241.0	228241.0	228241.0	228241.0	228241.0	228241.0	228241.0	228241.0	228241.0	228241.0	228241.0	228241.0	228241.0	228241.0	228241.0	228241.0	228241.0	228241.0	228241.0	228241.0	228241.0	228241.0	228241.0	228241.0	228241.0	228241.0	228241.0	228241.0	228241.0	228241.0	228241.0	228241.0	228241.0	228241.0	228241.0	228241.0	228241.0	228241.0	228241.0	228241.0	228241.0	228241.0	228241.0	228241.0	228241.0	228241.0
126_TASK07_CON45_5.0_pos	pos	5.0	228241.0	228241.0	228241.0	228241.0	228241.0	228241.0	228241.0	228241.0	228241.0	228241.0	228241.0	228241.0	228241.0	228241.0	228241.0	228241.0	228241.0	228241.0	228241.0	228241.0	228241.0	228241.0	228241.0	228241.0	228241.0	228241.0	228241.0	228241.0	228241.0	228241.0	228241.0	228241.0	228241.0	228241.0	228241.0	228241.0	228241.0	228241.0	228241.0	228241.0	228241.0	228241.0	228241.0	228241.0	228241.0	228241.0	228241.0
126_TASK07_CON45_6.0_posneg	posneg	6.0	228241.0	228241.0	228241.0	228241.0	228241.0	228241.0	228241.0	228241.0	228241.0	228241.0	228241.0	228241.0	228241.0	228241.0	228241.0	228241.0	228241.0	228241.0	228241.0	228241.0	228241.0	228241.0	228241.0	228241.0	228241.0	228241.0	228241.0	228241.0	228241.0	228241.0	228241.0	228241.0	228241.0	228241.0	228241.0	228241.0	228241.0	228241.0	228241.0	228241.0	228241.0	228241.0	228241.0	228241.0	228241.0	228241.0	228241.0
126_TASK07_CON45_6.0_pos	pos	6.0	228241.0	228241.0	228241.0	228241.0	228241.0	228241.0	228241.0	228241.0	228241.0	228241.0	228241.0	228241.0	228241.0	228241.0	228241.0	228241.0	228241.0	228241.0	228241.0	228241.0	228241.0	228241.0	228241.0	228241.0	228241.0	228241.0	228241.0	228241.0	228241.0	228241.0	228241.0	228241.0	228241.0	228241.0	228241.0	228241.0	228241.0	228241.0	228241.0	228241.0	228241.0	228241.0	228241.0	228241.0	228241.0	228241.0	228241.0
126_TASK07_CON45_7.0_posneg	posneg	7.0	228241.0	228241.0	228241.0	228241.0	228241.0	228241.0	228241.0	228241.0	228241.0	228241.0	228241.0	228241.0	228241.0	228241.0	228241.0	228241.0	228241.0	228241.0	228241.0	228241.0	228241.0	228241.0	228241.0	228241.0	228241.0	228241.0	228241.0	228241.0	228241.0	228241.0	228241.0	228241.0	228241.0	228241.0	228241.0	228241.0	228241.0	228241.0	228241.0	228241.0	228241.0	228241.0	228241.0	228241.0	228241.0	228241.0	228241.0
126_TASK07_CON45_7.0_pos	pos	7.0	228241.0	228241.0	228241.0	228241.0	228241.0	228241.0	228241.0	228241.0	228241.0	228241.0	228241.0	228241.0	228241.0	228241.0	228241.0	228241.0	228241.0	228241.0	228241.0	228241.0	228241.0	228241.0	228241.0	228241.0	228241.0	228241.0	228241.0	228241.0	228241.0	228241.0	228241.0	228241.0	228241.0	228241.0	228241.0	228241.0	228241.0	228241.0	228241.0	228241.0	228241.0	228241.0	228241.0	228241.0	228241.0	228241.0	228241.0
126_TASK07_CON45_8.0_posneg	posneg	8.0	228241.0	228241.0	228241.0	228241.0	228241.0	228241.0	228241.0	228241.0	228241.0	228241.0	228241.0	228241.0	228241.0	228241.0	228241.0	228241.0	228241.0	228241.0	228241.0	228241.0	228241.0	228241.0	228241.0	228241.0	228241.0	228241.0	228241.0	228241.0	228241.0	228241.0	228241.0	228241.0	228241.0	228241.0	228241.0	228241.0	228241.0	228241.0	228241.0	228241.0	228241.0	228241.0	228241.0	228241.0	228241.0	228241.0	228241.0
126_TASK07_CON45_8.0_pos	pos	8.0	228241.0	228241.0	228241.0	228241.0	228241.0	228241.0	228241.0	228241.0	228241.0	228241.0	228241.0	228241.0	228241.0	228241.0	228241.0	228241.0	228241.0	228241.0	228241.0	228241.0	228241.0	228241.0	228241.0	228241.0	228241.0	228241.0	228241.0	228241.0	228241.0	228241.0	228241.0	228241.0	228241.0	228241.0	228241.0	228241.0	228241.0	228241.0	228241.0	228241.0	228241.0	228241.0	228241.0	228241.0	228241.0	228241.0	228241.0
126_TASK07_CON45_9.0_posneg	posneg	9.0	228241.0	228241.0	228241.0	228241.0	228241.0	228241.0	228241.0	228241.0	228241.0	228241.0	228241.0	228241.0	228241.0	228241.0	228241.0	228241.0	228241.0	228241.0	228241.0	228241.0	228241.0	228241.0	228241.0	228241.0	228241.0	228241.0	228241.0	228241.0	228241.0	228241.0	228241.0	228241.0	228241.0	228241.0	228241.0	228241.0	228241.0	228241.0	228241.0	228241.0	228241.0	228241.0	228241.0	228241.0	228241.0	228241.0	228241.0
126_TASK07_CON45_9.0_pos	pos	9.0	228241.0	228241.0	228241.0	228241.0	228241.0	228241.0	228241.0	228241.0	228241.0	228241.0	228241.0	228241.0	228241.0	228241.0	228241.0	228241.0	228241.0	228241.0	228241.0	228241.0	228241.0	228241.0	228241.0	228241.0	228241.0	228241.0	228241.0	228241.0	228241.0	228241.0	228241.0	228241.0	228241.0	228241.0	228241.0	228241.0	228241.0	228241.0	228241.0	228241.0	228241.0	228241.0	228241.0	228241.0	228241.0	228241.0	228241.0
126_TASK07_CON45_10.0_posneg	posneg	10.0	0.0	0.0	0.0	0.0	0.0	0.0	0.0	0.0	0.0	0.0	0.0	0.0	0.0	0.0	0.0	0.0	0.0	0.0	0.0	0.0	0.0	0.0	0.0	0.0	0.0	0.0	0.0	0.0	0.0	0.0	0.0	0.0	0.0	0.0	0.0	0.0	0.0	0.0	0.0	0.0	0.0	0.0	0.0	0.0	0.0	0.0	0.0
126_TASK07_CON45_10.0_pos	pos	10.0	0.0	0.0	0.0	0.0	0.0	0.0	0.0	0.0	0.0	0.0	0.0	0.0	0.0	0.0	0.0	0.0	0.0	0.0	0.0	0.0	0.0	0.0	0.0	0.0	0.0	0.0	0.0	0.0	0.0	0.0	0.0	0.0	0.0	0.0	0.0	0.0	0.0	0.0	0.0	0.0	0.0	0.0	0.0	0.0	0.0	0.0	0.0
126_TASK07_CON45_11.0_posneg	posneg	11.0	0.0	0.0	0.0	0.0	0.0	0.0	0.0	0.0	0.0	0.0	0.0	0.0	0.0	0.0	0.0	0.0	0.0	0.0	0.0	0.0	0.0	0.0	0.0	0.0	0.0	0.0	0.0	0.0	0.0	0.0	0.0	0.0	0.0	0.0	0.0	0.0	0.0	0.0	0.0	0.0	0.0	0.0	0.0	0.0	0.0	0.0	0.0
126_TASK07_CON45_11.0_pos	pos	11.0	0.0	0.0	0.0	0.0	0.0	0.0	0.0	0.0	0.0	0.0	0.0	0.0	0.0	0.0	0.0	0.0	0.0	0.0	0.0	0.0	0.0	0.0	0.0	0.0	0.0	0.0	0.0	0.0	0.0	0.0	0.0	0.0	0.0	0.0	0.0	0.0	0.0	0.0	0.0	0.0	0.0	0.0	0.0	0.0	0.0	0.0	0.0
126_TASK07_CON45_12.0_posneg	posneg	12.0	0.0	0.0	0.0	0.0	0.0	0.0	0.0	0.0	0.0	0.0	0.0	0.0	0.0	0.0	0.0	0.0	0.0	0.0	0.0	0.0	0.0	0.0	0.0	0.0	0.0	0.0	0.0	0.0	0.0	0.0	0.0	0.0	0.0	0.0	0.0	0.0	0.0	0.0	0.0	0.0	0.0	0.0	0.0	0.0	0.0	0.0	0.0
126_TASK07_CON45_12.0_pos	pos	12.0	0.0	0.0	0.0	0.0	0.0	0.0	0.0	0.0	0.0	0.0	0.0	0.0	0.0	0.0	0.0	0.0	0.0	0.0	0.0	0.0	0.0	0.0	0.0	0.0	0.0	0.0	0.0	0.0	0.0	0.0	0.0	0.0	0.0	0.0	0.0	0.0	0.0	0.0	0.0	0.0	0.0	0.0	0.0	0.0	0.0	0.0	0.0
126_TASK07_CON45_13.0_posneg	posneg	13.0	0.0	0.0	0.0	0.0	0.0	0.0	0.0	0.0	0.0	0.0	0.0	0.0	0.0	0.0	0.0	0.0	0.0	0.0	0.0	0.0	0.0	0.0	0.0	0.0	0.0	0.0	0.0	0.0	0.0	0.0	0.0	0.0	0.0	0.0	0.0	0.0	0.0	0.0	0.0	0.0	0.0	0.0	0.0	0.0	0.0	0.0	0.0
126_TASK07_CON45_13.0_pos	pos	13.0	0.0	0.0	0.0	0.0	0.0	0.0	0.0	0.0	0.0	0.0	0.0	0.0	0.0	0.0	0.0	0.0	0.0	0.0	0.0	0.0	0.0	0.0	0.0	0.0	0.0	0.0	0.0	0.0	0.0	0.0	0.0	0.0	0.0	0.0	0.0	0.0	0.0	0.0	0.0	0.0	0.0	0.0	0.0	0.0	0.0	0.0	0.0
126_TASK07_CON46_0.0_posneg	posneg	0.0	228380.0	228380.0	228380.0	228380.0	228380.0	228380.0	228380.0	228380.0	228380.0	228380.0	228380.0	228380.0	228380.0	228380.0	228380.0	228380.0	228380.0	228380.0	228380.0	228380.0	228380.0	228380.0	228380.0	228380.0	228380.0	228380.0	228380.0	228380.0	228380.0	228380.0	228380.0	228380.0	228380.0	228380.0	228380.0	228380.0	228380.0	228380.0	228380.0	228380.0	228380.0	228380.0	228380.0	228380.0	228380.0	228380.0	228380.0
126_TASK07_CON46_0.0_pos	pos	0.0	228283.0	228283.0	228283.0	228283.0	228283.0	228283.0	228283.0	228283.0	228283.0	228283.0	228283.0	228283.0	228283.0	228283.0	228283.0	228283.0	228283.0	228283.0	228283.0	228283.0	228283.0	228283.0	228283.0	228283.0	228283.0	228283.0	228283.0	228283.0	228283.0	228283.0	228283.0	228283.0	228283.0	228283.0	228283.0	228283.0	228283.0	228283.0	228283.0	228283.0	228283.0	228283.0	228283.0	228283.0	228283.0	228283.0	228283.0
126_TASK07_CON46_1.0_posneg	posneg	1.0	228282.0	228282.0	228282.0	228282.0	228282.0	228282.0	228282.0	228282.0	228282.0	228282.0	228282.0	228282.0	228282.0	228282.0	228282.0	228282.0	228282.0	228282.0	228282.0	228282.0	228282.0	228282.0	228282.0	228282.0	228282.0	228282.0	228282.0	228282.0	228282.0	228282.0	228282.0	228282.0	228282.0	228282.0	228282.0	228282.0	228282.0	228282.0	228282.0	228282.0	228282.0	228282.0	228282.0	228282.0	228282.0	228282.0	228282.0
126_TASK07_CON46_1.0_pos	pos	1.0	228250.0	228250.0	228250.0	228250.0	228250.0	228250.0	228250.0	228250.0	228250.0	228250.0	228250.0	228250.0	228250.0	228250.0	228250.0	228250.0	228250.0	228250.0	228250.0	228250.0	228250.0	228250.0	228250.0	228250.0	228250.0	228250.0	228250.0	228250.0	228250.0	228250.0	228250.0	228250.0	228250.0	228250.0	228250.0	228250.0	228250.0	228250.0	228250.0	228250.0	228250.0	228250.0	228250.0	228250.0	228250.0	228250.0	228250.0
126_TASK07_CON46_2.0_posneg	posneg	2.0	228241.0	228241.0	228241.0	228241.0	228241.0	228241.0	228241.0	228241.0	228241.0	228241.0	228241.0	228241.0	228241.0	228241.0	228241.0	228241.0	228241.0	228241.0	228241.0	228241.0	228241.0	228241.0	228241.0	228241.0	228241.0	228241.0	228241.0	228241.0	228241.0	228241.0	228241.0	228241.0	228241.0	228241.0	228241.0	228241.0	228241.0	228241.0	228241.0	228241.0	228241.0	228241.0	228241.0	228241.0	228241.0	228241.0	228241.0
126_TASK07_CON46_2.0_pos	pos	2.0	228241.0	228241.0	228241.0	228241.0	228241.0	228241.0	228241.0	228241.0	228241.0	228241.0	228241.0	228241.0	228241.0	228241.0	228241.0	228241.0	228241.0	228241.0	228241.0	228241.0	228241.0	228241.0	228241.0	228241.0	228241.0	228241.0	228241.0	228241.0	228241.0	228241.0	228241.0	228241.0	228241.0	228241.0	228241.0	228241.0	228241.0	228241.0	228241.0	228241.0	228241.0	228241.0	228241.0	228241.0	228241.0	228241.0	228241.0
126_TASK07_CON46_3.0_posneg	posneg	3.0	228241.0	228241.0	228241.0	228241.0	228241.0	228241.0	228241.0	228241.0	228241.0	228241.0	228241.0	228241.0	228241.0	228241.0	228241.0	228241.0	228241.0	228241.0	228241.0	228241.0	228241.0	228241.0	228241.0	228241.0	228241.0	228241.0	228241.0	228241.0	228241.0	228241.0	228241.0	228241.0	228241.0	228241.0	228241.0	228241.0	228241.0	228241.0	228241.0	228241.0	228241.0	228241.0	228241.0	228241.0	228241.0	228241.0	228241.0
126_TASK07_CON46_3.0_pos	pos	3.0	228241.0	228241.0	228241.0	228241.0	228241.0	228241.0	228241.0	228241.0	228241.0	228241.0	228241.0	228241.0	228241.0	228241.0	228241.0	228241.0	228241.0	228241.0	228241.0	228241.0	228241.0	228241.0	228241.0	228241.0	228241.0	228241.0	228241.0	228241.0	228241.0	228241.0	228241.0	228241.0	228241.0	228241.0	228241.0	228241.0	228241.0	228241.0	228241.0	228241.0	228241.0	228241.0	228241.0	228241.0	228241.0	228241.0	228241.0
126_TASK07_CON46_4.0_posneg	posneg	4.0	228241.0	228241.0	228241.0	228241.0	228241.0	228241.0	228241.0	228241.0	228241.0	228241.0	228241.0	228241.0	228241.0	228241.0	228241.0	228241.0	228241.0	228241.0	228241.0	228241.0	228241.0	228241.0	228241.0	228241.0	228241.0	228241.0	228241.0	228241.0	228241.0	228241.0	228241.0	228241.0	228241.0	228241.0	228241.0	228241.0	228241.0	228241.0	228241.0	228241.0	228241.0	228241.0	228241.0	228241.0	228241.0	228241.0	228241.0
126_TASK07_CON46_4.0_pos	pos	4.0	228241.0	228241.0	228241.0	228241.0	228241.0	228241.0	228241.0	228241.0	228241.0	228241.0	228241.0	228241.0	228241.0	228241.0	228241.0	228241.0	228241.0	228241.0	228241.0	228241.0	228241.0	228241.0	228241.0	228241.0	228241.0	228241.0	228241.0	228241.0	228241.0	228241.0	228241.0	228241.0	228241.0	228241.0	228241.0	228241.0	228241.0	228241.0	228241.0	228241.0	228241.0	228241.0	228241.0	228241.0	228241.0	228241.0	228241.0
126_TASK07_CON46_5.0_posneg	posneg	5.0	228241.0	228241.0	228241.0	228241.0	228241.0	228241.0	228241.0	228241.0	228241.0	228241.0	228241.0	228241.0	228241.0	228241.0	228241.0	228241.0	228241.0	228241.0	228241.0	228241.0	228241.0	228241.0	228241.0	228241.0	228241.0	228241.0	228241.0	228241.0	228241.0	228241.0	228241.0	228241.0	228241.0	228241.0	228241.0	228241.0	228241.0	228241.0	228241.0	228241.0	228241.0	228241.0	228241.0	228241.0	228241.0	228241.0	228241.0
126_TASK07_CON46_5.0_pos	pos	5.0	228241.0	228241.0	228241.0	228241.0	228241.0	228241.0	228241.0	228241.0	228241.0	228241.0	228241.0	228241.0	228241.0	228241.0	228241.0	228241.0	228241.0	228241.0	228241.0	228241.0	228241.0	228241.0	228241.0	228241.0	228241.0	228241.0	228241.0	228241.0	228241.0	228241.0	228241.0	228241.0	228241.0	228241.0	228241.0	228241.0	228241.0	228241.0	228241.0	228241.0	228241.0	228241.0	228241.0	228241.0	228241.0	228241.0	228241.0
126_TASK07_CON46_6.0_posneg	posneg	6.0	228241.0	228241.0	228241.0	228241.0	228241.0	228241.0	228241.0	228241.0	228241.0	228241.0	228241.0	228241.0	228241.0	228241.0	228241.0	228241.0	228241.0	228241.0	228241.0	228241.0	228241.0	228241.0	228241.0	228241.0	228241.0	228241.0	228241.0	228241.0	228241.0	228241.0	228241.0	228241.0	228241.0	228241.0	228241.0	228241.0	228241.0	228241.0	228241.0	228241.0	228241.0	228241.0	228241.0	228241.0	228241.0	228241.0	228241.0
126_TASK07_CON46_6.0_pos	pos	6.0	228241.0	228241.0	228241.0	228241.0	228241.0	228241.0	228241.0	228241.0	228241.0	228241.0	228241.0	228241.0	228241.0	228241.0	228241.0	228241.0	228241.0	228241.0	228241.0	228241.0	228241.0	228241.0	228241.0	228241.0	228241.0	228241.0	228241.0	228241.0	228241.0	228241.0	228241.0	228241.0	228241.0	228241.0	228241.0	228241.0	228241.0	228241.0	228241.0	228241.0	228241.0	228241.0	228241.0	228241.0	228241.0	228241.0	228241.0
126_TASK07_CON46_7.0_posneg	posneg	7.0	228241.0	228241.0	228241.0	228241.0	228241.0	228241.0	228241.0	228241.0	228241.0	228241.0	228241.0	228241.0	228241.0	228241.0	228241.0	228241.0	228241.0	228241.0	228241.0	228241.0	228241.0	228241.0	228241.0	228241.0	228241.0	228241.0	228241.0	228241.0	228241.0	228241.0	228241.0	228241.0	228241.0	228241.0	228241.0	228241.0	228241.0	228241.0	228241.0	228241.0	228241.0	228241.0	228241.0	228241.0	228241.0	228241.0	228241.0
126_TASK07_CON46_7.0_pos	pos	7.0	228241.0	228241.0	228241.0	228241.0	228241.0	228241.0	228241.0	228241.0	228241.0	228241.0	228241.0	228241.0	228241.0	228241.0	228241.0	228241.0	228241.0	228241.0	228241.0	228241.0	228241.0	228241.0	228241.0	228241.0	228241.0	228241.0	228241.0	228241.0	228241.0	228241.0	228241.0	228241.0	228241.0	228241.0	228241.0	228241.0	228241.0	228241.0	228241.0	228241.0	228241.0	228241.0	228241.0	228241.0	228241.0	228241.0	228241.0
126_TASK07_CON46_8.0_posneg	posneg	8.0	228241.0	228241.0	228241.0	228241.0	228241.0	228241.0	228241.0	228241.0	228241.0	228241.0	228241.0	228241.0	228241.0	228241.0	228241.0	228241.0	228241.0	228241.0	228241.0	228241.0	228241.0	228241.0	228241.0	228241.0	228241.0	228241.0	228241.0	228241.0	228241.0	228241.0	228241.0	228241.0	228241.0	228241.0	228241.0	228241.0	228241.0	228241.0	228241.0	228241.0	228241.0	228241.0	228241.0	228241.0	228241.0	228241.0	228241.0
126_TASK07_CON46_8.0_pos	pos	8.0	228241.0	228241.0	228241.0	228241.0	228241.0	228241.0	228241.0	228241.0	228241.0	228241.0	228241.0	228241.0	228241.0	228241.0	228241.0	228241.0	228241.0	228241.0	228241.0	228241.0	228241.0	228241.0	228241.0	228241.0	228241.0	228241.0	228241.0	228241.0	228241.0	228241.0	228241.0	228241.0	228241.0	228241.0	228241.0	228241.0	228241.0	228241.0	228241.0	228241.0	228241.0	228241.0	228241.0	228241.0	228241.0	228241.0	228241.0
126_TASK07_CON46_9.0_posneg	posneg	9.0	228241.0	228241.0	228241.0	228241.0	228241.0	228241.0	228241.0	228241.0	228241.0	228241.0	228241.0	228241.0	228241.0	228241.0	228241.0	228241.0	228241.0	228241.0	228241.0	228241.0	228241.0	228241.0	228241.0	228241.0	228241.0	228241.0	228241.0	228241.0	228241.0	228241.0	228241.0	228241.0	228241.0	228241.0	228241.0	228241.0	228241.0	228241.0	228241.0	228241.0	228241.0	228241.0	228241.0	228241.0	228241.0	228241.0	228241.0
126_TASK07_CON46_9.0_pos	pos	9.0	228241.0	228241.0	228241.0	228241.0	228241.0	228241.0	228241.0	228241.0	228241.0	228241.0	228241.0	228241.0	228241.0	228241.0	228241.0	228241.0	228241.0	228241.0	228241.0	228241.0	228241.0	228241.0	228241.0	228241.0	228241.0	228241.0	228241.0	228241.0	228241.0	228241.0	228241.0	228241.0	228241.0	228241.0	228241.0	228241.0	228241.0	228241.0	228241.0	228241.0	228241.0	228241.0	228241.0	228241.0	228241.0	228241.0	228241.0
126_TASK07_CON46_10.0_posneg	posneg	10.0	0.0	0.0	0.0	0.0	0.0	0.0	0.0	0.0	0.0	0.0	0.0	0.0	0.0	0.0	0.0	0.0	0.0	0.0	0.0	0.0	0.0	0.0	0.0	0.0	0.0	0.0	0.0	0.0	0.0	0.0	0.0	0.0	0.0	0.0	0.0	0.0	0.0	0.0	0.0	0.0	0.0	0.0	0.0	0.0	0.0	0.0	0.0
126_TASK07_CON46_10.0_pos	pos	10.0	0.0	0.0	0.0	0.0	0.0	0.0	0.0	0.0	0.0	0.0	0.0	0.0	0.0	0.0	0.0	0.0	0.0	0.0	0.0	0.0	0.0	0.0	0.0	0.0	0.0	0.0	0.0	0.0	0.0	0.0	0.0	0.0	0.0	0.0	0.0	0.0	0.0	0.0	0.0	0.0	0.0	0.0	0.0	0.0	0.0	0.0	0.0
126_TASK07_CON46_11.0_posneg	posneg	11.0	0.0	0.0	0.0	0.0	0.0	0.0	0.0	0.0	0.0	0.0	0.0	0.0	0.0	0.0	0.0	0.0	0.0	0.0	0.0	0.0	0.0	0.0	0.0	0.0	0.0	0.0	0.0	0.0	0.0	0.0	0.0	0.0	0.0	0.0	0.0	0.0	0.0	0.0	0.0	0.0	0.0	0.0	0.0	0.0	0.0	0.0	0.0
126_TASK07_CON46_11.0_pos	pos	11.0	0.0	0.0	0.0	0.0	0.0	0.0	0.0	0.0	0.0	0.0	0.0	0.0	0.0	0.0	0.0	0.0	0.0	0.0	0.0	0.0	0.0	0.0	0.0	0.0	0.0	0.0	0.0	0.0	0.0	0.0	0.0	0.0	0.0	0.0	0.0	0.0	0.0	0.0	0.0	0.0	0.0	0.0	0.0	0.0	0.0	0.0	0.0
126_TASK07_CON46_12.0_posneg	posneg	12.0	0.0	0.0	0.0	0.0	0.0	0.0	0.0	0.0	0.0	0.0	0.0	0.0	0.0	0.0	0.0	0.0	0.0	0.0	0.0	0.0	0.0	0.0	0.0	0.0	0.0	0.0	0.0	0.0	0.0	0.0	0.0	0.0	0.0	0.0	0.0	0.0	0.0	0.0	0.0	0.0	0.0	0.0	0.0	0.0	0.0	0.0	0.0
126_TASK07_CON46_12.0_pos	pos	12.0	0.0	0.0	0.0	0.0	0.0	0.0	0.0	0.0	0.0	0.0	0.0	0.0	0.0	0.0	0.0	0.0	0.0	0.0	0.0	0.0	0.0	0.0	0.0	0.0	0.0	0.0	0.0	0.0	0.0	0.0	0.0	0.0	0.0	0.0	0.0	0.0	0.0	0.0	0.0	0.0	0.0	0.0	0.0	0.0	0.0	0.0	0.0
126_TASK07_CON46_13.0_posneg	posneg	13.0	0.0	0.0	0.0	0.0	0.0	0.0	0.0	0.0	0.0	0.0	0.0	0.0	0.0	0.0	0.0	0.0	0.0	0.0	0.0	0.0	0.0	0.0	0.0	0.0	0.0	0.0	0.0	0.0	0.0	0.0	0.0	0.0	0.0	0.0	0.0	0.0	0.0	0.0	0.0	0.0	0.0	0.0	0.0	0.0	0.0	0.0	0.0
126_TASK07_CON46_13.0_pos	pos	13.0	0.0	0.0	0.0	0.0	0.0	0.0	0.0	0.0	0.0	0.0	0.0	0.0	0.0	0.0	0.0	0.0	0.0	0.0	0.0	0.0	0.0	0.0	0.0	0.0	0.0	0.0	0.0	0.0	0.0	0.0	0.0	0.0	0.0	0.0	0.0	0.0	0.0	0.0	0.0	0.0	0.0	0.0	0.0	0.0	0.0	0.0	0.0
126_TASK07_CON47_0.0_posneg	posneg	0.0	228380.0	228380.0	228380.0	228380.0	228380.0	228380.0	228380.0	228380.0	228380.0	228380.0	228380.0	228380.0	228380.0	228380.0	228380.0	228380.0	228380.0	228380.0	228380.0	228380.0	228380.0	228380.0	228380.0	228380.0	228380.0	228380.0	228380.0	228380.0	228380.0	228380.0	228380.0	228380.0	228380.0	228380.0	228380.0	228380.0	228380.0	228380.0	228380.0	228380.0	228380.0	228380.0	228380.0	228380.0	228380.0	228380.0	228380.0
126_TASK07_CON47_0.0_pos	pos	0.0	228306.0	228306.0	228306.0	228306.0	228306.0	228306.0	228306.0	228306.0	228306.0	228306.0	228306.0	228306.0	228306.0	228306.0	228306.0	228306.0	228306.0	228306.0	228306.0	228306.0	228306.0	228306.0	228306.0	228306.0	228306.0	228306.0	228306.0	228306.0	228306.0	228306.0	228306.0	228306.0	228306.0	228306.0	228306.0	228306.0	228306.0	228306.0	228306.0	228306.0	228306.0	228306.0	228306.0	228306.0	228306.0	228306.0	228306.0
126_TASK07_CON47_1.0_posneg	posneg	1.0	228279.0	228279.0	228279.0	228279.0	228279.0	228279.0	228279.0	228279.0	228279.0	228279.0	228279.0	228279.0	228279.0	228279.0	228279.0	228279.0	228279.0	228279.0	228279.0	228279.0	228279.0	228279.0	228279.0	228279.0	228279.0	228279.0	228279.0	228279.0	228279.0	228279.0	228279.0	228279.0	228279.0	228279.0	228279.0	228279.0	228279.0	228279.0	228279.0	228279.0	228279.0	228279.0	228279.0	228279.0	228279.0	228279.0	228279.0
126_TASK07_CON47_1.0_pos	pos	1.0	228260.0	228260.0	228260.0	228260.0	228260.0	228260.0	228260.0	228260.0	228260.0	228260.0	228260.0	228260.0	228260.0	228260.0	228260.0	228260.0	228260.0	228260.0	228260.0	228260.0	228260.0	228260.0	228260.0	228260.0	228260.0	228260.0	228260.0	228260.0	228260.0	228260.0	228260.0	228260.0	228260.0	228260.0	228260.0	228260.0	228260.0	228260.0	228260.0	228260.0	228260.0	228260.0	228260.0	228260.0	228260.0	228260.0	228260.0
126_TASK07_CON47_2.0_posneg	posneg	2.0	228241.0	228241.0	228241.0	228241.0	228241.0	228241.0	228241.0	228241.0	228241.0	228241.0	228241.0	228241.0	228241.0	228241.0	228241.0	228241.0	228241.0	228241.0	228241.0	228241.0	228241.0	228241.0	228241.0	228241.0	228241.0	228241.0	228241.0	228241.0	228241.0	228241.0	228241.0	228241.0	228241.0	228241.0	228241.0	228241.0	228241.0	228241.0	228241.0	228241.0	228241.0	228241.0	228241.0	228241.0	228241.0	228241.0	228241.0
126_TASK07_CON47_2.0_pos	pos	2.0	228241.0	228241.0	228241.0	228241.0	228241.0	228241.0	228241.0	228241.0	228241.0	228241.0	228241.0	228241.0	228241.0	228241.0	228241.0	228241.0	228241.0	228241.0	228241.0	228241.0	228241.0	228241.0	228241.0	228241.0	228241.0	228241.0	228241.0	228241.0	228241.0	228241.0	228241.0	228241.0	228241.0	228241.0	228241.0	228241.0	228241.0	228241.0	228241.0	228241.0	228241.0	228241.0	228241.0	228241.0	228241.0	228241.0	228241.0
126_TASK07_CON47_3.0_posneg	posneg	3.0	228241.0	228241.0	228241.0	228241.0	228241.0	228241.0	228241.0	228241.0	228241.0	228241.0	228241.0	228241.0	228241.0	228241.0	228241.0	228241.0	228241.0	228241.0	228241.0	228241.0	228241.0	228241.0	228241.0	228241.0	228241.0	228241.0	228241.0	228241.0	228241.0	228241.0	228241.0	228241.0	228241.0	228241.0	228241.0	228241.0	228241.0	228241.0	228241.0	228241.0	228241.0	228241.0	228241.0	228241.0	228241.0	228241.0	228241.0
126_TASK07_CON47_3.0_pos	pos	3.0	228241.0	228241.0	228241.0	228241.0	228241.0	228241.0	228241.0	228241.0	228241.0	228241.0	228241.0	228241.0	228241.0	228241.0	228241.0	228241.0	228241.0	228241.0	228241.0	228241.0	228241.0	228241.0	228241.0	228241.0	228241.0	228241.0	228241.0	228241.0	228241.0	228241.0	228241.0	228241.0	228241.0	228241.0	228241.0	228241.0	228241.0	228241.0	228241.0	228241.0	228241.0	228241.0	228241.0	228241.0	228241.0	228241.0	228241.0
126_TASK07_CON47_4.0_posneg	posneg	4.0	228241.0	228241.0	228241.0	228241.0	228241.0	228241.0	228241.0	228241.0	228241.0	228241.0	228241.0	228241.0	228241.0	228241.0	228241.0	228241.0	228241.0	228241.0	228241.0	228241.0	228241.0	228241.0	228241.0	228241.0	228241.0	228241.0	228241.0	228241.0	228241.0	228241.0	228241.0	228241.0	228241.0	228241.0	228241.0	228241.0	228241.0	228241.0	228241.0	228241.0	228241.0	228241.0	228241.0	228241.0	228241.0	228241.0	228241.0
126_TASK07_CON47_4.0_pos	pos	4.0	228241.0	228241.0	228241.0	228241.0	228241.0	228241.0	228241.0	228241.0	228241.0	228241.0	228241.0	228241.0	228241.0	228241.0	228241.0	228241.0	228241.0	228241.0	228241.0	228241.0	228241.0	228241.0	228241.0	228241.0	228241.0	228241.0	228241.0	228241.0	228241.0	228241.0	228241.0	228241.0	228241.0	228241.0	228241.0	228241.0	228241.0	228241.0	228241.0	228241.0	228241.0	228241.0	228241.0	228241.0	228241.0	228241.0	228241.0
126_TASK07_CON47_5.0_posneg	posneg	5.0	228241.0	228241.0	228241.0	228241.0	228241.0	228241.0	228241.0	228241.0	228241.0	228241.0	228241.0	228241.0	228241.0	228241.0	228241.0	228241.0	228241.0	228241.0	228241.0	228241.0	228241.0	228241.0	228241.0	228241.0	228241.0	228241.0	228241.0	228241.0	228241.0	228241.0	228241.0	228241.0	228241.0	228241.0	228241.0	228241.0	228241.0	228241.0	228241.0	228241.0	228241.0	228241.0	228241.0	228241.0	228241.0	228241.0	228241.0
126_TASK07_CON47_5.0_pos	pos	5.0	228241.0	228241.0	228241.0	228241.0	228241.0	228241.0	228241.0	228241.0	228241.0	228241.0	228241.0	228241.0	228241.0	228241.0	228241.0	228241.0	228241.0	228241.0	228241.0	228241.0	228241.0	228241.0	228241.0	228241.0	228241.0	228241.0	228241.0	228241.0	228241.0	228241.0	228241.0	228241.0	228241.0	228241.0	228241.0	228241.0	228241.0	228241.0	228241.0	228241.0	228241.0	228241.0	228241.0	228241.0	228241.0	228241.0	228241.0
126_TASK07_CON47_6.0_posneg	posneg	6.0	228241.0	228241.0	228241.0	228241.0	228241.0	228241.0	228241.0	228241.0	228241.0	228241.0	228241.0	228241.0	228241.0	228241.0	228241.0	228241.0	228241.0	228241.0	228241.0	228241.0	228241.0	228241.0	228241.0	228241.0	228241.0	228241.0	228241.0	228241.0	228241.0	228241.0	228241.0	228241.0	228241.0	228241.0	228241.0	228241.0	228241.0	228241.0	228241.0	228241.0	228241.0	228241.0	228241.0	228241.0	228241.0	228241.0	228241.0
126_TASK07_CON47_6.0_pos	pos	6.0	228241.0	228241.0	228241.0	228241.0	228241.0	228241.0	228241.0	228241.0	228241.0	228241.0	228241.0	228241.0	228241.0	228241.0	228241.0	228241.0	228241.0	228241.0	228241.0	228241.0	228241.0	228241.0	228241.0	228241.0	228241.0	228241.0	228241.0	228241.0	228241.0	228241.0	228241.0	228241.0	228241.0	228241.0	228241.0	228241.0	228241.0	228241.0	228241.0	228241.0	228241.0	228241.0	228241.0	228241.0	228241.0	228241.0	228241.0
126_TASK07_CON47_7.0_posneg	posneg	7.0	228241.0	228241.0	228241.0	228241.0	228241.0	228241.0	228241.0	228241.0	228241.0	228241.0	228241.0	228241.0	228241.0	228241.0	228241.0	228241.0	228241.0	228241.0	228241.0	228241.0	228241.0	228241.0	228241.0	228241.0	228241.0	228241.0	228241.0	228241.0	228241.0	228241.0	228241.0	228241.0	228241.0	228241.0	228241.0	228241.0	228241.0	228241.0	228241.0	228241.0	228241.0	228241.0	228241.0	228241.0	228241.0	228241.0	228241.0
126_TASK07_CON47_7.0_pos	pos	7.0	228241.0	228241.0	228241.0	228241.0	228241.0	228241.0	228241.0	228241.0	228241.0	228241.0	228241.0	228241.0	228241.0	228241.0	228241.0	228241.0	228241.0	228241.0	228241.0	228241.0	228241.0	228241.0	228241.0	228241.0	228241.0	228241.0	228241.0	228241.0	228241.0	228241.0	228241.0	228241.0	228241.0	228241.0	228241.0	228241.0	228241.0	228241.0	228241.0	228241.0	228241.0	228241.0	228241.0	228241.0	228241.0	228241.0	228241.0
126_TASK07_CON47_8.0_posneg	posneg	8.0	228241.0	228241.0	228241.0	228241.0	228241.0	228241.0	228241.0	228241.0	228241.0	228241.0	228241.0	228241.0	228241.0	228241.0	228241.0	228241.0	228241.0	228241.0	228241.0	228241.0	228241.0	228241.0	228241.0	228241.0	228241.0	228241.0	228241.0	228241.0	228241.0	228241.0	228241.0	228241.0	228241.0	228241.0	228241.0	228241.0	228241.0	228241.0	228241.0	228241.0	228241.0	228241.0	228241.0	228241.0	228241.0	228241.0	228241.0
126_TASK07_CON47_8.0_pos	pos	8.0	228241.0	228241.0	228241.0	228241.0	228241.0	228241.0	228241.0	228241.0	228241.0	228241.0	228241.0	228241.0	228241.0	228241.0	228241.0	228241.0	228241.0	228241.0	228241.0	228241.0	228241.0	228241.0	228241.0	228241.0	228241.0	228241.0	228241.0	228241.0	228241.0	228241.0	228241.0	228241.0	228241.0	228241.0	228241.0	228241.0	228241.0	228241.0	228241.0	228241.0	228241.0	228241.0	228241.0	228241.0	228241.0	228241.0	228241.0
126_TASK07_CON47_9.0_posneg	posneg	9.0	228241.0	228241.0	228241.0	228241.0	228241.0	228241.0	228241.0	228241.0	228241.0	228241.0	228241.0	228241.0	228241.0	228241.0	228241.0	228241.0	228241.0	228241.0	228241.0	228241.0	228241.0	228241.0	228241.0	228241.0	228241.0	228241.0	228241.0	228241.0	228241.0	228241.0	228241.0	228241.0	228241.0	228241.0	228241.0	228241.0	228241.0	228241.0	228241.0	228241.0	228241.0	228241.0	228241.0	228241.0	228241.0	228241.0	228241.0
126_TASK07_CON47_9.0_pos	pos	9.0	228241.0	228241.0	228241.0	228241.0	228241.0	228241.0	228241.0	228241.0	228241.0	228241.0	228241.0	228241.0	228241.0	228241.0	228241.0	228241.0	228241.0	228241.0	228241.0	228241.0	228241.0	228241.0	228241.0	228241.0	228241.0	228241.0	228241.0	228241.0	228241.0	228241.0	228241.0	228241.0	228241.0	228241.0	228241.0	228241.0	228241.0	228241.0	228241.0	228241.0	228241.0	228241.0	228241.0	228241.0	228241.0	228241.0	228241.0
126_TASK07_CON47_10.0_posneg	posneg	10.0	0.0	0.0	0.0	0.0	0.0	0.0	0.0	0.0	0.0	0.0	0.0	0.0	0.0	0.0	0.0	0.0	0.0	0.0	0.0	0.0	0.0	0.0	0.0	0.0	0.0	0.0	0.0	0.0	0.0	0.0	0.0	0.0	0.0	0.0	0.0	0.0	0.0	0.0	0.0	0.0	0.0	0.0	0.0	0.0	0.0	0.0	0.0
126_TASK07_CON47_10.0_pos	pos	10.0	0.0	0.0	0.0	0.0	0.0	0.0	0.0	0.0	0.0	0.0	0.0	0.0	0.0	0.0	0.0	0.0	0.0	0.0	0.0	0.0	0.0	0.0	0.0	0.0	0.0	0.0	0.0	0.0	0.0	0.0	0.0	0.0	0.0	0.0	0.0	0.0	0.0	0.0	0.0	0.0	0.0	0.0	0.0	0.0	0.0	0.0	0.0
126_TASK07_CON47_11.0_posneg	posneg	11.0	0.0	0.0	0.0	0.0	0.0	0.0	0.0	0.0	0.0	0.0	0.0	0.0	0.0	0.0	0.0	0.0	0.0	0.0	0.0	0.0	0.0	0.0	0.0	0.0	0.0	0.0	0.0	0.0	0.0	0.0	0.0	0.0	0.0	0.0	0.0	0.0	0.0	0.0	0.0	0.0	0.0	0.0	0.0	0.0	0.0	0.0	0.0
126_TASK07_CON47_11.0_pos	pos	11.0	0.0	0.0	0.0	0.0	0.0	0.0	0.0	0.0	0.0	0.0	0.0	0.0	0.0	0.0	0.0	0.0	0.0	0.0	0.0	0.0	0.0	0.0	0.0	0.0	0.0	0.0	0.0	0.0	0.0	0.0	0.0	0.0	0.0	0.0	0.0	0.0	0.0	0.0	0.0	0.0	0.0	0.0	0.0	0.0	0.0	0.0	0.0
126_TASK07_CON47_12.0_posneg	posneg	12.0	0.0	0.0	0.0	0.0	0.0	0.0	0.0	0.0	0.0	0.0	0.0	0.0	0.0	0.0	0.0	0.0	0.0	0.0	0.0	0.0	0.0	0.0	0.0	0.0	0.0	0.0	0.0	0.0	0.0	0.0	0.0	0.0	0.0	0.0	0.0	0.0	0.0	0.0	0.0	0.0	0.0	0.0	0.0	0.0	0.0	0.0	0.0
126_TASK07_CON47_12.0_pos	pos	12.0	0.0	0.0	0.0	0.0	0.0	0.0	0.0	0.0	0.0	0.0	0.0	0.0	0.0	0.0	0.0	0.0	0.0	0.0	0.0	0.0	0.0	0.0	0.0	0.0	0.0	0.0	0.0	0.0	0.0	0.0	0.0	0.0	0.0	0.0	0.0	0.0	0.0	0.0	0.0	0.0	0.0	0.0	0.0	0.0	0.0	0.0	0.0
126_TASK07_CON47_13.0_posneg	posneg	13.0	0.0	0.0	0.0	0.0	0.0	0.0	0.0	0.0	0.0	0.0	0.0	0.0	0.0	0.0	0.0	0.0	0.0	0.0	0.0	0.0	0.0	0.0	0.0	0.0	0.0	0.0	0.0	0.0	0.0	0.0	0.0	0.0	0.0	0.0	0.0	0.0	0.0	0.0	0.0	0.0	0.0	0.0	0.0	0.0	0.0	0.0	0.0
126_TASK07_CON47_13.0_pos	pos	13.0	0.0	0.0	0.0	0.0	0.0	0.0	0.0	0.0	0.0	0.0	0.0	0.0	0.0	0.0	0.0	0.0	0.0	0.0	0.0	0.0	0.0	0.0	0.0	0.0	0.0	0.0	0.0	0.0	0.0	0.0	0.0	0.0	0.0	0.0	0.0	0.0	0.0	0.0	0.0	0.0	0.0	0.0	0.0	0.0	0.0	0.0	0.0
126_TASK07_CON48_0.0_posneg	posneg	0.0	228380.0	228380.0	228380.0	228380.0	228380.0	228380.0	228380.0	228380.0	228380.0	228380.0	228380.0	228380.0	228380.0	228380.0	228380.0	228380.0	228380.0	228380.0	228380.0	228380.0	228380.0	228380.0	228380.0	228380.0	228380.0	228380.0	228380.0	228380.0	228380.0	228380.0	228380.0	228380.0	228380.0	228380.0	228380.0	228380.0	228380.0	228380.0	228380.0	228380.0	228380.0	228380.0	228380.0	228380.0	228380.0	228380.0	228380.0
126_TASK07_CON48_0.0_pos	pos	0.0	228333.0	228333.0	228333.0	228333.0	228333.0	228333.0	228333.0	228333.0	228333.0	228333.0	228333.0	228333.0	228333.0	228333.0	228333.0	228333.0	228333.0	228333.0	228333.0	228333.0	228333.0	228333.0	228333.0	228333.0	228333.0	228333.0	228333.0	228333.0	228333.0	228333.0	228333.0	228333.0	228333.0	228333.0	228333.0	228333.0	228333.0	228333.0	228333.0	228333.0	228333.0	228333.0	228333.0	228333.0	228333.0	228333.0	228333.0
126_TASK07_CON48_1.0_posneg	posneg	1.0	228280.0	228280.0	228280.0	228280.0	228280.0	228280.0	228280.0	228280.0	228280.0	228280.0	228280.0	228280.0	228280.0	228280.0	228280.0	228280.0	228280.0	228280.0	228280.0	228280.0	228280.0	228280.0	228280.0	228280.0	228280.0	228280.0	228280.0	228280.0	228280.0	228280.0	228280.0	228280.0	228280.0	228280.0	228280.0	228280.0	228280.0	228280.0	228280.0	228280.0	228280.0	228280.0	228280.0	228280.0	228280.0	228280.0	228280.0
126_TASK07_CON48_1.0_pos	pos	1.0	228265.0	228265.0	228265.0	228265.0	228265.0	228265.0	228265.0	228265.0	228265.0	228265.0	228265.0	228265.0	228265.0	228265.0	228265.0	228265.0	228265.0	228265.0	228265.0	228265.0	228265.0	228265.0	228265.0	228265.0	228265.0	228265.0	228265.0	228265.0	228265.0	228265.0	228265.0	228265.0	228265.0	228265.0	228265.0	228265.0	228265.0	228265.0	228265.0	228265.0	228265.0	228265.0	228265.0	228265.0	228265.0	228265.0	228265.0
126_TASK07_CON48_2.0_posneg	posneg	2.0	228241.0	228241.0	228241.0	228241.0	228241.0	228241.0	228241.0	228241.0	228241.0	228241.0	228241.0	228241.0	228241.0	228241.0	228241.0	228241.0	228241.0	228241.0	228241.0	228241.0	228241.0	228241.0	228241.0	228241.0	228241.0	228241.0	228241.0	228241.0	228241.0	228241.0	228241.0	228241.0	228241.0	228241.0	228241.0	228241.0	228241.0	228241.0	228241.0	228241.0	228241.0	228241.0	228241.0	228241.0	228241.0	228241.0	228241.0
126_TASK07_CON48_2.0_pos	pos	2.0	228241.0	228241.0	228241.0	228241.0	228241.0	228241.0	228241.0	228241.0	228241.0	228241.0	228241.0	228241.0	228241.0	228241.0	228241.0	228241.0	228241.0	228241.0	228241.0	228241.0	228241.0	228241.0	228241.0	228241.0	228241.0	228241.0	228241.0	228241.0	228241.0	228241.0	228241.0	228241.0	228241.0	228241.0	228241.0	228241.0	228241.0	228241.0	228241.0	228241.0	228241.0	228241.0	228241.0	228241.0	228241.0	228241.0	228241.0
126_TASK07_CON48_3.0_posneg	posneg	3.0	228241.0	228241.0	228241.0	228241.0	228241.0	228241.0	228241.0	228241.0	228241.0	228241.0	228241.0	228241.0	228241.0	228241.0	228241.0	228241.0	228241.0	228241.0	228241.0	228241.0	228241.0	228241.0	228241.0	228241.0	228241.0	228241.0	228241.0	228241.0	228241.0	228241.0	228241.0	228241.0	228241.0	228241.0	228241.0	228241.0	228241.0	228241.0	228241.0	228241.0	228241.0	228241.0	228241.0	228241.0	228241.0	228241.0	228241.0
126_TASK07_CON48_3.0_pos	pos	3.0	228241.0	228241.0	228241.0	228241.0	228241.0	228241.0	228241.0	228241.0	228241.0	228241.0	228241.0	228241.0	228241.0	228241.0	228241.0	228241.0	228241.0	228241.0	228241.0	228241.0	228241.0	228241.0	228241.0	228241.0	228241.0	228241.0	228241.0	228241.0	228241.0	228241.0	228241.0	228241.0	228241.0	228241.0	228241.0	228241.0	228241.0	228241.0	228241.0	228241.0	228241.0	228241.0	228241.0	228241.0	228241.0	228241.0	228241.0
126_TASK07_CON48_4.0_posneg	posneg	4.0	228241.0	228241.0	228241.0	228241.0	228241.0	228241.0	228241.0	228241.0	228241.0	228241.0	228241.0	228241.0	228241.0	228241.0	228241.0	228241.0	228241.0	228241.0	228241.0	228241.0	228241.0	228241.0	228241.0	228241.0	228241.0	228241.0	228241.0	228241.0	228241.0	228241.0	228241.0	228241.0	228241.0	228241.0	228241.0	228241.0	228241.0	228241.0	228241.0	228241.0	228241.0	228241.0	228241.0	228241.0	228241.0	228241.0	228241.0
126_TASK07_CON48_4.0_pos	pos	4.0	228241.0	228241.0	228241.0	228241.0	228241.0	228241.0	228241.0	228241.0	228241.0	228241.0	228241.0	228241.0	228241.0	228241.0	228241.0	228241.0	228241.0	228241.0	228241.0	228241.0	228241.0	228241.0	228241.0	228241.0	228241.0	228241.0	228241.0	228241.0	228241.0	228241.0	228241.0	228241.0	228241.0	228241.0	228241.0	228241.0	228241.0	228241.0	228241.0	228241.0	228241.0	228241.0	228241.0	228241.0	228241.0	228241.0	228241.0
126_TASK07_CON48_5.0_posneg	posneg	5.0	228241.0	228241.0	228241.0	228241.0	228241.0	228241.0	228241.0	228241.0	228241.0	228241.0	228241.0	228241.0	228241.0	228241.0	228241.0	228241.0	228241.0	228241.0	228241.0	228241.0	228241.0	228241.0	228241.0	228241.0	228241.0	228241.0	228241.0	228241.0	228241.0	228241.0	228241.0	228241.0	228241.0	228241.0	228241.0	228241.0	228241.0	228241.0	228241.0	228241.0	228241.0	228241.0	228241.0	228241.0	228241.0	228241.0	228241.0
126_TASK07_CON48_5.0_pos	pos	5.0	228241.0	228241.0	228241.0	228241.0	228241.0	228241.0	228241.0	228241.0	228241.0	228241.0	228241.0	228241.0	228241.0	228241.0	228241.0	228241.0	228241.0	228241.0	228241.0	228241.0	228241.0	228241.0	228241.0	228241.0	228241.0	228241.0	228241.0	228241.0	228241.0	228241.0	228241.0	228241.0	228241.0	228241.0	228241.0	228241.0	228241.0	228241.0	228241.0	228241.0	228241.0	228241.0	228241.0	228241.0	228241.0	228241.0	228241.0
126_TASK07_CON48_6.0_posneg	posneg	6.0	228241.0	228241.0	228241.0	228241.0	228241.0	228241.0	228241.0	228241.0	228241.0	228241.0	228241.0	228241.0	228241.0	228241.0	228241.0	228241.0	228241.0	228241.0	228241.0	228241.0	228241.0	228241.0	228241.0	228241.0	228241.0	228241.0	228241.0	228241.0	228241.0	228241.0	228241.0	228241.0	228241.0	228241.0	228241.0	228241.0	228241.0	228241.0	228241.0	228241.0	228241.0	228241.0	228241.0	228241.0	228241.0	228241.0	228241.0
126_TASK07_CON48_6.0_pos	pos	6.0	228241.0	228241.0	228241.0	228241.0	228241.0	228241.0	228241.0	228241.0	228241.0	228241.0	228241.0	228241.0	228241.0	228241.0	228241.0	228241.0	228241.0	228241.0	228241.0	228241.0	228241.0	228241.0	228241.0	228241.0	228241.0	228241.0	228241.0	228241.0	228241.0	228241.0	228241.0	228241.0	228241.0	228241.0	228241.0	228241.0	228241.0	228241.0	228241.0	228241.0	228241.0	228241.0	228241.0	228241.0	228241.0	228241.0	228241.0
126_TASK07_CON48_7.0_posneg	posneg	7.0	228241.0	228241.0	228241.0	228241.0	228241.0	228241.0	228241.0	228241.0	228241.0	228241.0	228241.0	228241.0	228241.0	228241.0	228241.0	228241.0	228241.0	228241.0	228241.0	228241.0	228241.0	228241.0	228241.0	228241.0	228241.0	228241.0	228241.0	228241.0	228241.0	228241.0	228241.0	228241.0	228241.0	228241.0	228241.0	228241.0	228241.0	228241.0	228241.0	228241.0	228241.0	228241.0	228241.0	228241.0	228241.0	228241.0	228241.0
126_TASK07_CON48_7.0_pos	pos	7.0	228241.0	228241.0	228241.0	228241.0	228241.0	228241.0	228241.0	228241.0	228241.0	228241.0	228241.0	228241.0	228241.0	228241.0	228241.0	228241.0	228241.0	228241.0	228241.0	228241.0	228241.0	228241.0	228241.0	228241.0	228241.0	228241.0	228241.0	228241.0	228241.0	228241.0	228241.0	228241.0	228241.0	228241.0	228241.0	228241.0	228241.0	228241.0	228241.0	228241.0	228241.0	228241.0	228241.0	228241.0	228241.0	228241.0	228241.0
126_TASK07_CON48_8.0_posneg	posneg	8.0	228241.0	228241.0	228241.0	228241.0	228241.0	228241.0	228241.0	228241.0	228241.0	228241.0	228241.0	228241.0	228241.0	228241.0	228241.0	228241.0	228241.0	228241.0	228241.0	228241.0	228241.0	228241.0	228241.0	228241.0	228241.0	228241.0	228241.0	228241.0	228241.0	228241.0	228241.0	228241.0	228241.0	228241.0	228241.0	228241.0	228241.0	228241.0	228241.0	228241.0	228241.0	228241.0	228241.0	228241.0	228241.0	228241.0	228241.0
126_TASK07_CON48_8.0_pos	pos	8.0	228241.0	228241.0	228241.0	228241.0	228241.0	228241.0	228241.0	228241.0	228241.0	228241.0	228241.0	228241.0	228241.0	228241.0	228241.0	228241.0	228241.0	228241.0	228241.0	228241.0	228241.0	228241.0	228241.0	228241.0	228241.0	228241.0	228241.0	228241.0	228241.0	228241.0	228241.0	228241.0	228241.0	228241.0	228241.0	228241.0	228241.0	228241.0	228241.0	228241.0	228241.0	228241.0	228241.0	228241.0	228241.0	228241.0	228241.0
126_TASK07_CON48_9.0_posneg	posneg	9.0	228241.0	228241.0	228241.0	228241.0	228241.0	228241.0	228241.0	228241.0	228241.0	228241.0	228241.0	228241.0	228241.0	228241.0	228241.0	228241.0	228241.0	228241.0	228241.0	228241.0	228241.0	228241.0	228241.0	228241.0	228241.0	228241.0	228241.0	228241.0	228241.0	228241.0	228241.0	228241.0	228241.0	228241.0	228241.0	228241.0	228241.0	228241.0	228241.0	228241.0	228241.0	228241.0	228241.0	228241.0	228241.0	228241.0	228241.0
126_TASK07_CON48_9.0_pos	pos	9.0	228241.0	228241.0	228241.0	228241.0	228241.0	228241.0	228241.0	228241.0	228241.0	228241.0	228241.0	228241.0	228241.0	228241.0	228241.0	228241.0	228241.0	228241.0	228241.0	228241.0	228241.0	228241.0	228241.0	228241.0	228241.0	228241.0	228241.0	228241.0	228241.0	228241.0	228241.0	228241.0	228241.0	228241.0	228241.0	228241.0	228241.0	228241.0	228241.0	228241.0	228241.0	228241.0	228241.0	228241.0	228241.0	228241.0	228241.0
126_TASK07_CON48_10.0_posneg	posneg	10.0	0.0	0.0	0.0	0.0	0.0	0.0	0.0	0.0	0.0	0.0	0.0	0.0	0.0	0.0	0.0	0.0	0.0	0.0	0.0	0.0	0.0	0.0	0.0	0.0	0.0	0.0	0.0	0.0	0.0	0.0	0.0	0.0	0.0	0.0	0.0	0.0	0.0	0.0	0.0	0.0	0.0	0.0	0.0	0.0	0.0	0.0	0.0
126_TASK07_CON48_10.0_pos	pos	10.0	0.0	0.0	0.0	0.0	0.0	0.0	0.0	0.0	0.0	0.0	0.0	0.0	0.0	0.0	0.0	0.0	0.0	0.0	0.0	0.0	0.0	0.0	0.0	0.0	0.0	0.0	0.0	0.0	0.0	0.0	0.0	0.0	0.0	0.0	0.0	0.0	0.0	0.0	0.0	0.0	0.0	0.0	0.0	0.0	0.0	0.0	0.0
126_TASK07_CON48_11.0_posneg	posneg	11.0	0.0	0.0	0.0	0.0	0.0	0.0	0.0	0.0	0.0	0.0	0.0	0.0	0.0	0.0	0.0	0.0	0.0	0.0	0.0	0.0	0.0	0.0	0.0	0.0	0.0	0.0	0.0	0.0	0.0	0.0	0.0	0.0	0.0	0.0	0.0	0.0	0.0	0.0	0.0	0.0	0.0	0.0	0.0	0.0	0.0	0.0	0.0
126_TASK07_CON48_11.0_pos	pos	11.0	0.0	0.0	0.0	0.0	0.0	0.0	0.0	0.0	0.0	0.0	0.0	0.0	0.0	0.0	0.0	0.0	0.0	0.0	0.0	0.0	0.0	0.0	0.0	0.0	0.0	0.0	0.0	0.0	0.0	0.0	0.0	0.0	0.0	0.0	0.0	0.0	0.0	0.0	0.0	0.0	0.0	0.0	0.0	0.0	0.0	0.0	0.0
126_TASK07_CON48_12.0_posneg	posneg	12.0	0.0	0.0	0.0	0.0	0.0	0.0	0.0	0.0	0.0	0.0	0.0	0.0	0.0	0.0	0.0	0.0	0.0	0.0	0.0	0.0	0.0	0.0	0.0	0.0	0.0	0.0	0.0	0.0	0.0	0.0	0.0	0.0	0.0	0.0	0.0	0.0	0.0	0.0	0.0	0.0	0.0	0.0	0.0	0.0	0.0	0.0	0.0
126_TASK07_CON48_12.0_pos	pos	12.0	0.0	0.0	0.0	0.0	0.0	0.0	0.0	0.0	0.0	0.0	0.0	0.0	0.0	0.0	0.0	0.0	0.0	0.0	0.0	0.0	0.0	0.0	0.0	0.0	0.0	0.0	0.0	0.0	0.0	0.0	0.0	0.0	0.0	0.0	0.0	0.0	0.0	0.0	0.0	0.0	0.0	0.0	0.0	0.0	0.0	0.0	0.0
126_TASK07_CON48_13.0_posneg	posneg	13.0	0.0	0.0	0.0	0.0	0.0	0.0	0.0	0.0	0.0	0.0	0.0	0.0	0.0	0.0	0.0	0.0	0.0	0.0	0.0	0.0	0.0	0.0	0.0	0.0	0.0	0.0	0.0	0.0	0.0	0.0	0.0	0.0	0.0	0.0	0.0	0.0	0.0	0.0	0.0	0.0	0.0	0.0	0.0	0.0	0.0	0.0	0.0
126_TASK07_CON48_13.0_pos	pos	13.0	0.0	0.0	0.0	0.0	0.0	0.0	0.0	0.0	0.0	0.0	0.0	0.0	0.0	0.0	0.0	0.0	0.0	0.0	0.0	0.0	0.0	0.0	0.0	0.0	0.0	0.0	0.0	0.0	0.0	0.0	0.0	0.0	0.0	0.0	0.0	0.0	0.0	0.0	0.0	0.0	0.0	0.0	0.0	0.0	0.0	0.0	0.0
126_TASK07_CON49_0.0_posneg	posneg	0.0	228380.0	228380.0	228380.0	228380.0	228380.0	228380.0	228380.0	228380.0	228380.0	228380.0	228380.0	228380.0	228380.0	228380.0	228380.0	228380.0	228380.0	228380.0	228380.0	228380.0	228380.0	228380.0	228380.0	228380.0	228380.0	228380.0	228380.0	228380.0	228380.0	228380.0	228380.0	228380.0	228380.0	228380.0	228380.0	228380.0	228380.0	228380.0	228380.0	228380.0	228380.0	228380.0	228380.0	228380.0	228380.0	228380.0	228380.0
126_TASK07_CON49_0.0_pos	pos	0.0	228317.0	228317.0	228317.0	228317.0	228317.0	228317.0	228317.0	228317.0	228317.0	228317.0	228317.0	228317.0	228317.0	228317.0	228317.0	228317.0	228317.0	228317.0	228317.0	228317.0	228317.0	228317.0	228317.0	228317.0	228317.0	228317.0	228317.0	228317.0	228317.0	228317.0	228317.0	228317.0	228317.0	228317.0	228317.0	228317.0	228317.0	228317.0	228317.0	228317.0	228317.0	228317.0	228317.0	228317.0	228317.0	228317.0	228317.0
126_TASK07_CON49_1.0_posneg	posneg	1.0	228271.0	228271.0	228271.0	228271.0	228271.0	228271.0	228271.0	228271.0	228271.0	228271.0	228271.0	228271.0	228271.0	228271.0	228271.0	228271.0	228271.0	228271.0	228271.0	228271.0	228271.0	228271.0	228271.0	228271.0	228271.0	228271.0	228271.0	228271.0	228271.0	228271.0	228271.0	228271.0	228271.0	228271.0	228271.0	228271.0	228271.0	228271.0	228271.0	228271.0	228271.0	228271.0	228271.0	228271.0	228271.0	228271.0	228271.0
126_TASK07_CON49_1.0_pos	pos	1.0	228252.0	228252.0	228252.0	228252.0	228252.0	228252.0	228252.0	228252.0	228252.0	228252.0	228252.0	228252.0	228252.0	228252.0	228252.0	228252.0	228252.0	228252.0	228252.0	228252.0	228252.0	228252.0	228252.0	228252.0	228252.0	228252.0	228252.0	228252.0	228252.0	228252.0	228252.0	228252.0	228252.0	228252.0	228252.0	228252.0	228252.0	228252.0	228252.0	228252.0	228252.0	228252.0	228252.0	228252.0	228252.0	228252.0	228252.0
126_TASK07_CON49_2.0_posneg	posneg	2.0	228241.0	228241.0	228241.0	228241.0	228241.0	228241.0	228241.0	228241.0	228241.0	228241.0	228241.0	228241.0	228241.0	228241.0	228241.0	228241.0	228241.0	228241.0	228241.0	228241.0	228241.0	228241.0	228241.0	228241.0	228241.0	228241.0	228241.0	228241.0	228241.0	228241.0	228241.0	228241.0	228241.0	228241.0	228241.0	228241.0	228241.0	228241.0	228241.0	228241.0	228241.0	228241.0	228241.0	228241.0	228241.0	228241.0	228241.0
126_TASK07_CON49_2.0_pos	pos	2.0	228241.0	228241.0	228241.0	228241.0	228241.0	228241.0	228241.0	228241.0	228241.0	228241.0	228241.0	228241.0	228241.0	228241.0	228241.0	228241.0	228241.0	228241.0	228241.0	228241.0	228241.0	228241.0	228241.0	228241.0	228241.0	228241.0	228241.0	228241.0	228241.0	228241.0	228241.0	228241.0	228241.0	228241.0	228241.0	228241.0	228241.0	228241.0	228241.0	228241.0	228241.0	228241.0	228241.0	228241.0	228241.0	228241.0	228241.0
126_TASK07_CON49_3.0_posneg	posneg	3.0	228241.0	228241.0	228241.0	228241.0	228241.0	228241.0	228241.0	228241.0	228241.0	228241.0	228241.0	228241.0	228241.0	228241.0	228241.0	228241.0	228241.0	228241.0	228241.0	228241.0	228241.0	228241.0	228241.0	228241.0	228241.0	228241.0	228241.0	228241.0	228241.0	228241.0	228241.0	228241.0	228241.0	228241.0	228241.0	228241.0	228241.0	228241.0	228241.0	228241.0	228241.0	228241.0	228241.0	228241.0	228241.0	228241.0	228241.0
126_TASK07_CON49_3.0_pos	pos	3.0	228241.0	228241.0	228241.0	228241.0	228241.0	228241.0	228241.0	228241.0	228241.0	228241.0	228241.0	228241.0	228241.0	228241.0	228241.0	228241.0	228241.0	228241.0	228241.0	228241.0	228241.0	228241.0	228241.0	228241.0	228241.0	228241.0	228241.0	228241.0	228241.0	228241.0	228241.0	228241.0	228241.0	228241.0	228241.0	228241.0	228241.0	228241.0	228241.0	228241.0	228241.0	228241.0	228241.0	228241.0	228241.0	228241.0	228241.0
126_TASK07_CON49_4.0_posneg	posneg	4.0	228241.0	228241.0	228241.0	228241.0	228241.0	228241.0	228241.0	228241.0	228241.0	228241.0	228241.0	228241.0	228241.0	228241.0	228241.0	228241.0	228241.0	228241.0	228241.0	228241.0	228241.0	228241.0	228241.0	228241.0	228241.0	228241.0	228241.0	228241.0	228241.0	228241.0	228241.0	228241.0	228241.0	228241.0	228241.0	228241.0	228241.0	228241.0	228241.0	228241.0	228241.0	228241.0	228241.0	228241.0	228241.0	228241.0	228241.0
126_TASK07_CON49_4.0_pos	pos	4.0	228241.0	228241.0	228241.0	228241.0	228241.0	228241.0	228241.0	228241.0	228241.0	228241.0	228241.0	228241.0	228241.0	228241.0	228241.0	228241.0	228241.0	228241.0	228241.0	228241.0	228241.0	228241.0	228241.0	228241.0	228241.0	228241.0	228241.0	228241.0	228241.0	228241.0	228241.0	228241.0	228241.0	228241.0	228241.0	228241.0	228241.0	228241.0	228241.0	228241.0	228241.0	228241.0	228241.0	228241.0	228241.0	228241.0	228241.0
126_TASK07_CON49_5.0_posneg	posneg	5.0	228241.0	228241.0	228241.0	228241.0	228241.0	228241.0	228241.0	228241.0	228241.0	228241.0	228241.0	228241.0	228241.0	228241.0	228241.0	228241.0	228241.0	228241.0	228241.0	228241.0	228241.0	228241.0	228241.0	228241.0	228241.0	228241.0	228241.0	228241.0	228241.0	228241.0	228241.0	228241.0	228241.0	228241.0	228241.0	228241.0	228241.0	228241.0	228241.0	228241.0	228241.0	228241.0	228241.0	228241.0	228241.0	228241.0	228241.0
126_TASK07_CON49_5.0_pos	pos	5.0	228241.0	228241.0	228241.0	228241.0	228241.0	228241.0	228241.0	228241.0	228241.0	228241.0	228241.0	228241.0	228241.0	228241.0	228241.0	228241.0	228241.0	228241.0	228241.0	228241.0	228241.0	228241.0	228241.0	228241.0	228241.0	228241.0	228241.0	228241.0	228241.0	228241.0	228241.0	228241.0	228241.0	228241.0	228241.0	228241.0	228241.0	228241.0	228241.0	228241.0	228241.0	228241.0	228241.0	228241.0	228241.0	228241.0	228241.0
126_TASK07_CON49_6.0_posneg	posneg	6.0	228241.0	228241.0	228241.0	228241.0	228241.0	228241.0	228241.0	228241.0	228241.0	228241.0	228241.0	228241.0	228241.0	228241.0	228241.0	228241.0	228241.0	228241.0	228241.0	228241.0	228241.0	228241.0	228241.0	228241.0	228241.0	228241.0	228241.0	228241.0	228241.0	228241.0	228241.0	228241.0	228241.0	228241.0	228241.0	228241.0	228241.0	228241.0	228241.0	228241.0	228241.0	228241.0	228241.0	228241.0	228241.0	228241.0	228241.0
126_TASK07_CON49_6.0_pos	pos	6.0	228241.0	228241.0	228241.0	228241.0	228241.0	228241.0	228241.0	228241.0	228241.0	228241.0	228241.0	228241.0	228241.0	228241.0	228241.0	228241.0	228241.0	228241.0	228241.0	228241.0	228241.0	228241.0	228241.0	228241.0	228241.0	228241.0	228241.0	228241.0	228241.0	228241.0	228241.0	228241.0	228241.0	228241.0	228241.0	228241.0	228241.0	228241.0	228241.0	228241.0	228241.0	228241.0	228241.0	228241.0	228241.0	228241.0	228241.0
126_TASK07_CON49_7.0_posneg	posneg	7.0	228241.0	228241.0	228241.0	228241.0	228241.0	228241.0	228241.0	228241.0	228241.0	228241.0	228241.0	228241.0	228241.0	228241.0	228241.0	228241.0	228241.0	228241.0	228241.0	228241.0	228241.0	228241.0	228241.0	228241.0	228241.0	228241.0	228241.0	228241.0	228241.0	228241.0	228241.0	228241.0	228241.0	228241.0	228241.0	228241.0	228241.0	228241.0	228241.0	228241.0	228241.0	228241.0	228241.0	228241.0	228241.0	228241.0	228241.0
126_TASK07_CON49_7.0_pos	pos	7.0	228241.0	228241.0	228241.0	228241.0	228241.0	228241.0	228241.0	228241.0	228241.0	228241.0	228241.0	228241.0	228241.0	228241.0	228241.0	228241.0	228241.0	228241.0	228241.0	228241.0	228241.0	228241.0	228241.0	228241.0	228241.0	228241.0	228241.0	228241.0	228241.0	228241.0	228241.0	228241.0	228241.0	228241.0	228241.0	228241.0	228241.0	228241.0	228241.0	228241.0	228241.0	228241.0	228241.0	228241.0	228241.0	228241.0	228241.0
126_TASK07_CON49_8.0_posneg	posneg	8.0	228241.0	228241.0	228241.0	228241.0	228241.0	228241.0	228241.0	228241.0	228241.0	228241.0	228241.0	228241.0	228241.0	228241.0	228241.0	228241.0	228241.0	228241.0	228241.0	228241.0	228241.0	228241.0	228241.0	228241.0	228241.0	228241.0	228241.0	228241.0	228241.0	228241.0	228241.0	228241.0	228241.0	228241.0	228241.0	228241.0	228241.0	228241.0	228241.0	228241.0	228241.0	228241.0	228241.0	228241.0	228241.0	228241.0	228241.0
126_TASK07_CON49_8.0_pos	pos	8.0	0.0	0.0	0.0	0.0	0.0	0.0	0.0	0.0	0.0	0.0	0.0	0.0	0.0	0.0	0.0	0.0	0.0	0.0	0.0	0.0	0.0	0.0	0.0	0.0	0.0	0.0	0.0	0.0	0.0	0.0	0.0	0.0	0.0	0.0	0.0	0.0	0.0	0.0	0.0	0.0	0.0	0.0	0.0	0.0	0.0	0.0	0.0
126_TASK07_CON49_9.0_posneg	posneg	9.0	0.0	0.0	0.0	0.0	0.0	0.0	0.0	0.0	0.0	0.0	0.0	0.0	0.0	0.0	0.0	0.0	0.0	0.0	0.0	0.0	0.0	0.0	0.0	0.0	0.0	0.0	0.0	0.0	0.0	0.0	0.0	0.0	0.0	0.0	0.0	0.0	0.0	0.0	0.0	0.0	0.0	0.0	0.0	0.0	0.0	0.0	0.0
126_TASK07_CON49_9.0_pos	pos	9.0	0.0	0.0	0.0	0.0	0.0	0.0	0.0	0.0	0.0	0.0	0.0	0.0	0.0	0.0	0.0	0.0	0.0	0.0	0.0	0.0	0.0	0.0	0.0	0.0	0.0	0.0	0.0	0.0	0.0	0.0	0.0	0.0	0.0	0.0	0.0	0.0	0.0	0.0	0.0	0.0	0.0	0.0	0.0	0.0	0.0	0.0	0.0
126_TASK07_CON49_10.0_posneg	posneg	10.0	0.0	0.0	0.0	0.0	0.0	0.0	0.0	0.0	0.0	0.0	0.0	0.0	0.0	0.0	0.0	0.0	0.0	0.0	0.0	0.0	0.0	0.0	0.0	0.0	0.0	0.0	0.0	0.0	0.0	0.0	0.0	0.0	0.0	0.0	0.0	0.0	0.0	0.0	0.0	0.0	0.0	0.0	0.0	0.0	0.0	0.0	0.0
126_TASK07_CON49_10.0_pos	pos	10.0	0.0	0.0	0.0	0.0	0.0	0.0	0.0	0.0	0.0	0.0	0.0	0.0	0.0	0.0	0.0	0.0	0.0	0.0	0.0	0.0	0.0	0.0	0.0	0.0	0.0	0.0	0.0	0.0	0.0	0.0	0.0	0.0	0.0	0.0	0.0	0.0	0.0	0.0	0.0	0.0	0.0	0.0	0.0	0.0	0.0	0.0	0.0
126_TASK07_CON49_11.0_posneg	posneg	11.0	0.0	0.0	0.0	0.0	0.0	0.0	0.0	0.0	0.0	0.0	0.0	0.0	0.0	0.0	0.0	0.0	0.0	0.0	0.0	0.0	0.0	0.0	0.0	0.0	0.0	0.0	0.0	0.0	0.0	0.0	0.0	0.0	0.0	0.0	0.0	0.0	0.0	0.0	0.0	0.0	0.0	0.0	0.0	0.0	0.0	0.0	0.0
126_TASK07_CON49_11.0_pos	pos	11.0	0.0	0.0	0.0	0.0	0.0	0.0	0.0	0.0	0.0	0.0	0.0	0.0	0.0	0.0	0.0	0.0	0.0	0.0	0.0	0.0	0.0	0.0	0.0	0.0	0.0	0.0	0.0	0.0	0.0	0.0	0.0	0.0	0.0	0.0	0.0	0.0	0.0	0.0	0.0	0.0	0.0	0.0	0.0	0.0	0.0	0.0	0.0
126_TASK07_CON49_12.0_posneg	posneg	12.0	0.0	0.0	0.0	0.0	0.0	0.0	0.0	0.0	0.0	0.0	0.0	0.0	0.0	0.0	0.0	0.0	0.0	0.0	0.0	0.0	0.0	0.0	0.0	0.0	0.0	0.0	0.0	0.0	0.0	0.0	0.0	0.0	0.0	0.0	0.0	0.0	0.0	0.0	0.0	0.0	0.0	0.0	0.0	0.0	0.0	0.0	0.0
126_TASK07_CON49_12.0_pos	pos	12.0	0.0	0.0	0.0	0.0	0.0	0.0	0.0	0.0	0.0	0.0	0.0	0.0	0.0	0.0	0.0	0.0	0.0	0.0	0.0	0.0	0.0	0.0	0.0	0.0	0.0	0.0	0.0	0.0	0.0	0.0	0.0	0.0	0.0	0.0	0.0	0.0	0.0	0.0	0.0	0.0	0.0	0.0	0.0	0.0	0.0	0.0	0.0
126_TASK07_CON49_13.0_posneg	posneg	13.0	0.0	0.0	0.0	0.0	0.0	0.0	0.0	0.0	0.0	0.0	0.0	0.0	0.0	0.0	0.0	0.0	0.0	0.0	0.0	0.0	0.0	0.0	0.0	0.0	0.0	0.0	0.0	0.0	0.0	0.0	0.0	0.0	0.0	0.0	0.0	0.0	0.0	0.0	0.0	0.0	0.0	0.0	0.0	0.0	0.0	0.0	0.0
126_TASK07_CON49_13.0_pos	pos	13.0	0.0	0.0	0.0	0.0	0.0	0.0	0.0	0.0	0.0	0.0	0.0	0.0	0.0	0.0	0.0	0.0	0.0	0.0	0.0	0.0	0.0	0.0	0.0	0.0	0.0	0.0	0.0	0.0	0.0	0.0	0.0	0.0	0.0	0.0	0.0	0.0	0.0	0.0	0.0	0.0	0.0	0.0	0.0	0.0	0.0	0.0	0.0
126_TASK07_CON50_0.0_posneg	posneg	0.0	228380.0	228380.0	228380.0	228380.0	228380.0	228380.0	228380.0	228380.0	228380.0	228380.0	228380.0	228380.0	228380.0	228380.0	228380.0	228380.0	228380.0	228380.0	228380.0	228380.0	228380.0	228380.0	228380.0	228380.0	228380.0	228380.0	228380.0	228380.0	228380.0	228380.0	228380.0	228380.0	228380.0	228380.0	228380.0	228380.0	228380.0	228380.0	228380.0	228380.0	228380.0	228380.0	228380.0	228380.0	228380.0	228380.0	228380.0
126_TASK07_CON50_0.0_pos	pos	0.0	228287.0	228287.0	228287.0	228287.0	228287.0	228287.0	228287.0	228287.0	228287.0	228287.0	228287.0	228287.0	228287.0	228287.0	228287.0	228287.0	228287.0	228287.0	228287.0	228287.0	228287.0	228287.0	228287.0	228287.0	228287.0	228287.0	228287.0	228287.0	228287.0	228287.0	228287.0	228287.0	228287.0	228287.0	228287.0	228287.0	228287.0	228287.0	228287.0	228287.0	228287.0	228287.0	228287.0	228287.0	228287.0	228287.0	228287.0
126_TASK07_CON50_1.0_posneg	posneg	1.0	228274.0	228274.0	228274.0	228274.0	228274.0	228274.0	228274.0	228274.0	228274.0	228274.0	228274.0	228274.0	228274.0	228274.0	228274.0	228274.0	228274.0	228274.0	228274.0	228274.0	228274.0	228274.0	228274.0	228274.0	228274.0	228274.0	228274.0	228274.0	228274.0	228274.0	228274.0	228274.0	228274.0	228274.0	228274.0	228274.0	228274.0	228274.0	228274.0	228274.0	228274.0	228274.0	228274.0	228274.0	228274.0	228274.0	228274.0
126_TASK07_CON50_1.0_pos	pos	1.0	228246.0	228246.0	228246.0	228246.0	228246.0	228246.0	228246.0	228246.0	228246.0	228246.0	228246.0	228246.0	228246.0	228246.0	228246.0	228246.0	228246.0	228246.0	228246.0	228246.0	228246.0	228246.0	228246.0	228246.0	228246.0	228246.0	228246.0	228246.0	228246.0	228246.0	228246.0	228246.0	228246.0	228246.0	228246.0	228246.0	228246.0	228246.0	228246.0	228246.0	228246.0	228246.0	228246.0	228246.0	228246.0	228246.0	228246.0
126_TASK07_CON50_2.0_posneg	posneg	2.0	228241.0	228241.0	228241.0	228241.0	228241.0	228241.0	228241.0	228241.0	228241.0	228241.0	228241.0	228241.0	228241.0	228241.0	228241.0	228241.0	228241.0	228241.0	228241.0	228241.0	228241.0	228241.0	228241.0	228241.0	228241.0	228241.0	228241.0	228241.0	228241.0	228241.0	228241.0	228241.0	228241.0	228241.0	228241.0	228241.0	228241.0	228241.0	228241.0	228241.0	228241.0	228241.0	228241.0	228241.0	228241.0	228241.0	228241.0
126_TASK07_CON50_2.0_pos	pos	2.0	228241.0	228241.0	228241.0	228241.0	228241.0	228241.0	228241.0	228241.0	228241.0	228241.0	228241.0	228241.0	228241.0	228241.0	228241.0	228241.0	228241.0	228241.0	228241.0	228241.0	228241.0	228241.0	228241.0	228241.0	228241.0	228241.0	228241.0	228241.0	228241.0	228241.0	228241.0	228241.0	228241.0	228241.0	228241.0	228241.0	228241.0	228241.0	228241.0	228241.0	228241.0	228241.0	228241.0	228241.0	228241.0	228241.0	228241.0
126_TASK07_CON50_3.0_posneg	posneg	3.0	228241.0	228241.0	228241.0	228241.0	228241.0	228241.0	228241.0	228241.0	228241.0	228241.0	228241.0	228241.0	228241.0	228241.0	228241.0	228241.0	228241.0	228241.0	228241.0	228241.0	228241.0	228241.0	228241.0	228241.0	228241.0	228241.0	228241.0	228241.0	228241.0	228241.0	228241.0	228241.0	228241.0	228241.0	228241.0	228241.0	228241.0	228241.0	228241.0	228241.0	228241.0	228241.0	228241.0	228241.0	228241.0	228241.0	228241.0
126_TASK07_CON50_3.0_pos	pos	3.0	228241.0	228241.0	228241.0	228241.0	228241.0	228241.0	228241.0	228241.0	228241.0	228241.0	228241.0	228241.0	228241.0	228241.0	228241.0	228241.0	228241.0	228241.0	228241.0	228241.0	228241.0	228241.0	228241.0	228241.0	228241.0	228241.0	228241.0	228241.0	228241.0	228241.0	228241.0	228241.0	228241.0	228241.0	228241.0	228241.0	228241.0	228241.0	228241.0	228241.0	228241.0	228241.0	228241.0	228241.0	228241.0	228241.0	228241.0
126_TASK07_CON50_4.0_posneg	posneg	4.0	228241.0	228241.0	228241.0	228241.0	228241.0	228241.0	228241.0	228241.0	228241.0	228241.0	228241.0	228241.0	228241.0	228241.0	228241.0	228241.0	228241.0	228241.0	228241.0	228241.0	228241.0	228241.0	228241.0	228241.0	228241.0	228241.0	228241.0	228241.0	228241.0	228241.0	228241.0	228241.0	228241.0	228241.0	228241.0	228241.0	228241.0	228241.0	228241.0	228241.0	228241.0	228241.0	228241.0	228241.0	228241.0	228241.0	228241.0
126_TASK07_CON50_4.0_pos	pos	4.0	228241.0	228241.0	228241.0	228241.0	228241.0	228241.0	228241.0	228241.0	228241.0	228241.0	228241.0	228241.0	228241.0	228241.0	228241.0	228241.0	228241.0	228241.0	228241.0	228241.0	228241.0	228241.0	228241.0	228241.0	228241.0	228241.0	228241.0	228241.0	228241.0	228241.0	228241.0	228241.0	228241.0	228241.0	228241.0	228241.0	228241.0	228241.0	228241.0	228241.0	228241.0	228241.0	228241.0	228241.0	228241.0	228241.0	228241.0
126_TASK07_CON50_5.0_posneg	posneg	5.0	228241.0	228241.0	228241.0	228241.0	228241.0	228241.0	228241.0	228241.0	228241.0	228241.0	228241.0	228241.0	228241.0	228241.0	228241.0	228241.0	228241.0	228241.0	228241.0	228241.0	228241.0	228241.0	228241.0	228241.0	228241.0	228241.0	228241.0	228241.0	228241.0	228241.0	228241.0	228241.0	228241.0	228241.0	228241.0	228241.0	228241.0	228241.0	228241.0	228241.0	228241.0	228241.0	228241.0	228241.0	228241.0	228241.0	228241.0
126_TASK07_CON50_5.0_pos	pos	5.0	228241.0	228241.0	228241.0	228241.0	228241.0	228241.0	228241.0	228241.0	228241.0	228241.0	228241.0	228241.0	228241.0	228241.0	228241.0	228241.0	228241.0	228241.0	228241.0	228241.0	228241.0	228241.0	228241.0	228241.0	228241.0	228241.0	228241.0	228241.0	228241.0	228241.0	228241.0	228241.0	228241.0	228241.0	228241.0	228241.0	228241.0	228241.0	228241.0	228241.0	228241.0	228241.0	228241.0	228241.0	228241.0	228241.0	228241.0
126_TASK07_CON50_6.0_posneg	posneg	6.0	228241.0	228241.0	228241.0	228241.0	228241.0	228241.0	228241.0	228241.0	228241.0	228241.0	228241.0	228241.0	228241.0	228241.0	228241.0	228241.0	228241.0	228241.0	228241.0	228241.0	228241.0	228241.0	228241.0	228241.0	228241.0	228241.0	228241.0	228241.0	228241.0	228241.0	228241.0	228241.0	228241.0	228241.0	228241.0	228241.0	228241.0	228241.0	228241.0	228241.0	228241.0	228241.0	228241.0	228241.0	228241.0	228241.0	228241.0
126_TASK07_CON50_6.0_pos	pos	6.0	228241.0	228241.0	228241.0	228241.0	228241.0	228241.0	228241.0	228241.0	228241.0	228241.0	228241.0	228241.0	228241.0	228241.0	228241.0	228241.0	228241.0	228241.0	228241.0	228241.0	228241.0	228241.0	228241.0	228241.0	228241.0	228241.0	228241.0	228241.0	228241.0	228241.0	228241.0	228241.0	228241.0	228241.0	228241.0	228241.0	228241.0	228241.0	228241.0	228241.0	228241.0	228241.0	228241.0	228241.0	228241.0	228241.0	228241.0
126_TASK07_CON50_7.0_posneg	posneg	7.0	228241.0	228241.0	228241.0	228241.0	228241.0	228241.0	228241.0	228241.0	228241.0	228241.0	228241.0	228241.0	228241.0	228241.0	228241.0	228241.0	228241.0	228241.0	228241.0	228241.0	228241.0	228241.0	228241.0	228241.0	228241.0	228241.0	228241.0	228241.0	228241.0	228241.0	228241.0	228241.0	228241.0	228241.0	228241.0	228241.0	228241.0	228241.0	228241.0	228241.0	228241.0	228241.0	228241.0	228241.0	228241.0	228241.0	228241.0
126_TASK07_CON50_7.0_pos	pos	7.0	0.0	0.0	0.0	0.0	0.0	0.0	0.0	0.0	0.0	0.0	0.0	0.0	0.0	0.0	0.0	0.0	0.0	0.0	0.0	0.0	0.0	0.0	0.0	0.0	0.0	0.0	0.0	0.0	0.0	0.0	0.0	0.0	0.0	0.0	0.0	0.0	0.0	0.0	0.0	0.0	0.0	0.0	0.0	0.0	0.0	0.0	0.0
126_TASK07_CON50_8.0_posneg	posneg	8.0	228241.0	228241.0	228241.0	228241.0	228241.0	228241.0	228241.0	228241.0	228241.0	228241.0	228241.0	228241.0	228241.0	228241.0	228241.0	228241.0	228241.0	228241.0	228241.0	228241.0	228241.0	228241.0	228241.0	228241.0	228241.0	228241.0	228241.0	228241.0	228241.0	228241.0	228241.0	228241.0	228241.0	228241.0	228241.0	228241.0	228241.0	228241.0	228241.0	228241.0	228241.0	228241.0	228241.0	228241.0	228241.0	228241.0	228241.0
126_TASK07_CON50_8.0_pos	pos	8.0	0.0	0.0	0.0	0.0	0.0	0.0	0.0	0.0	0.0	0.0	0.0	0.0	0.0	0.0	0.0	0.0	0.0	0.0	0.0	0.0	0.0	0.0	0.0	0.0	0.0	0.0	0.0	0.0	0.0	0.0	0.0	0.0	0.0	0.0	0.0	0.0	0.0	0.0	0.0	0.0	0.0	0.0	0.0	0.0	0.0	0.0	0.0
126_TASK07_CON50_9.0_posneg	posneg	9.0	228241.0	228241.0	228241.0	228241.0	228241.0	228241.0	228241.0	228241.0	228241.0	228241.0	228241.0	228241.0	228241.0	228241.0	228241.0	228241.0	228241.0	228241.0	228241.0	228241.0	228241.0	228241.0	228241.0	228241.0	228241.0	228241.0	228241.0	228241.0	228241.0	228241.0	228241.0	228241.0	228241.0	228241.0	228241.0	228241.0	228241.0	228241.0	228241.0	228241.0	228241.0	228241.0	228241.0	228241.0	228241.0	228241.0	228241.0
126_TASK07_CON50_9.0_pos	pos	9.0	0.0	0.0	0.0	0.0	0.0	0.0	0.0	0.0	0.0	0.0	0.0	0.0	0.0	0.0	0.0	0.0	0.0	0.0	0.0	0.0	0.0	0.0	0.0	0.0	0.0	0.0	0.0	0.0	0.0	0.0	0.0	0.0	0.0	0.0	0.0	0.0	0.0	0.0	0.0	0.0	0.0	0.0	0.0	0.0	0.0	0.0	0.0
126_TASK07_CON50_10.0_posneg	posneg	10.0	0.0	0.0	0.0	0.0	0.0	0.0	0.0	0.0	0.0	0.0	0.0	0.0	0.0	0.0	0.0	0.0	0.0	0.0	0.0	0.0	0.0	0.0	0.0	0.0	0.0	0.0	0.0	0.0	0.0	0.0	0.0	0.0	0.0	0.0	0.0	0.0	0.0	0.0	0.0	0.0	0.0	0.0	0.0	0.0	0.0	0.0	0.0
126_TASK07_CON50_10.0_pos	pos	10.0	0.0	0.0	0.0	0.0	0.0	0.0	0.0	0.0	0.0	0.0	0.0	0.0	0.0	0.0	0.0	0.0	0.0	0.0	0.0	0.0	0.0	0.0	0.0	0.0	0.0	0.0	0.0	0.0	0.0	0.0	0.0	0.0	0.0	0.0	0.0	0.0	0.0	0.0	0.0	0.0	0.0	0.0	0.0	0.0	0.0	0.0	0.0
126_TASK07_CON50_11.0_posneg	posneg	11.0	0.0	0.0	0.0	0.0	0.0	0.0	0.0	0.0	0.0	0.0	0.0	0.0	0.0	0.0	0.0	0.0	0.0	0.0	0.0	0.0	0.0	0.0	0.0	0.0	0.0	0.0	0.0	0.0	0.0	0.0	0.0	0.0	0.0	0.0	0.0	0.0	0.0	0.0	0.0	0.0	0.0	0.0	0.0	0.0	0.0	0.0	0.0
126_TASK07_CON50_11.0_pos	pos	11.0	0.0	0.0	0.0	0.0	0.0	0.0	0.0	0.0	0.0	0.0	0.0	0.0	0.0	0.0	0.0	0.0	0.0	0.0	0.0	0.0	0.0	0.0	0.0	0.0	0.0	0.0	0.0	0.0	0.0	0.0	0.0	0.0	0.0	0.0	0.0	0.0	0.0	0.0	0.0	0.0	0.0	0.0	0.0	0.0	0.0	0.0	0.0
126_TASK07_CON50_12.0_posneg	posneg	12.0	0.0	0.0	0.0	0.0	0.0	0.0	0.0	0.0	0.0	0.0	0.0	0.0	0.0	0.0	0.0	0.0	0.0	0.0	0.0	0.0	0.0	0.0	0.0	0.0	0.0	0.0	0.0	0.0	0.0	0.0	0.0	0.0	0.0	0.0	0.0	0.0	0.0	0.0	0.0	0.0	0.0	0.0	0.0	0.0	0.0	0.0	0.0
126_TASK07_CON50_12.0_pos	pos	12.0	0.0	0.0	0.0	0.0	0.0	0.0	0.0	0.0	0.0	0.0	0.0	0.0	0.0	0.0	0.0	0.0	0.0	0.0	0.0	0.0	0.0	0.0	0.0	0.0	0.0	0.0	0.0	0.0	0.0	0.0	0.0	0.0	0.0	0.0	0.0	0.0	0.0	0.0	0.0	0.0	0.0	0.0	0.0	0.0	0.0	0.0	0.0
126_TASK07_CON50_13.0_posneg	posneg	13.0	0.0	0.0	0.0	0.0	0.0	0.0	0.0	0.0	0.0	0.0	0.0	0.0	0.0	0.0	0.0	0.0	0.0	0.0	0.0	0.0	0.0	0.0	0.0	0.0	0.0	0.0	0.0	0.0	0.0	0.0	0.0	0.0	0.0	0.0	0.0	0.0	0.0	0.0	0.0	0.0	0.0	0.0	0.0	0.0	0.0	0.0	0.0
126_TASK07_CON50_13.0_pos	pos	13.0	0.0	0.0	0.0	0.0	0.0	0.0	0.0	0.0	0.0	0.0	0.0	0.0	0.0	0.0	0.0	0.0	0.0	0.0	0.0	0.0	0.0	0.0	0.0	0.0	0.0	0.0	0.0	0.0	0.0	0.0	0.0	0.0	0.0	0.0	0.0	0.0	0.0	0.0	0.0	0.0	0.0	0.0	0.0	0.0	0.0	0.0	0.0
126_TASK07_CON51_0.0_posneg	posneg	0.0	228380.0	228380.0	228380.0	228380.0	228380.0	228380.0	228380.0	228380.0	228380.0	228380.0	228380.0	228380.0	228380.0	228380.0	228380.0	228380.0	228380.0	228380.0	228380.0	228380.0	228380.0	228380.0	228380.0	228380.0	228380.0	228380.0	228380.0	228380.0	228380.0	228380.0	228380.0	228380.0	228380.0	228380.0	228380.0	228380.0	228380.0	228380.0	228380.0	228380.0	228380.0	228380.0	228380.0	228380.0	228380.0	228380.0	228380.0
126_TASK07_CON51_0.0_pos	pos	0.0	228316.0	228316.0	228316.0	228316.0	228316.0	228316.0	228316.0	228316.0	228316.0	228316.0	228316.0	228316.0	228316.0	228316.0	228316.0	228316.0	228316.0	228316.0	228316.0	228316.0	228316.0	228316.0	228316.0	228316.0	228316.0	228316.0	228316.0	228316.0	228316.0	228316.0	228316.0	228316.0	228316.0	228316.0	228316.0	228316.0	228316.0	228316.0	228316.0	228316.0	228316.0	228316.0	228316.0	228316.0	228316.0	228316.0	228316.0
126_TASK07_CON51_1.0_posneg	posneg	1.0	228279.0	228279.0	228279.0	228279.0	228279.0	228279.0	228279.0	228279.0	228279.0	228279.0	228279.0	228279.0	228279.0	228279.0	228279.0	228279.0	228279.0	228279.0	228279.0	228279.0	228279.0	228279.0	228279.0	228279.0	228279.0	228279.0	228279.0	228279.0	228279.0	228279.0	228279.0	228279.0	228279.0	228279.0	228279.0	228279.0	228279.0	228279.0	228279.0	228279.0	228279.0	228279.0	228279.0	228279.0	228279.0	228279.0	228279.0
126_TASK07_CON51_1.0_pos	pos	1.0	228267.0	228267.0	228267.0	228267.0	228267.0	228267.0	228267.0	228267.0	228267.0	228267.0	228267.0	228267.0	228267.0	228267.0	228267.0	228267.0	228267.0	228267.0	228267.0	228267.0	228267.0	228267.0	228267.0	228267.0	228267.0	228267.0	228267.0	228267.0	228267.0	228267.0	228267.0	228267.0	228267.0	228267.0	228267.0	228267.0	228267.0	228267.0	228267.0	228267.0	228267.0	228267.0	228267.0	228267.0	228267.0	228267.0	228267.0
126_TASK07_CON51_2.0_posneg	posneg	2.0	228241.0	228241.0	228241.0	228241.0	228241.0	228241.0	228241.0	228241.0	228241.0	228241.0	228241.0	228241.0	228241.0	228241.0	228241.0	228241.0	228241.0	228241.0	228241.0	228241.0	228241.0	228241.0	228241.0	228241.0	228241.0	228241.0	228241.0	228241.0	228241.0	228241.0	228241.0	228241.0	228241.0	228241.0	228241.0	228241.0	228241.0	228241.0	228241.0	228241.0	228241.0	228241.0	228241.0	228241.0	228241.0	228241.0	228241.0
126_TASK07_CON51_2.0_pos	pos	2.0	228241.0	228241.0	228241.0	228241.0	228241.0	228241.0	228241.0	228241.0	228241.0	228241.0	228241.0	228241.0	228241.0	228241.0	228241.0	228241.0	228241.0	228241.0	228241.0	228241.0	228241.0	228241.0	228241.0	228241.0	228241.0	228241.0	228241.0	228241.0	228241.0	228241.0	228241.0	228241.0	228241.0	228241.0	228241.0	228241.0	228241.0	228241.0	228241.0	228241.0	228241.0	228241.0	228241.0	228241.0	228241.0	228241.0	228241.0
126_TASK07_CON51_3.0_posneg	posneg	3.0	228241.0	228241.0	228241.0	228241.0	228241.0	228241.0	228241.0	228241.0	228241.0	228241.0	228241.0	228241.0	228241.0	228241.0	228241.0	228241.0	228241.0	228241.0	228241.0	228241.0	228241.0	228241.0	228241.0	228241.0	228241.0	228241.0	228241.0	228241.0	228241.0	228241.0	228241.0	228241.0	228241.0	228241.0	228241.0	228241.0	228241.0	228241.0	228241.0	228241.0	228241.0	228241.0	228241.0	228241.0	228241.0	228241.0	228241.0
126_TASK07_CON51_3.0_pos	pos	3.0	228241.0	228241.0	228241.0	228241.0	228241.0	228241.0	228241.0	228241.0	228241.0	228241.0	228241.0	228241.0	228241.0	228241.0	228241.0	228241.0	228241.0	228241.0	228241.0	228241.0	228241.0	228241.0	228241.0	228241.0	228241.0	228241.0	228241.0	228241.0	228241.0	228241.0	228241.0	228241.0	228241.0	228241.0	228241.0	228241.0	228241.0	228241.0	228241.0	228241.0	228241.0	228241.0	228241.0	228241.0	228241.0	228241.0	228241.0
126_TASK07_CON51_4.0_posneg	posneg	4.0	228241.0	228241.0	228241.0	228241.0	228241.0	228241.0	228241.0	228241.0	228241.0	228241.0	228241.0	228241.0	228241.0	228241.0	228241.0	228241.0	228241.0	228241.0	228241.0	228241.0	228241.0	228241.0	228241.0	228241.0	228241.0	228241.0	228241.0	228241.0	228241.0	228241.0	228241.0	228241.0	228241.0	228241.0	228241.0	228241.0	228241.0	228241.0	228241.0	228241.0	228241.0	228241.0	228241.0	228241.0	228241.0	228241.0	228241.0
126_TASK07_CON51_4.0_pos	pos	4.0	228241.0	228241.0	228241.0	228241.0	228241.0	228241.0	228241.0	228241.0	228241.0	228241.0	228241.0	228241.0	228241.0	228241.0	228241.0	228241.0	228241.0	228241.0	228241.0	228241.0	228241.0	228241.0	228241.0	228241.0	228241.0	228241.0	228241.0	228241.0	228241.0	228241.0	228241.0	228241.0	228241.0	228241.0	228241.0	228241.0	228241.0	228241.0	228241.0	228241.0	228241.0	228241.0	228241.0	228241.0	228241.0	228241.0	228241.0
126_TASK07_CON51_5.0_posneg	posneg	5.0	228241.0	228241.0	228241.0	228241.0	228241.0	228241.0	228241.0	228241.0	228241.0	228241.0	228241.0	228241.0	228241.0	228241.0	228241.0	228241.0	228241.0	228241.0	228241.0	228241.0	228241.0	228241.0	228241.0	228241.0	228241.0	228241.0	228241.0	228241.0	228241.0	228241.0	228241.0	228241.0	228241.0	228241.0	228241.0	228241.0	228241.0	228241.0	228241.0	228241.0	228241.0	228241.0	228241.0	228241.0	228241.0	228241.0	228241.0
126_TASK07_CON51_5.0_pos	pos	5.0	228241.0	228241.0	228241.0	228241.0	228241.0	228241.0	228241.0	228241.0	228241.0	228241.0	228241.0	228241.0	228241.0	228241.0	228241.0	228241.0	228241.0	228241.0	228241.0	228241.0	228241.0	228241.0	228241.0	228241.0	228241.0	228241.0	228241.0	228241.0	228241.0	228241.0	228241.0	228241.0	228241.0	228241.0	228241.0	228241.0	228241.0	228241.0	228241.0	228241.0	228241.0	228241.0	228241.0	228241.0	228241.0	228241.0	228241.0
126_TASK07_CON51_6.0_posneg	posneg	6.0	228241.0	228241.0	228241.0	228241.0	228241.0	228241.0	228241.0	228241.0	228241.0	228241.0	228241.0	228241.0	228241.0	228241.0	228241.0	228241.0	228241.0	228241.0	228241.0	228241.0	228241.0	228241.0	228241.0	228241.0	228241.0	228241.0	228241.0	228241.0	228241.0	228241.0	228241.0	228241.0	228241.0	228241.0	228241.0	228241.0	228241.0	228241.0	228241.0	228241.0	228241.0	228241.0	228241.0	228241.0	228241.0	228241.0	228241.0
126_TASK07_CON51_6.0_pos	pos	6.0	228241.0	228241.0	228241.0	228241.0	228241.0	228241.0	228241.0	228241.0	228241.0	228241.0	228241.0	228241.0	228241.0	228241.0	228241.0	228241.0	228241.0	228241.0	228241.0	228241.0	228241.0	228241.0	228241.0	228241.0	228241.0	228241.0	228241.0	228241.0	228241.0	228241.0	228241.0	228241.0	228241.0	228241.0	228241.0	228241.0	228241.0	228241.0	228241.0	228241.0	228241.0	228241.0	228241.0	228241.0	228241.0	228241.0	228241.0
126_TASK07_CON51_7.0_posneg	posneg	7.0	228241.0	228241.0	228241.0	228241.0	228241.0	228241.0	228241.0	228241.0	228241.0	228241.0	228241.0	228241.0	228241.0	228241.0	228241.0	228241.0	228241.0	228241.0	228241.0	228241.0	228241.0	228241.0	228241.0	228241.0	228241.0	228241.0	228241.0	228241.0	228241.0	228241.0	228241.0	228241.0	228241.0	228241.0	228241.0	228241.0	228241.0	228241.0	228241.0	228241.0	228241.0	228241.0	228241.0	228241.0	228241.0	228241.0	228241.0
126_TASK07_CON51_7.0_pos	pos	7.0	228241.0	228241.0	228241.0	228241.0	228241.0	228241.0	228241.0	228241.0	228241.0	228241.0	228241.0	228241.0	228241.0	228241.0	228241.0	228241.0	228241.0	228241.0	228241.0	228241.0	228241.0	228241.0	228241.0	228241.0	228241.0	228241.0	228241.0	228241.0	228241.0	228241.0	228241.0	228241.0	228241.0	228241.0	228241.0	228241.0	228241.0	228241.0	228241.0	228241.0	228241.0	228241.0	228241.0	228241.0	228241.0	228241.0	228241.0
126_TASK07_CON51_8.0_posneg	posneg	8.0	228241.0	228241.0	228241.0	228241.0	228241.0	228241.0	228241.0	228241.0	228241.0	228241.0	228241.0	228241.0	228241.0	228241.0	228241.0	228241.0	228241.0	228241.0	228241.0	228241.0	228241.0	228241.0	228241.0	228241.0	228241.0	228241.0	228241.0	228241.0	228241.0	228241.0	228241.0	228241.0	228241.0	228241.0	228241.0	228241.0	228241.0	228241.0	228241.0	228241.0	228241.0	228241.0	228241.0	228241.0	228241.0	228241.0	228241.0
126_TASK07_CON51_8.0_pos	pos	8.0	228241.0	228241.0	228241.0	228241.0	228241.0	228241.0	228241.0	228241.0	228241.0	228241.0	228241.0	228241.0	228241.0	228241.0	228241.0	228241.0	228241.0	228241.0	228241.0	228241.0	228241.0	228241.0	228241.0	228241.0	228241.0	228241.0	228241.0	228241.0	228241.0	228241.0	228241.0	228241.0	228241.0	228241.0	228241.0	228241.0	228241.0	228241.0	228241.0	228241.0	228241.0	228241.0	228241.0	228241.0	228241.0	228241.0	228241.0
126_TASK07_CON51_9.0_posneg	posneg	9.0	0.0	0.0	0.0	0.0	0.0	0.0	0.0	0.0	0.0	0.0	0.0	0.0	0.0	0.0	0.0	0.0	0.0	0.0	0.0	0.0	0.0	0.0	0.0	0.0	0.0	0.0	0.0	0.0	0.0	0.0	0.0	0.0	0.0	0.0	0.0	0.0	0.0	0.0	0.0	0.0	0.0	0.0	0.0	0.0	0.0	0.0	0.0
126_TASK07_CON51_9.0_pos	pos	9.0	0.0	0.0	0.0	0.0	0.0	0.0	0.0	0.0	0.0	0.0	0.0	0.0	0.0	0.0	0.0	0.0	0.0	0.0	0.0	0.0	0.0	0.0	0.0	0.0	0.0	0.0	0.0	0.0	0.0	0.0	0.0	0.0	0.0	0.0	0.0	0.0	0.0	0.0	0.0	0.0	0.0	0.0	0.0	0.0	0.0	0.0	0.0
126_TASK07_CON51_10.0_posneg	posneg	10.0	0.0	0.0	0.0	0.0	0.0	0.0	0.0	0.0	0.0	0.0	0.0	0.0	0.0	0.0	0.0	0.0	0.0	0.0	0.0	0.0	0.0	0.0	0.0	0.0	0.0	0.0	0.0	0.0	0.0	0.0	0.0	0.0	0.0	0.0	0.0	0.0	0.0	0.0	0.0	0.0	0.0	0.0	0.0	0.0	0.0	0.0	0.0
126_TASK07_CON51_10.0_pos	pos	10.0	0.0	0.0	0.0	0.0	0.0	0.0	0.0	0.0	0.0	0.0	0.0	0.0	0.0	0.0	0.0	0.0	0.0	0.0	0.0	0.0	0.0	0.0	0.0	0.0	0.0	0.0	0.0	0.0	0.0	0.0	0.0	0.0	0.0	0.0	0.0	0.0	0.0	0.0	0.0	0.0	0.0	0.0	0.0	0.0	0.0	0.0	0.0
126_TASK07_CON51_11.0_posneg	posneg	11.0	0.0	0.0	0.0	0.0	0.0	0.0	0.0	0.0	0.0	0.0	0.0	0.0	0.0	0.0	0.0	0.0	0.0	0.0	0.0	0.0	0.0	0.0	0.0	0.0	0.0	0.0	0.0	0.0	0.0	0.0	0.0	0.0	0.0	0.0	0.0	0.0	0.0	0.0	0.0	0.0	0.0	0.0	0.0	0.0	0.0	0.0	0.0
126_TASK07_CON51_11.0_pos	pos	11.0	0.0	0.0	0.0	0.0	0.0	0.0	0.0	0.0	0.0	0.0	0.0	0.0	0.0	0.0	0.0	0.0	0.0	0.0	0.0	0.0	0.0	0.0	0.0	0.0	0.0	0.0	0.0	0.0	0.0	0.0	0.0	0.0	0.0	0.0	0.0	0.0	0.0	0.0	0.0	0.0	0.0	0.0	0.0	0.0	0.0	0.0	0.0
126_TASK07_CON51_12.0_posneg	posneg	12.0	0.0	0.0	0.0	0.0	0.0	0.0	0.0	0.0	0.0	0.0	0.0	0.0	0.0	0.0	0.0	0.0	0.0	0.0	0.0	0.0	0.0	0.0	0.0	0.0	0.0	0.0	0.0	0.0	0.0	0.0	0.0	0.0	0.0	0.0	0.0	0.0	0.0	0.0	0.0	0.0	0.0	0.0	0.0	0.0	0.0	0.0	0.0
126_TASK07_CON51_12.0_pos	pos	12.0	0.0	0.0	0.0	0.0	0.0	0.0	0.0	0.0	0.0	0.0	0.0	0.0	0.0	0.0	0.0	0.0	0.0	0.0	0.0	0.0	0.0	0.0	0.0	0.0	0.0	0.0	0.0	0.0	0.0	0.0	0.0	0.0	0.0	0.0	0.0	0.0	0.0	0.0	0.0	0.0	0.0	0.0	0.0	0.0	0.0	0.0	0.0
126_TASK07_CON51_13.0_posneg	posneg	13.0	0.0	0.0	0.0	0.0	0.0	0.0	0.0	0.0	0.0	0.0	0.0	0.0	0.0	0.0	0.0	0.0	0.0	0.0	0.0	0.0	0.0	0.0	0.0	0.0	0.0	0.0	0.0	0.0	0.0	0.0	0.0	0.0	0.0	0.0	0.0	0.0	0.0	0.0	0.0	0.0	0.0	0.0	0.0	0.0	0.0	0.0	0.0
126_TASK07_CON51_13.0_pos	pos	13.0	0.0	0.0	0.0	0.0	0.0	0.0	0.0	0.0	0.0	0.0	0.0	0.0	0.0	0.0	0.0	0.0	0.0	0.0	0.0	0.0	0.0	0.0	0.0	0.0	0.0	0.0	0.0	0.0	0.0	0.0	0.0	0.0	0.0	0.0	0.0	0.0	0.0	0.0	0.0	0.0	0.0	0.0	0.0	0.0	0.0	0.0	0.0
126_TASK07_CON52_0.0_posneg	posneg	0.0	228380.0	228380.0	228380.0	228380.0	228380.0	228380.0	228380.0	228380.0	228380.0	228380.0	228380.0	228380.0	228380.0	228380.0	228380.0	228380.0	228380.0	228380.0	228380.0	228380.0	228380.0	228380.0	228380.0	228380.0	228380.0	228380.0	228380.0	228380.0	228380.0	228380.0	228380.0	228380.0	228380.0	228380.0	228380.0	228380.0	228380.0	228380.0	228380.0	228380.0	228380.0	228380.0	228380.0	228380.0	228380.0	228380.0	228380.0
126_TASK07_CON52_0.0_pos	pos	0.0	228338.0	228338.0	228338.0	228338.0	228338.0	228338.0	228338.0	228338.0	228338.0	228338.0	228338.0	228338.0	228338.0	228338.0	228338.0	228338.0	228338.0	228338.0	228338.0	228338.0	228338.0	228338.0	228338.0	228338.0	228338.0	228338.0	228338.0	228338.0	228338.0	228338.0	228338.0	228338.0	228338.0	228338.0	228338.0	228338.0	228338.0	228338.0	228338.0	228338.0	228338.0	228338.0	228338.0	228338.0	228338.0	228338.0	228338.0
126_TASK07_CON52_1.0_posneg	posneg	1.0	228281.0	228281.0	228281.0	228281.0	228281.0	228281.0	228281.0	228281.0	228281.0	228281.0	228281.0	228281.0	228281.0	228281.0	228281.0	228281.0	228281.0	228281.0	228281.0	228281.0	228281.0	228281.0	228281.0	228281.0	228281.0	228281.0	228281.0	228281.0	228281.0	228281.0	228281.0	228281.0	228281.0	228281.0	228281.0	228281.0	228281.0	228281.0	228281.0	228281.0	228281.0	228281.0	228281.0	228281.0	228281.0	228281.0	228281.0
126_TASK07_CON52_1.0_pos	pos	1.0	228271.0	228271.0	228271.0	228271.0	228271.0	228271.0	228271.0	228271.0	228271.0	228271.0	228271.0	228271.0	228271.0	228271.0	228271.0	228271.0	228271.0	228271.0	228271.0	228271.0	228271.0	228271.0	228271.0	228271.0	228271.0	228271.0	228271.0	228271.0	228271.0	228271.0	228271.0	228271.0	228271.0	228271.0	228271.0	228271.0	228271.0	228271.0	228271.0	228271.0	228271.0	228271.0	228271.0	228271.0	228271.0	228271.0	228271.0
126_TASK07_CON52_2.0_posneg	posneg	2.0	228242.0	228242.0	228242.0	228242.0	228242.0	228242.0	228242.0	228242.0	228242.0	228242.0	228242.0	228242.0	228242.0	228242.0	228242.0	228242.0	228242.0	228242.0	228242.0	228242.0	228242.0	228242.0	228242.0	228242.0	228242.0	228242.0	228242.0	228242.0	228242.0	228242.0	228242.0	228242.0	228242.0	228242.0	228242.0	228242.0	228242.0	228242.0	228242.0	228242.0	228242.0	228242.0	228242.0	228242.0	228242.0	228242.0	228242.0
126_TASK07_CON52_2.0_pos	pos	2.0	228242.0	228242.0	228242.0	228242.0	228242.0	228242.0	228242.0	228242.0	228242.0	228242.0	228242.0	228242.0	228242.0	228242.0	228242.0	228242.0	228242.0	228242.0	228242.0	228242.0	228242.0	228242.0	228242.0	228242.0	228242.0	228242.0	228242.0	228242.0	228242.0	228242.0	228242.0	228242.0	228242.0	228242.0	228242.0	228242.0	228242.0	228242.0	228242.0	228242.0	228242.0	228242.0	228242.0	228242.0	228242.0	228242.0	228242.0
126_TASK07_CON52_3.0_posneg	posneg	3.0	228241.0	228241.0	228241.0	228241.0	228241.0	228241.0	228241.0	228241.0	228241.0	228241.0	228241.0	228241.0	228241.0	228241.0	228241.0	228241.0	228241.0	228241.0	228241.0	228241.0	228241.0	228241.0	228241.0	228241.0	228241.0	228241.0	228241.0	228241.0	228241.0	228241.0	228241.0	228241.0	228241.0	228241.0	228241.0	228241.0	228241.0	228241.0	228241.0	228241.0	228241.0	228241.0	228241.0	228241.0	228241.0	228241.0	228241.0
126_TASK07_CON52_3.0_pos	pos	3.0	228241.0	228241.0	228241.0	228241.0	228241.0	228241.0	228241.0	228241.0	228241.0	228241.0	228241.0	228241.0	228241.0	228241.0	228241.0	228241.0	228241.0	228241.0	228241.0	228241.0	228241.0	228241.0	228241.0	228241.0	228241.0	228241.0	228241.0	228241.0	228241.0	228241.0	228241.0	228241.0	228241.0	228241.0	228241.0	228241.0	228241.0	228241.0	228241.0	228241.0	228241.0	228241.0	228241.0	228241.0	228241.0	228241.0	228241.0
126_TASK07_CON52_4.0_posneg	posneg	4.0	228241.0	228241.0	228241.0	228241.0	228241.0	228241.0	228241.0	228241.0	228241.0	228241.0	228241.0	228241.0	228241.0	228241.0	228241.0	228241.0	228241.0	228241.0	228241.0	228241.0	228241.0	228241.0	228241.0	228241.0	228241.0	228241.0	228241.0	228241.0	228241.0	228241.0	228241.0	228241.0	228241.0	228241.0	228241.0	228241.0	228241.0	228241.0	228241.0	228241.0	228241.0	228241.0	228241.0	228241.0	228241.0	228241.0	228241.0
126_TASK07_CON52_4.0_pos	pos	4.0	228241.0	228241.0	228241.0	228241.0	228241.0	228241.0	228241.0	228241.0	228241.0	228241.0	228241.0	228241.0	228241.0	228241.0	228241.0	228241.0	228241.0	228241.0	228241.0	228241.0	228241.0	228241.0	228241.0	228241.0	228241.0	228241.0	228241.0	228241.0	228241.0	228241.0	228241.0	228241.0	228241.0	228241.0	228241.0	228241.0	228241.0	228241.0	228241.0	228241.0	228241.0	228241.0	228241.0	228241.0	228241.0	228241.0	228241.0
126_TASK07_CON52_5.0_posneg	posneg	5.0	228241.0	228241.0	228241.0	228241.0	228241.0	228241.0	228241.0	228241.0	228241.0	228241.0	228241.0	228241.0	228241.0	228241.0	228241.0	228241.0	228241.0	228241.0	228241.0	228241.0	228241.0	228241.0	228241.0	228241.0	228241.0	228241.0	228241.0	228241.0	228241.0	228241.0	228241.0	228241.0	228241.0	228241.0	228241.0	228241.0	228241.0	228241.0	228241.0	228241.0	228241.0	228241.0	228241.0	228241.0	228241.0	228241.0	228241.0
126_TASK07_CON52_5.0_pos	pos	5.0	228241.0	228241.0	228241.0	228241.0	228241.0	228241.0	228241.0	228241.0	228241.0	228241.0	228241.0	228241.0	228241.0	228241.0	228241.0	228241.0	228241.0	228241.0	228241.0	228241.0	228241.0	228241.0	228241.0	228241.0	228241.0	228241.0	228241.0	228241.0	228241.0	228241.0	228241.0	228241.0	228241.0	228241.0	228241.0	228241.0	228241.0	228241.0	228241.0	228241.0	228241.0	228241.0	228241.0	228241.0	228241.0	228241.0	228241.0
126_TASK07_CON52_6.0_posneg	posneg	6.0	228241.0	228241.0	228241.0	228241.0	228241.0	228241.0	228241.0	228241.0	228241.0	228241.0	228241.0	228241.0	228241.0	228241.0	228241.0	228241.0	228241.0	228241.0	228241.0	228241.0	228241.0	228241.0	228241.0	228241.0	228241.0	228241.0	228241.0	228241.0	228241.0	228241.0	228241.0	228241.0	228241.0	228241.0	228241.0	228241.0	228241.0	228241.0	228241.0	228241.0	228241.0	228241.0	228241.0	228241.0	228241.0	228241.0	228241.0
126_TASK07_CON52_6.0_pos	pos	6.0	228241.0	228241.0	228241.0	228241.0	228241.0	228241.0	228241.0	228241.0	228241.0	228241.0	228241.0	228241.0	228241.0	228241.0	228241.0	228241.0	228241.0	228241.0	228241.0	228241.0	228241.0	228241.0	228241.0	228241.0	228241.0	228241.0	228241.0	228241.0	228241.0	228241.0	228241.0	228241.0	228241.0	228241.0	228241.0	228241.0	228241.0	228241.0	228241.0	228241.0	228241.0	228241.0	228241.0	228241.0	228241.0	228241.0	228241.0
126_TASK07_CON52_7.0_posneg	posneg	7.0	0.0	0.0	0.0	0.0	0.0	0.0	0.0	0.0	0.0	0.0	0.0	0.0	0.0	0.0	0.0	0.0	0.0	0.0	0.0	0.0	0.0	0.0	0.0	0.0	0.0	0.0	0.0	0.0	0.0	0.0	0.0	0.0	0.0	0.0	0.0	0.0	0.0	0.0	0.0	0.0	0.0	0.0	0.0	0.0	0.0	0.0	0.0
126_TASK07_CON52_7.0_pos	pos	7.0	0.0	0.0	0.0	0.0	0.0	0.0	0.0	0.0	0.0	0.0	0.0	0.0	0.0	0.0	0.0	0.0	0.0	0.0	0.0	0.0	0.0	0.0	0.0	0.0	0.0	0.0	0.0	0.0	0.0	0.0	0.0	0.0	0.0	0.0	0.0	0.0	0.0	0.0	0.0	0.0	0.0	0.0	0.0	0.0	0.0	0.0	0.0
126_TASK07_CON52_8.0_posneg	posneg	8.0	0.0	0.0	0.0	0.0	0.0	0.0	0.0	0.0	0.0	0.0	0.0	0.0	0.0	0.0	0.0	0.0	0.0	0.0	0.0	0.0	0.0	0.0	0.0	0.0	0.0	0.0	0.0	0.0	0.0	0.0	0.0	0.0	0.0	0.0	0.0	0.0	0.0	0.0	0.0	0.0	0.0	0.0	0.0	0.0	0.0	0.0	0.0
126_TASK07_CON52_8.0_pos	pos	8.0	0.0	0.0	0.0	0.0	0.0	0.0	0.0	0.0	0.0	0.0	0.0	0.0	0.0	0.0	0.0	0.0	0.0	0.0	0.0	0.0	0.0	0.0	0.0	0.0	0.0	0.0	0.0	0.0	0.0	0.0	0.0	0.0	0.0	0.0	0.0	0.0	0.0	0.0	0.0	0.0	0.0	0.0	0.0	0.0	0.0	0.0	0.0
126_TASK07_CON52_9.0_posneg	posneg	9.0	0.0	0.0	0.0	0.0	0.0	0.0	0.0	0.0	0.0	0.0	0.0	0.0	0.0	0.0	0.0	0.0	0.0	0.0	0.0	0.0	0.0	0.0	0.0	0.0	0.0	0.0	0.0	0.0	0.0	0.0	0.0	0.0	0.0	0.0	0.0	0.0	0.0	0.0	0.0	0.0	0.0	0.0	0.0	0.0	0.0	0.0	0.0
126_TASK07_CON52_9.0_pos	pos	9.0	0.0	0.0	0.0	0.0	0.0	0.0	0.0	0.0	0.0	0.0	0.0	0.0	0.0	0.0	0.0	0.0	0.0	0.0	0.0	0.0	0.0	0.0	0.0	0.0	0.0	0.0	0.0	0.0	0.0	0.0	0.0	0.0	0.0	0.0	0.0	0.0	0.0	0.0	0.0	0.0	0.0	0.0	0.0	0.0	0.0	0.0	0.0
126_TASK07_CON52_10.0_posneg	posneg	10.0	0.0	0.0	0.0	0.0	0.0	0.0	0.0	0.0	0.0	0.0	0.0	0.0	0.0	0.0	0.0	0.0	0.0	0.0	0.0	0.0	0.0	0.0	0.0	0.0	0.0	0.0	0.0	0.0	0.0	0.0	0.0	0.0	0.0	0.0	0.0	0.0	0.0	0.0	0.0	0.0	0.0	0.0	0.0	0.0	0.0	0.0	0.0
126_TASK07_CON52_10.0_pos	pos	10.0	0.0	0.0	0.0	0.0	0.0	0.0	0.0	0.0	0.0	0.0	0.0	0.0	0.0	0.0	0.0	0.0	0.0	0.0	0.0	0.0	0.0	0.0	0.0	0.0	0.0	0.0	0.0	0.0	0.0	0.0	0.0	0.0	0.0	0.0	0.0	0.0	0.0	0.0	0.0	0.0	0.0	0.0	0.0	0.0	0.0	0.0	0.0
126_TASK07_CON52_11.0_posneg	posneg	11.0	0.0	0.0	0.0	0.0	0.0	0.0	0.0	0.0	0.0	0.0	0.0	0.0	0.0	0.0	0.0	0.0	0.0	0.0	0.0	0.0	0.0	0.0	0.0	0.0	0.0	0.0	0.0	0.0	0.0	0.0	0.0	0.0	0.0	0.0	0.0	0.0	0.0	0.0	0.0	0.0	0.0	0.0	0.0	0.0	0.0	0.0	0.0
126_TASK07_CON52_11.0_pos	pos	11.0	0.0	0.0	0.0	0.0	0.0	0.0	0.0	0.0	0.0	0.0	0.0	0.0	0.0	0.0	0.0	0.0	0.0	0.0	0.0	0.0	0.0	0.0	0.0	0.0	0.0	0.0	0.0	0.0	0.0	0.0	0.0	0.0	0.0	0.0	0.0	0.0	0.0	0.0	0.0	0.0	0.0	0.0	0.0	0.0	0.0	0.0	0.0
126_TASK07_CON52_12.0_posneg	posneg	12.0	0.0	0.0	0.0	0.0	0.0	0.0	0.0	0.0	0.0	0.0	0.0	0.0	0.0	0.0	0.0	0.0	0.0	0.0	0.0	0.0	0.0	0.0	0.0	0.0	0.0	0.0	0.0	0.0	0.0	0.0	0.0	0.0	0.0	0.0	0.0	0.0	0.0	0.0	0.0	0.0	0.0	0.0	0.0	0.0	0.0	0.0	0.0
126_TASK07_CON52_12.0_pos	pos	12.0	0.0	0.0	0.0	0.0	0.0	0.0	0.0	0.0	0.0	0.0	0.0	0.0	0.0	0.0	0.0	0.0	0.0	0.0	0.0	0.0	0.0	0.0	0.0	0.0	0.0	0.0	0.0	0.0	0.0	0.0	0.0	0.0	0.0	0.0	0.0	0.0	0.0	0.0	0.0	0.0	0.0	0.0	0.0	0.0	0.0	0.0	0.0
126_TASK07_CON52_13.0_posneg	posneg	13.0	0.0	0.0	0.0	0.0	0.0	0.0	0.0	0.0	0.0	0.0	0.0	0.0	0.0	0.0	0.0	0.0	0.0	0.0	0.0	0.0	0.0	0.0	0.0	0.0	0.0	0.0	0.0	0.0	0.0	0.0	0.0	0.0	0.0	0.0	0.0	0.0	0.0	0.0	0.0	0.0	0.0	0.0	0.0	0.0	0.0	0.0	0.0
126_TASK07_CON52_13.0_pos	pos	13.0	0.0	0.0	0.0	0.0	0.0	0.0	0.0	0.0	0.0	0.0	0.0	0.0	0.0	0.0	0.0	0.0	0.0	0.0	0.0	0.0	0.0	0.0	0.0	0.0	0.0	0.0	0.0	0.0	0.0	0.0	0.0	0.0	0.0	0.0	0.0	0.0	0.0	0.0	0.0	0.0	0.0	0.0	0.0	0.0	0.0	0.0	0.0
