	direction	thresh	338_TASK01_CON07	338_TASK01_CON08	338_TASK01_CON09	338_TASK02_CON25	338_TASK02_CON26	338_TASK02_CON27	338_TASK03_CON19	338_TASK03_CON20	338_TASK03_CON22	338_TASK04_CON61	338_TASK04_CON62	338_TASK04_CON63	338_TASK04_CON64	338_TASK04_CON65	338_TASK04_CON66	338_TASK04_CON67	338_TASK04_CON68	338_TASK04_CON69	338_TASK04_CON70	338_TASK04_CON71	338_TASK04_CON72	338_TASK04_CON73	338_TASK05_CON13	338_TASK05_CON14	338_TASK05_CON15	338_TASK06_CON01	338_TASK06_CON02	338_TASK06_CON06	338_TASK07_CON31	338_TASK07_CON32	338_TASK07_CON33	338_TASK07_CON34	338_TASK07_CON35	338_TASK07_CON36	338_TASK07_CON37	338_TASK07_CON38	338_TASK07_CON39	338_TASK07_CON40	338_TASK07_CON41	338_TASK07_CON45	338_TASK07_CON46	338_TASK07_CON47	338_TASK07_CON48	338_TASK07_CON49	338_TASK07_CON50	338_TASK07_CON51	338_TASK07_CON52
338_TASK01_CON07_0.0_posneg	posneg	0.0	228191.0	228191.0	228191.0	228191.0	228191.0	228191.0	228191.0	228191.0	228191.0	228191.0	228191.0	228191.0	228191.0	228191.0	228191.0	228191.0	228191.0	228191.0	228191.0	228191.0	228191.0	228191.0	228191.0	228191.0	228191.0	228191.0	228191.0	228191.0	228191.0	228191.0	228191.0	228191.0	228191.0	228191.0	228191.0	228191.0	228191.0	228191.0	228191.0	228191.0	228191.0	228191.0	228191.0	228191.0	228191.0	228191.0	228191.0
338_TASK01_CON07_0.0_pos	pos	0.0	114687.0	114687.0	114687.0	114687.0	114687.0	114687.0	114687.0	114687.0	114687.0	114687.0	114687.0	114687.0	114687.0	114687.0	114687.0	114687.0	114687.0	114687.0	114687.0	114687.0	114687.0	114687.0	114687.0	114687.0	114687.0	114687.0	114687.0	114687.0	114687.0	114687.0	114687.0	114687.0	114687.0	114687.0	114687.0	114687.0	114687.0	114687.0	114687.0	114687.0	114687.0	114687.0	114687.0	114687.0	114687.0	114687.0	114687.0
338_TASK01_CON07_1.0_posneg	posneg	1.0	150936.0	150936.0	150936.0	150936.0	150936.0	150936.0	150936.0	150936.0	150936.0	150936.0	150936.0	150936.0	150936.0	150936.0	150936.0	150936.0	150936.0	150936.0	150936.0	150936.0	150936.0	150936.0	150936.0	150936.0	150936.0	150936.0	150936.0	150936.0	150936.0	150936.0	150936.0	150936.0	150936.0	150936.0	150936.0	150936.0	150936.0	150936.0	150936.0	150936.0	150936.0	150936.0	150936.0	150936.0	150936.0	150936.0	150936.0
338_TASK01_CON07_1.0_pos	pos	1.0	77518.0	77518.0	77518.0	77518.0	77518.0	77518.0	77518.0	77518.0	77518.0	77518.0	77518.0	77518.0	77518.0	77518.0	77518.0	77518.0	77518.0	77518.0	77518.0	77518.0	77518.0	77518.0	77518.0	77518.0	77518.0	77518.0	77518.0	77518.0	77518.0	77518.0	77518.0	77518.0	77518.0	77518.0	77518.0	77518.0	77518.0	77518.0	77518.0	77518.0	77518.0	77518.0	77518.0	77518.0	77518.0	77518.0	77518.0
338_TASK01_CON07_2.0_posneg	posneg	2.0	93360.0	93360.0	93360.0	93360.0	93360.0	93360.0	93360.0	93360.0	93360.0	93360.0	93360.0	93360.0	93360.0	93360.0	93360.0	93360.0	93360.0	93360.0	93360.0	93360.0	93360.0	93360.0	93360.0	93360.0	93360.0	93360.0	93360.0	93360.0	93360.0	93360.0	93360.0	93360.0	93360.0	93360.0	93360.0	93360.0	93360.0	93360.0	93360.0	93360.0	93360.0	93360.0	93360.0	93360.0	93360.0	93360.0	93360.0
338_TASK01_CON07_2.0_pos	pos	2.0	51180.0	51180.0	51180.0	51180.0	51180.0	51180.0	51180.0	51180.0	51180.0	51180.0	51180.0	51180.0	51180.0	51180.0	51180.0	51180.0	51180.0	51180.0	51180.0	51180.0	51180.0	51180.0	51180.0	51180.0	51180.0	51180.0	51180.0	51180.0	51180.0	51180.0	51180.0	51180.0	51180.0	51180.0	51180.0	51180.0	51180.0	51180.0	51180.0	51180.0	51180.0	51180.0	51180.0	51180.0	51180.0	51180.0	51180.0
338_TASK01_CON07_3.0_posneg	posneg	3.0	55262.0	55262.0	55262.0	55262.0	55262.0	55262.0	55262.0	55262.0	55262.0	55262.0	55262.0	55262.0	55262.0	55262.0	55262.0	55262.0	55262.0	55262.0	55262.0	55262.0	55262.0	55262.0	55262.0	55262.0	55262.0	55262.0	55262.0	55262.0	55262.0	55262.0	55262.0	55262.0	55262.0	55262.0	55262.0	55262.0	55262.0	55262.0	55262.0	55262.0	55262.0	55262.0	55262.0	55262.0	55262.0	55262.0	55262.0
338_TASK01_CON07_3.0_pos	pos	3.0	34265.0	34265.0	34265.0	34265.0	34265.0	34265.0	34265.0	34265.0	34265.0	34265.0	34265.0	34265.0	34265.0	34265.0	34265.0	34265.0	34265.0	34265.0	34265.0	34265.0	34265.0	34265.0	34265.0	34265.0	34265.0	34265.0	34265.0	34265.0	34265.0	34265.0	34265.0	34265.0	34265.0	34265.0	34265.0	34265.0	34265.0	34265.0	34265.0	34265.0	34265.0	34265.0	34265.0	34265.0	34265.0	34265.0	34265.0
338_TASK01_CON07_4.0_posneg	posneg	4.0	31355.0	31355.0	31355.0	31355.0	31355.0	31355.0	31355.0	31355.0	31355.0	31355.0	31355.0	31355.0	31355.0	31355.0	31355.0	31355.0	31355.0	31355.0	31355.0	31355.0	31355.0	31355.0	31355.0	31355.0	31355.0	31355.0	31355.0	31355.0	31355.0	31355.0	31355.0	31355.0	31355.0	31355.0	31355.0	31355.0	31355.0	31355.0	31355.0	31355.0	31355.0	31355.0	31355.0	31355.0	31355.0	31355.0	31355.0
338_TASK01_CON07_4.0_pos	pos	4.0	22901.0	22901.0	22901.0	22901.0	22901.0	22901.0	22901.0	22901.0	22901.0	22901.0	22901.0	22901.0	22901.0	22901.0	22901.0	22901.0	22901.0	22901.0	22901.0	22901.0	22901.0	22901.0	22901.0	22901.0	22901.0	22901.0	22901.0	22901.0	22901.0	22901.0	22901.0	22901.0	22901.0	22901.0	22901.0	22901.0	22901.0	22901.0	22901.0	22901.0	22901.0	22901.0	22901.0	22901.0	22901.0	22901.0	22901.0
338_TASK01_CON07_5.0_posneg	posneg	5.0	16366.0	16366.0	16366.0	16366.0	16366.0	16366.0	16366.0	16366.0	16366.0	16366.0	16366.0	16366.0	16366.0	16366.0	16366.0	16366.0	16366.0	16366.0	16366.0	16366.0	16366.0	16366.0	16366.0	16366.0	16366.0	16366.0	16366.0	16366.0	16366.0	16366.0	16366.0	16366.0	16366.0	16366.0	16366.0	16366.0	16366.0	16366.0	16366.0	16366.0	16366.0	16366.0	16366.0	16366.0	16366.0	16366.0	16366.0
338_TASK01_CON07_5.0_pos	pos	5.0	14185.0	14185.0	14185.0	14185.0	14185.0	14185.0	14185.0	14185.0	14185.0	14185.0	14185.0	14185.0	14185.0	14185.0	14185.0	14185.0	14185.0	14185.0	14185.0	14185.0	14185.0	14185.0	14185.0	14185.0	14185.0	14185.0	14185.0	14185.0	14185.0	14185.0	14185.0	14185.0	14185.0	14185.0	14185.0	14185.0	14185.0	14185.0	14185.0	14185.0	14185.0	14185.0	14185.0	14185.0	14185.0	14185.0	14185.0
338_TASK01_CON07_6.0_posneg	posneg	6.0	7629.0	7629.0	7629.0	7629.0	7629.0	7629.0	7629.0	7629.0	7629.0	7629.0	7629.0	7629.0	7629.0	7629.0	7629.0	7629.0	7629.0	7629.0	7629.0	7629.0	7629.0	7629.0	7629.0	7629.0	7629.0	7629.0	7629.0	7629.0	7629.0	7629.0	7629.0	7629.0	7629.0	7629.0	7629.0	7629.0	7629.0	7629.0	7629.0	7629.0	7629.0	7629.0	7629.0	7629.0	7629.0	7629.0	7629.0
338_TASK01_CON07_6.0_pos	pos	6.0	7375.0	7375.0	7375.0	7375.0	7375.0	7375.0	7375.0	7375.0	7375.0	7375.0	7375.0	7375.0	7375.0	7375.0	7375.0	7375.0	7375.0	7375.0	7375.0	7375.0	7375.0	7375.0	7375.0	7375.0	7375.0	7375.0	7375.0	7375.0	7375.0	7375.0	7375.0	7375.0	7375.0	7375.0	7375.0	7375.0	7375.0	7375.0	7375.0	7375.0	7375.0	7375.0	7375.0	7375.0	7375.0	7375.0	7375.0
338_TASK01_CON07_7.0_posneg	posneg	7.0	2311.0	2311.0	2311.0	2311.0	2311.0	2311.0	2311.0	2311.0	2311.0	2311.0	2311.0	2311.0	2311.0	2311.0	2311.0	2311.0	2311.0	2311.0	2311.0	2311.0	2311.0	2311.0	2311.0	2311.0	2311.0	2311.0	2311.0	2311.0	2311.0	2311.0	2311.0	2311.0	2311.0	2311.0	2311.0	2311.0	2311.0	2311.0	2311.0	2311.0	2311.0	2311.0	2311.0	2311.0	2311.0	2311.0	2311.0
338_TASK01_CON07_7.0_pos	pos	7.0	2299.0	2299.0	2299.0	2299.0	2299.0	2299.0	2299.0	2299.0	2299.0	2299.0	2299.0	2299.0	2299.0	2299.0	2299.0	2299.0	2299.0	2299.0	2299.0	2299.0	2299.0	2299.0	2299.0	2299.0	2299.0	2299.0	2299.0	2299.0	2299.0	2299.0	2299.0	2299.0	2299.0	2299.0	2299.0	2299.0	2299.0	2299.0	2299.0	2299.0	2299.0	2299.0	2299.0	2299.0	2299.0	2299.0	2299.0
338_TASK01_CON07_8.0_posneg	posneg	8.0	312.0	312.0	312.0	312.0	312.0	312.0	312.0	312.0	312.0	312.0	312.0	312.0	312.0	312.0	312.0	312.0	312.0	312.0	312.0	312.0	312.0	312.0	312.0	312.0	312.0	312.0	312.0	312.0	312.0	312.0	312.0	312.0	312.0	312.0	312.0	312.0	312.0	312.0	312.0	312.0	312.0	312.0	312.0	312.0	312.0	312.0	312.0
338_TASK01_CON07_8.0_pos	pos	8.0	312.0	312.0	312.0	312.0	312.0	312.0	312.0	312.0	312.0	312.0	312.0	312.0	312.0	312.0	312.0	312.0	312.0	312.0	312.0	312.0	312.0	312.0	312.0	312.0	312.0	312.0	312.0	312.0	312.0	312.0	312.0	312.0	312.0	312.0	312.0	312.0	312.0	312.0	312.0	312.0	312.0	312.0	312.0	312.0	312.0	312.0	312.0
338_TASK01_CON07_9.0_posneg	posneg	9.0	11.0	11.0	11.0	11.0	11.0	11.0	11.0	11.0	11.0	11.0	11.0	11.0	11.0	11.0	11.0	11.0	11.0	11.0	11.0	11.0	11.0	11.0	11.0	11.0	11.0	11.0	11.0	11.0	11.0	11.0	11.0	11.0	11.0	11.0	11.0	11.0	11.0	11.0	11.0	11.0	11.0	11.0	11.0	11.0	11.0	11.0	11.0
338_TASK01_CON07_9.0_pos	pos	9.0	11.0	11.0	11.0	11.0	11.0	11.0	11.0	11.0	11.0	11.0	11.0	11.0	11.0	11.0	11.0	11.0	11.0	11.0	11.0	11.0	11.0	11.0	11.0	11.0	11.0	11.0	11.0	11.0	11.0	11.0	11.0	11.0	11.0	11.0	11.0	11.0	11.0	11.0	11.0	11.0	11.0	11.0	11.0	11.0	11.0	11.0	11.0
338_TASK01_CON07_10.0_posneg	posneg	10.0	0.0	0.0	0.0	0.0	0.0	0.0	0.0	0.0	0.0	0.0	0.0	0.0	0.0	0.0	0.0	0.0	0.0	0.0	0.0	0.0	0.0	0.0	0.0	0.0	0.0	0.0	0.0	0.0	0.0	0.0	0.0	0.0	0.0	0.0	0.0	0.0	0.0	0.0	0.0	0.0	0.0	0.0	0.0	0.0	0.0	0.0	0.0
338_TASK01_CON07_10.0_pos	pos	10.0	0.0	0.0	0.0	0.0	0.0	0.0	0.0	0.0	0.0	0.0	0.0	0.0	0.0	0.0	0.0	0.0	0.0	0.0	0.0	0.0	0.0	0.0	0.0	0.0	0.0	0.0	0.0	0.0	0.0	0.0	0.0	0.0	0.0	0.0	0.0	0.0	0.0	0.0	0.0	0.0	0.0	0.0	0.0	0.0	0.0	0.0	0.0
338_TASK01_CON07_11.0_posneg	posneg	11.0	0.0	0.0	0.0	0.0	0.0	0.0	0.0	0.0	0.0	0.0	0.0	0.0	0.0	0.0	0.0	0.0	0.0	0.0	0.0	0.0	0.0	0.0	0.0	0.0	0.0	0.0	0.0	0.0	0.0	0.0	0.0	0.0	0.0	0.0	0.0	0.0	0.0	0.0	0.0	0.0	0.0	0.0	0.0	0.0	0.0	0.0	0.0
338_TASK01_CON07_11.0_pos	pos	11.0	0.0	0.0	0.0	0.0	0.0	0.0	0.0	0.0	0.0	0.0	0.0	0.0	0.0	0.0	0.0	0.0	0.0	0.0	0.0	0.0	0.0	0.0	0.0	0.0	0.0	0.0	0.0	0.0	0.0	0.0	0.0	0.0	0.0	0.0	0.0	0.0	0.0	0.0	0.0	0.0	0.0	0.0	0.0	0.0	0.0	0.0	0.0
338_TASK01_CON07_12.0_posneg	posneg	12.0	0.0	0.0	0.0	0.0	0.0	0.0	0.0	0.0	0.0	0.0	0.0	0.0	0.0	0.0	0.0	0.0	0.0	0.0	0.0	0.0	0.0	0.0	0.0	0.0	0.0	0.0	0.0	0.0	0.0	0.0	0.0	0.0	0.0	0.0	0.0	0.0	0.0	0.0	0.0	0.0	0.0	0.0	0.0	0.0	0.0	0.0	0.0
338_TASK01_CON07_12.0_pos	pos	12.0	0.0	0.0	0.0	0.0	0.0	0.0	0.0	0.0	0.0	0.0	0.0	0.0	0.0	0.0	0.0	0.0	0.0	0.0	0.0	0.0	0.0	0.0	0.0	0.0	0.0	0.0	0.0	0.0	0.0	0.0	0.0	0.0	0.0	0.0	0.0	0.0	0.0	0.0	0.0	0.0	0.0	0.0	0.0	0.0	0.0	0.0	0.0
338_TASK01_CON07_13.0_posneg	posneg	13.0	0.0	0.0	0.0	0.0	0.0	0.0	0.0	0.0	0.0	0.0	0.0	0.0	0.0	0.0	0.0	0.0	0.0	0.0	0.0	0.0	0.0	0.0	0.0	0.0	0.0	0.0	0.0	0.0	0.0	0.0	0.0	0.0	0.0	0.0	0.0	0.0	0.0	0.0	0.0	0.0	0.0	0.0	0.0	0.0	0.0	0.0	0.0
338_TASK01_CON07_13.0_pos	pos	13.0	0.0	0.0	0.0	0.0	0.0	0.0	0.0	0.0	0.0	0.0	0.0	0.0	0.0	0.0	0.0	0.0	0.0	0.0	0.0	0.0	0.0	0.0	0.0	0.0	0.0	0.0	0.0	0.0	0.0	0.0	0.0	0.0	0.0	0.0	0.0	0.0	0.0	0.0	0.0	0.0	0.0	0.0	0.0	0.0	0.0	0.0	0.0
338_TASK01_CON08_0.0_posneg	posneg	0.0	228191.0	228191.0	228191.0	228191.0	228191.0	228191.0	228191.0	228191.0	228191.0	228191.0	228191.0	228191.0	228191.0	228191.0	228191.0	228191.0	228191.0	228191.0	228191.0	228191.0	228191.0	228191.0	228191.0	228191.0	228191.0	228191.0	228191.0	228191.0	228191.0	228191.0	228191.0	228191.0	228191.0	228191.0	228191.0	228191.0	228191.0	228191.0	228191.0	228191.0	228191.0	228191.0	228191.0	228191.0	228191.0	228191.0	228191.0
338_TASK01_CON08_0.0_pos	pos	0.0	114914.0	114914.0	114914.0	114914.0	114914.0	114914.0	114914.0	114914.0	114914.0	114914.0	114914.0	114914.0	114914.0	114914.0	114914.0	114914.0	114914.0	114914.0	114914.0	114914.0	114914.0	114914.0	114914.0	114914.0	114914.0	114914.0	114914.0	114914.0	114914.0	114914.0	114914.0	114914.0	114914.0	114914.0	114914.0	114914.0	114914.0	114914.0	114914.0	114914.0	114914.0	114914.0	114914.0	114914.0	114914.0	114914.0	114914.0
338_TASK01_CON08_1.0_posneg	posneg	1.0	148235.0	148235.0	148235.0	148235.0	148235.0	148235.0	148235.0	148235.0	148235.0	148235.0	148235.0	148235.0	148235.0	148235.0	148235.0	148235.0	148235.0	148235.0	148235.0	148235.0	148235.0	148235.0	148235.0	148235.0	148235.0	148235.0	148235.0	148235.0	148235.0	148235.0	148235.0	148235.0	148235.0	148235.0	148235.0	148235.0	148235.0	148235.0	148235.0	148235.0	148235.0	148235.0	148235.0	148235.0	148235.0	148235.0	148235.0
338_TASK01_CON08_1.0_pos	pos	1.0	75394.0	75394.0	75394.0	75394.0	75394.0	75394.0	75394.0	75394.0	75394.0	75394.0	75394.0	75394.0	75394.0	75394.0	75394.0	75394.0	75394.0	75394.0	75394.0	75394.0	75394.0	75394.0	75394.0	75394.0	75394.0	75394.0	75394.0	75394.0	75394.0	75394.0	75394.0	75394.0	75394.0	75394.0	75394.0	75394.0	75394.0	75394.0	75394.0	75394.0	75394.0	75394.0	75394.0	75394.0	75394.0	75394.0	75394.0
338_TASK01_CON08_2.0_posneg	posneg	2.0	90086.0	90086.0	90086.0	90086.0	90086.0	90086.0	90086.0	90086.0	90086.0	90086.0	90086.0	90086.0	90086.0	90086.0	90086.0	90086.0	90086.0	90086.0	90086.0	90086.0	90086.0	90086.0	90086.0	90086.0	90086.0	90086.0	90086.0	90086.0	90086.0	90086.0	90086.0	90086.0	90086.0	90086.0	90086.0	90086.0	90086.0	90086.0	90086.0	90086.0	90086.0	90086.0	90086.0	90086.0	90086.0	90086.0	90086.0
338_TASK01_CON08_2.0_pos	pos	2.0	48215.0	48215.0	48215.0	48215.0	48215.0	48215.0	48215.0	48215.0	48215.0	48215.0	48215.0	48215.0	48215.0	48215.0	48215.0	48215.0	48215.0	48215.0	48215.0	48215.0	48215.0	48215.0	48215.0	48215.0	48215.0	48215.0	48215.0	48215.0	48215.0	48215.0	48215.0	48215.0	48215.0	48215.0	48215.0	48215.0	48215.0	48215.0	48215.0	48215.0	48215.0	48215.0	48215.0	48215.0	48215.0	48215.0	48215.0
338_TASK01_CON08_3.0_posneg	posneg	3.0	52893.0	52893.0	52893.0	52893.0	52893.0	52893.0	52893.0	52893.0	52893.0	52893.0	52893.0	52893.0	52893.0	52893.0	52893.0	52893.0	52893.0	52893.0	52893.0	52893.0	52893.0	52893.0	52893.0	52893.0	52893.0	52893.0	52893.0	52893.0	52893.0	52893.0	52893.0	52893.0	52893.0	52893.0	52893.0	52893.0	52893.0	52893.0	52893.0	52893.0	52893.0	52893.0	52893.0	52893.0	52893.0	52893.0	52893.0
338_TASK01_CON08_3.0_pos	pos	3.0	30622.0	30622.0	30622.0	30622.0	30622.0	30622.0	30622.0	30622.0	30622.0	30622.0	30622.0	30622.0	30622.0	30622.0	30622.0	30622.0	30622.0	30622.0	30622.0	30622.0	30622.0	30622.0	30622.0	30622.0	30622.0	30622.0	30622.0	30622.0	30622.0	30622.0	30622.0	30622.0	30622.0	30622.0	30622.0	30622.0	30622.0	30622.0	30622.0	30622.0	30622.0	30622.0	30622.0	30622.0	30622.0	30622.0	30622.0
338_TASK01_CON08_4.0_posneg	posneg	4.0	28718.0	28718.0	28718.0	28718.0	28718.0	28718.0	28718.0	28718.0	28718.0	28718.0	28718.0	28718.0	28718.0	28718.0	28718.0	28718.0	28718.0	28718.0	28718.0	28718.0	28718.0	28718.0	28718.0	28718.0	28718.0	28718.0	28718.0	28718.0	28718.0	28718.0	28718.0	28718.0	28718.0	28718.0	28718.0	28718.0	28718.0	28718.0	28718.0	28718.0	28718.0	28718.0	28718.0	28718.0	28718.0	28718.0	28718.0
338_TASK01_CON08_4.0_pos	pos	4.0	18886.0	18886.0	18886.0	18886.0	18886.0	18886.0	18886.0	18886.0	18886.0	18886.0	18886.0	18886.0	18886.0	18886.0	18886.0	18886.0	18886.0	18886.0	18886.0	18886.0	18886.0	18886.0	18886.0	18886.0	18886.0	18886.0	18886.0	18886.0	18886.0	18886.0	18886.0	18886.0	18886.0	18886.0	18886.0	18886.0	18886.0	18886.0	18886.0	18886.0	18886.0	18886.0	18886.0	18886.0	18886.0	18886.0	18886.0
338_TASK01_CON08_5.0_posneg	posneg	5.0	13306.0	13306.0	13306.0	13306.0	13306.0	13306.0	13306.0	13306.0	13306.0	13306.0	13306.0	13306.0	13306.0	13306.0	13306.0	13306.0	13306.0	13306.0	13306.0	13306.0	13306.0	13306.0	13306.0	13306.0	13306.0	13306.0	13306.0	13306.0	13306.0	13306.0	13306.0	13306.0	13306.0	13306.0	13306.0	13306.0	13306.0	13306.0	13306.0	13306.0	13306.0	13306.0	13306.0	13306.0	13306.0	13306.0	13306.0
338_TASK01_CON08_5.0_pos	pos	5.0	10273.0	10273.0	10273.0	10273.0	10273.0	10273.0	10273.0	10273.0	10273.0	10273.0	10273.0	10273.0	10273.0	10273.0	10273.0	10273.0	10273.0	10273.0	10273.0	10273.0	10273.0	10273.0	10273.0	10273.0	10273.0	10273.0	10273.0	10273.0	10273.0	10273.0	10273.0	10273.0	10273.0	10273.0	10273.0	10273.0	10273.0	10273.0	10273.0	10273.0	10273.0	10273.0	10273.0	10273.0	10273.0	10273.0	10273.0
338_TASK01_CON08_6.0_posneg	posneg	6.0	4774.0	4774.0	4774.0	4774.0	4774.0	4774.0	4774.0	4774.0	4774.0	4774.0	4774.0	4774.0	4774.0	4774.0	4774.0	4774.0	4774.0	4774.0	4774.0	4774.0	4774.0	4774.0	4774.0	4774.0	4774.0	4774.0	4774.0	4774.0	4774.0	4774.0	4774.0	4774.0	4774.0	4774.0	4774.0	4774.0	4774.0	4774.0	4774.0	4774.0	4774.0	4774.0	4774.0	4774.0	4774.0	4774.0	4774.0
338_TASK01_CON08_6.0_pos	pos	6.0	4220.0	4220.0	4220.0	4220.0	4220.0	4220.0	4220.0	4220.0	4220.0	4220.0	4220.0	4220.0	4220.0	4220.0	4220.0	4220.0	4220.0	4220.0	4220.0	4220.0	4220.0	4220.0	4220.0	4220.0	4220.0	4220.0	4220.0	4220.0	4220.0	4220.0	4220.0	4220.0	4220.0	4220.0	4220.0	4220.0	4220.0	4220.0	4220.0	4220.0	4220.0	4220.0	4220.0	4220.0	4220.0	4220.0	4220.0
338_TASK01_CON08_7.0_posneg	posneg	7.0	930.0	930.0	930.0	930.0	930.0	930.0	930.0	930.0	930.0	930.0	930.0	930.0	930.0	930.0	930.0	930.0	930.0	930.0	930.0	930.0	930.0	930.0	930.0	930.0	930.0	930.0	930.0	930.0	930.0	930.0	930.0	930.0	930.0	930.0	930.0	930.0	930.0	930.0	930.0	930.0	930.0	930.0	930.0	930.0	930.0	930.0	930.0
338_TASK01_CON08_7.0_pos	pos	7.0	888.0	888.0	888.0	888.0	888.0	888.0	888.0	888.0	888.0	888.0	888.0	888.0	888.0	888.0	888.0	888.0	888.0	888.0	888.0	888.0	888.0	888.0	888.0	888.0	888.0	888.0	888.0	888.0	888.0	888.0	888.0	888.0	888.0	888.0	888.0	888.0	888.0	888.0	888.0	888.0	888.0	888.0	888.0	888.0	888.0	888.0	888.0
338_TASK01_CON08_8.0_posneg	posneg	8.0	70.0	70.0	70.0	70.0	70.0	70.0	70.0	70.0	70.0	70.0	70.0	70.0	70.0	70.0	70.0	70.0	70.0	70.0	70.0	70.0	70.0	70.0	70.0	70.0	70.0	70.0	70.0	70.0	70.0	70.0	70.0	70.0	70.0	70.0	70.0	70.0	70.0	70.0	70.0	70.0	70.0	70.0	70.0	70.0	70.0	70.0	70.0
338_TASK01_CON08_8.0_pos	pos	8.0	70.0	70.0	70.0	70.0	70.0	70.0	70.0	70.0	70.0	70.0	70.0	70.0	70.0	70.0	70.0	70.0	70.0	70.0	70.0	70.0	70.0	70.0	70.0	70.0	70.0	70.0	70.0	70.0	70.0	70.0	70.0	70.0	70.0	70.0	70.0	70.0	70.0	70.0	70.0	70.0	70.0	70.0	70.0	70.0	70.0	70.0	70.0
338_TASK01_CON08_9.0_posneg	posneg	9.0	0.0	0.0	0.0	0.0	0.0	0.0	0.0	0.0	0.0	0.0	0.0	0.0	0.0	0.0	0.0	0.0	0.0	0.0	0.0	0.0	0.0	0.0	0.0	0.0	0.0	0.0	0.0	0.0	0.0	0.0	0.0	0.0	0.0	0.0	0.0	0.0	0.0	0.0	0.0	0.0	0.0	0.0	0.0	0.0	0.0	0.0	0.0
338_TASK01_CON08_9.0_pos	pos	9.0	0.0	0.0	0.0	0.0	0.0	0.0	0.0	0.0	0.0	0.0	0.0	0.0	0.0	0.0	0.0	0.0	0.0	0.0	0.0	0.0	0.0	0.0	0.0	0.0	0.0	0.0	0.0	0.0	0.0	0.0	0.0	0.0	0.0	0.0	0.0	0.0	0.0	0.0	0.0	0.0	0.0	0.0	0.0	0.0	0.0	0.0	0.0
338_TASK01_CON08_10.0_posneg	posneg	10.0	0.0	0.0	0.0	0.0	0.0	0.0	0.0	0.0	0.0	0.0	0.0	0.0	0.0	0.0	0.0	0.0	0.0	0.0	0.0	0.0	0.0	0.0	0.0	0.0	0.0	0.0	0.0	0.0	0.0	0.0	0.0	0.0	0.0	0.0	0.0	0.0	0.0	0.0	0.0	0.0	0.0	0.0	0.0	0.0	0.0	0.0	0.0
338_TASK01_CON08_10.0_pos	pos	10.0	0.0	0.0	0.0	0.0	0.0	0.0	0.0	0.0	0.0	0.0	0.0	0.0	0.0	0.0	0.0	0.0	0.0	0.0	0.0	0.0	0.0	0.0	0.0	0.0	0.0	0.0	0.0	0.0	0.0	0.0	0.0	0.0	0.0	0.0	0.0	0.0	0.0	0.0	0.0	0.0	0.0	0.0	0.0	0.0	0.0	0.0	0.0
338_TASK01_CON08_11.0_posneg	posneg	11.0	0.0	0.0	0.0	0.0	0.0	0.0	0.0	0.0	0.0	0.0	0.0	0.0	0.0	0.0	0.0	0.0	0.0	0.0	0.0	0.0	0.0	0.0	0.0	0.0	0.0	0.0	0.0	0.0	0.0	0.0	0.0	0.0	0.0	0.0	0.0	0.0	0.0	0.0	0.0	0.0	0.0	0.0	0.0	0.0	0.0	0.0	0.0
338_TASK01_CON08_11.0_pos	pos	11.0	0.0	0.0	0.0	0.0	0.0	0.0	0.0	0.0	0.0	0.0	0.0	0.0	0.0	0.0	0.0	0.0	0.0	0.0	0.0	0.0	0.0	0.0	0.0	0.0	0.0	0.0	0.0	0.0	0.0	0.0	0.0	0.0	0.0	0.0	0.0	0.0	0.0	0.0	0.0	0.0	0.0	0.0	0.0	0.0	0.0	0.0	0.0
338_TASK01_CON08_12.0_posneg	posneg	12.0	0.0	0.0	0.0	0.0	0.0	0.0	0.0	0.0	0.0	0.0	0.0	0.0	0.0	0.0	0.0	0.0	0.0	0.0	0.0	0.0	0.0	0.0	0.0	0.0	0.0	0.0	0.0	0.0	0.0	0.0	0.0	0.0	0.0	0.0	0.0	0.0	0.0	0.0	0.0	0.0	0.0	0.0	0.0	0.0	0.0	0.0	0.0
338_TASK01_CON08_12.0_pos	pos	12.0	0.0	0.0	0.0	0.0	0.0	0.0	0.0	0.0	0.0	0.0	0.0	0.0	0.0	0.0	0.0	0.0	0.0	0.0	0.0	0.0	0.0	0.0	0.0	0.0	0.0	0.0	0.0	0.0	0.0	0.0	0.0	0.0	0.0	0.0	0.0	0.0	0.0	0.0	0.0	0.0	0.0	0.0	0.0	0.0	0.0	0.0	0.0
338_TASK01_CON08_13.0_posneg	posneg	13.0	0.0	0.0	0.0	0.0	0.0	0.0	0.0	0.0	0.0	0.0	0.0	0.0	0.0	0.0	0.0	0.0	0.0	0.0	0.0	0.0	0.0	0.0	0.0	0.0	0.0	0.0	0.0	0.0	0.0	0.0	0.0	0.0	0.0	0.0	0.0	0.0	0.0	0.0	0.0	0.0	0.0	0.0	0.0	0.0	0.0	0.0	0.0
338_TASK01_CON08_13.0_pos	pos	13.0	0.0	0.0	0.0	0.0	0.0	0.0	0.0	0.0	0.0	0.0	0.0	0.0	0.0	0.0	0.0	0.0	0.0	0.0	0.0	0.0	0.0	0.0	0.0	0.0	0.0	0.0	0.0	0.0	0.0	0.0	0.0	0.0	0.0	0.0	0.0	0.0	0.0	0.0	0.0	0.0	0.0	0.0	0.0	0.0	0.0	0.0	0.0
338_TASK01_CON09_0.0_posneg	posneg	0.0	228191.0	228191.0	228191.0	228191.0	228191.0	228191.0	228191.0	228191.0	228191.0	228191.0	228191.0	228191.0	228191.0	228191.0	228191.0	228191.0	228191.0	228191.0	228191.0	228191.0	228191.0	228191.0	228191.0	228191.0	228191.0	228191.0	228191.0	228191.0	228191.0	228191.0	228191.0	228191.0	228191.0	228191.0	228191.0	228191.0	228191.0	228191.0	228191.0	228191.0	228191.0	228191.0	228191.0	228191.0	228191.0	228191.0	228191.0
338_TASK01_CON09_0.0_pos	pos	0.0	109817.0	109817.0	109817.0	109817.0	109817.0	109817.0	109817.0	109817.0	109817.0	109817.0	109817.0	109817.0	109817.0	109817.0	109817.0	109817.0	109817.0	109817.0	109817.0	109817.0	109817.0	109817.0	109817.0	109817.0	109817.0	109817.0	109817.0	109817.0	109817.0	109817.0	109817.0	109817.0	109817.0	109817.0	109817.0	109817.0	109817.0	109817.0	109817.0	109817.0	109817.0	109817.0	109817.0	109817.0	109817.0	109817.0	109817.0
338_TASK01_CON09_1.0_posneg	posneg	1.0	131797.0	131797.0	131797.0	131797.0	131797.0	131797.0	131797.0	131797.0	131797.0	131797.0	131797.0	131797.0	131797.0	131797.0	131797.0	131797.0	131797.0	131797.0	131797.0	131797.0	131797.0	131797.0	131797.0	131797.0	131797.0	131797.0	131797.0	131797.0	131797.0	131797.0	131797.0	131797.0	131797.0	131797.0	131797.0	131797.0	131797.0	131797.0	131797.0	131797.0	131797.0	131797.0	131797.0	131797.0	131797.0	131797.0	131797.0
338_TASK01_CON09_1.0_pos	pos	1.0	64950.0	64950.0	64950.0	64950.0	64950.0	64950.0	64950.0	64950.0	64950.0	64950.0	64950.0	64950.0	64950.0	64950.0	64950.0	64950.0	64950.0	64950.0	64950.0	64950.0	64950.0	64950.0	64950.0	64950.0	64950.0	64950.0	64950.0	64950.0	64950.0	64950.0	64950.0	64950.0	64950.0	64950.0	64950.0	64950.0	64950.0	64950.0	64950.0	64950.0	64950.0	64950.0	64950.0	64950.0	64950.0	64950.0	64950.0
338_TASK01_CON09_2.0_posneg	posneg	2.0	63064.0	63064.0	63064.0	63064.0	63064.0	63064.0	63064.0	63064.0	63064.0	63064.0	63064.0	63064.0	63064.0	63064.0	63064.0	63064.0	63064.0	63064.0	63064.0	63064.0	63064.0	63064.0	63064.0	63064.0	63064.0	63064.0	63064.0	63064.0	63064.0	63064.0	63064.0	63064.0	63064.0	63064.0	63064.0	63064.0	63064.0	63064.0	63064.0	63064.0	63064.0	63064.0	63064.0	63064.0	63064.0	63064.0	63064.0
338_TASK01_CON09_2.0_pos	pos	2.0	35475.0	35475.0	35475.0	35475.0	35475.0	35475.0	35475.0	35475.0	35475.0	35475.0	35475.0	35475.0	35475.0	35475.0	35475.0	35475.0	35475.0	35475.0	35475.0	35475.0	35475.0	35475.0	35475.0	35475.0	35475.0	35475.0	35475.0	35475.0	35475.0	35475.0	35475.0	35475.0	35475.0	35475.0	35475.0	35475.0	35475.0	35475.0	35475.0	35475.0	35475.0	35475.0	35475.0	35475.0	35475.0	35475.0	35475.0
338_TASK01_CON09_3.0_posneg	posneg	3.0	26962.0	26962.0	26962.0	26962.0	26962.0	26962.0	26962.0	26962.0	26962.0	26962.0	26962.0	26962.0	26962.0	26962.0	26962.0	26962.0	26962.0	26962.0	26962.0	26962.0	26962.0	26962.0	26962.0	26962.0	26962.0	26962.0	26962.0	26962.0	26962.0	26962.0	26962.0	26962.0	26962.0	26962.0	26962.0	26962.0	26962.0	26962.0	26962.0	26962.0	26962.0	26962.0	26962.0	26962.0	26962.0	26962.0	26962.0
338_TASK01_CON09_3.0_pos	pos	3.0	19527.0	19527.0	19527.0	19527.0	19527.0	19527.0	19527.0	19527.0	19527.0	19527.0	19527.0	19527.0	19527.0	19527.0	19527.0	19527.0	19527.0	19527.0	19527.0	19527.0	19527.0	19527.0	19527.0	19527.0	19527.0	19527.0	19527.0	19527.0	19527.0	19527.0	19527.0	19527.0	19527.0	19527.0	19527.0	19527.0	19527.0	19527.0	19527.0	19527.0	19527.0	19527.0	19527.0	19527.0	19527.0	19527.0	19527.0
338_TASK01_CON09_4.0_posneg	posneg	4.0	11430.0	11430.0	11430.0	11430.0	11430.0	11430.0	11430.0	11430.0	11430.0	11430.0	11430.0	11430.0	11430.0	11430.0	11430.0	11430.0	11430.0	11430.0	11430.0	11430.0	11430.0	11430.0	11430.0	11430.0	11430.0	11430.0	11430.0	11430.0	11430.0	11430.0	11430.0	11430.0	11430.0	11430.0	11430.0	11430.0	11430.0	11430.0	11430.0	11430.0	11430.0	11430.0	11430.0	11430.0	11430.0	11430.0	11430.0
338_TASK01_CON09_4.0_pos	pos	4.0	10408.0	10408.0	10408.0	10408.0	10408.0	10408.0	10408.0	10408.0	10408.0	10408.0	10408.0	10408.0	10408.0	10408.0	10408.0	10408.0	10408.0	10408.0	10408.0	10408.0	10408.0	10408.0	10408.0	10408.0	10408.0	10408.0	10408.0	10408.0	10408.0	10408.0	10408.0	10408.0	10408.0	10408.0	10408.0	10408.0	10408.0	10408.0	10408.0	10408.0	10408.0	10408.0	10408.0	10408.0	10408.0	10408.0	10408.0
338_TASK01_CON09_5.0_posneg	posneg	5.0	5473.0	5473.0	5473.0	5473.0	5473.0	5473.0	5473.0	5473.0	5473.0	5473.0	5473.0	5473.0	5473.0	5473.0	5473.0	5473.0	5473.0	5473.0	5473.0	5473.0	5473.0	5473.0	5473.0	5473.0	5473.0	5473.0	5473.0	5473.0	5473.0	5473.0	5473.0	5473.0	5473.0	5473.0	5473.0	5473.0	5473.0	5473.0	5473.0	5473.0	5473.0	5473.0	5473.0	5473.0	5473.0	5473.0	5473.0
338_TASK01_CON09_5.0_pos	pos	5.0	5398.0	5398.0	5398.0	5398.0	5398.0	5398.0	5398.0	5398.0	5398.0	5398.0	5398.0	5398.0	5398.0	5398.0	5398.0	5398.0	5398.0	5398.0	5398.0	5398.0	5398.0	5398.0	5398.0	5398.0	5398.0	5398.0	5398.0	5398.0	5398.0	5398.0	5398.0	5398.0	5398.0	5398.0	5398.0	5398.0	5398.0	5398.0	5398.0	5398.0	5398.0	5398.0	5398.0	5398.0	5398.0	5398.0	5398.0
338_TASK01_CON09_6.0_posneg	posneg	6.0	2406.0	2406.0	2406.0	2406.0	2406.0	2406.0	2406.0	2406.0	2406.0	2406.0	2406.0	2406.0	2406.0	2406.0	2406.0	2406.0	2406.0	2406.0	2406.0	2406.0	2406.0	2406.0	2406.0	2406.0	2406.0	2406.0	2406.0	2406.0	2406.0	2406.0	2406.0	2406.0	2406.0	2406.0	2406.0	2406.0	2406.0	2406.0	2406.0	2406.0	2406.0	2406.0	2406.0	2406.0	2406.0	2406.0	2406.0
338_TASK01_CON09_6.0_pos	pos	6.0	2405.0	2405.0	2405.0	2405.0	2405.0	2405.0	2405.0	2405.0	2405.0	2405.0	2405.0	2405.0	2405.0	2405.0	2405.0	2405.0	2405.0	2405.0	2405.0	2405.0	2405.0	2405.0	2405.0	2405.0	2405.0	2405.0	2405.0	2405.0	2405.0	2405.0	2405.0	2405.0	2405.0	2405.0	2405.0	2405.0	2405.0	2405.0	2405.0	2405.0	2405.0	2405.0	2405.0	2405.0	2405.0	2405.0	2405.0
338_TASK01_CON09_7.0_posneg	posneg	7.0	694.0	694.0	694.0	694.0	694.0	694.0	694.0	694.0	694.0	694.0	694.0	694.0	694.0	694.0	694.0	694.0	694.0	694.0	694.0	694.0	694.0	694.0	694.0	694.0	694.0	694.0	694.0	694.0	694.0	694.0	694.0	694.0	694.0	694.0	694.0	694.0	694.0	694.0	694.0	694.0	694.0	694.0	694.0	694.0	694.0	694.0	694.0
338_TASK01_CON09_7.0_pos	pos	7.0	694.0	694.0	694.0	694.0	694.0	694.0	694.0	694.0	694.0	694.0	694.0	694.0	694.0	694.0	694.0	694.0	694.0	694.0	694.0	694.0	694.0	694.0	694.0	694.0	694.0	694.0	694.0	694.0	694.0	694.0	694.0	694.0	694.0	694.0	694.0	694.0	694.0	694.0	694.0	694.0	694.0	694.0	694.0	694.0	694.0	694.0	694.0
338_TASK01_CON09_8.0_posneg	posneg	8.0	86.0	86.0	86.0	86.0	86.0	86.0	86.0	86.0	86.0	86.0	86.0	86.0	86.0	86.0	86.0	86.0	86.0	86.0	86.0	86.0	86.0	86.0	86.0	86.0	86.0	86.0	86.0	86.0	86.0	86.0	86.0	86.0	86.0	86.0	86.0	86.0	86.0	86.0	86.0	86.0	86.0	86.0	86.0	86.0	86.0	86.0	86.0
338_TASK01_CON09_8.0_pos	pos	8.0	86.0	86.0	86.0	86.0	86.0	86.0	86.0	86.0	86.0	86.0	86.0	86.0	86.0	86.0	86.0	86.0	86.0	86.0	86.0	86.0	86.0	86.0	86.0	86.0	86.0	86.0	86.0	86.0	86.0	86.0	86.0	86.0	86.0	86.0	86.0	86.0	86.0	86.0	86.0	86.0	86.0	86.0	86.0	86.0	86.0	86.0	86.0
338_TASK01_CON09_9.0_posneg	posneg	9.0	1.0	1.0	1.0	1.0	1.0	1.0	1.0	1.0	1.0	1.0	1.0	1.0	1.0	1.0	1.0	1.0	1.0	1.0	1.0	1.0	1.0	1.0	1.0	1.0	1.0	1.0	1.0	1.0	1.0	1.0	1.0	1.0	1.0	1.0	1.0	1.0	1.0	1.0	1.0	1.0	1.0	1.0	1.0	1.0	1.0	1.0	1.0
338_TASK01_CON09_9.0_pos	pos	9.0	1.0	1.0	1.0	1.0	1.0	1.0	1.0	1.0	1.0	1.0	1.0	1.0	1.0	1.0	1.0	1.0	1.0	1.0	1.0	1.0	1.0	1.0	1.0	1.0	1.0	1.0	1.0	1.0	1.0	1.0	1.0	1.0	1.0	1.0	1.0	1.0	1.0	1.0	1.0	1.0	1.0	1.0	1.0	1.0	1.0	1.0	1.0
338_TASK01_CON09_10.0_posneg	posneg	10.0	0.0	0.0	0.0	0.0	0.0	0.0	0.0	0.0	0.0	0.0	0.0	0.0	0.0	0.0	0.0	0.0	0.0	0.0	0.0	0.0	0.0	0.0	0.0	0.0	0.0	0.0	0.0	0.0	0.0	0.0	0.0	0.0	0.0	0.0	0.0	0.0	0.0	0.0	0.0	0.0	0.0	0.0	0.0	0.0	0.0	0.0	0.0
338_TASK01_CON09_10.0_pos	pos	10.0	0.0	0.0	0.0	0.0	0.0	0.0	0.0	0.0	0.0	0.0	0.0	0.0	0.0	0.0	0.0	0.0	0.0	0.0	0.0	0.0	0.0	0.0	0.0	0.0	0.0	0.0	0.0	0.0	0.0	0.0	0.0	0.0	0.0	0.0	0.0	0.0	0.0	0.0	0.0	0.0	0.0	0.0	0.0	0.0	0.0	0.0	0.0
338_TASK01_CON09_11.0_posneg	posneg	11.0	0.0	0.0	0.0	0.0	0.0	0.0	0.0	0.0	0.0	0.0	0.0	0.0	0.0	0.0	0.0	0.0	0.0	0.0	0.0	0.0	0.0	0.0	0.0	0.0	0.0	0.0	0.0	0.0	0.0	0.0	0.0	0.0	0.0	0.0	0.0	0.0	0.0	0.0	0.0	0.0	0.0	0.0	0.0	0.0	0.0	0.0	0.0
338_TASK01_CON09_11.0_pos	pos	11.0	0.0	0.0	0.0	0.0	0.0	0.0	0.0	0.0	0.0	0.0	0.0	0.0	0.0	0.0	0.0	0.0	0.0	0.0	0.0	0.0	0.0	0.0	0.0	0.0	0.0	0.0	0.0	0.0	0.0	0.0	0.0	0.0	0.0	0.0	0.0	0.0	0.0	0.0	0.0	0.0	0.0	0.0	0.0	0.0	0.0	0.0	0.0
338_TASK01_CON09_12.0_posneg	posneg	12.0	0.0	0.0	0.0	0.0	0.0	0.0	0.0	0.0	0.0	0.0	0.0	0.0	0.0	0.0	0.0	0.0	0.0	0.0	0.0	0.0	0.0	0.0	0.0	0.0	0.0	0.0	0.0	0.0	0.0	0.0	0.0	0.0	0.0	0.0	0.0	0.0	0.0	0.0	0.0	0.0	0.0	0.0	0.0	0.0	0.0	0.0	0.0
338_TASK01_CON09_12.0_pos	pos	12.0	0.0	0.0	0.0	0.0	0.0	0.0	0.0	0.0	0.0	0.0	0.0	0.0	0.0	0.0	0.0	0.0	0.0	0.0	0.0	0.0	0.0	0.0	0.0	0.0	0.0	0.0	0.0	0.0	0.0	0.0	0.0	0.0	0.0	0.0	0.0	0.0	0.0	0.0	0.0	0.0	0.0	0.0	0.0	0.0	0.0	0.0	0.0
338_TASK01_CON09_13.0_posneg	posneg	13.0	0.0	0.0	0.0	0.0	0.0	0.0	0.0	0.0	0.0	0.0	0.0	0.0	0.0	0.0	0.0	0.0	0.0	0.0	0.0	0.0	0.0	0.0	0.0	0.0	0.0	0.0	0.0	0.0	0.0	0.0	0.0	0.0	0.0	0.0	0.0	0.0	0.0	0.0	0.0	0.0	0.0	0.0	0.0	0.0	0.0	0.0	0.0
338_TASK01_CON09_13.0_pos	pos	13.0	0.0	0.0	0.0	0.0	0.0	0.0	0.0	0.0	0.0	0.0	0.0	0.0	0.0	0.0	0.0	0.0	0.0	0.0	0.0	0.0	0.0	0.0	0.0	0.0	0.0	0.0	0.0	0.0	0.0	0.0	0.0	0.0	0.0	0.0	0.0	0.0	0.0	0.0	0.0	0.0	0.0	0.0	0.0	0.0	0.0	0.0	0.0
338_TASK02_CON25_0.0_posneg	posneg	0.0	228191.0	228191.0	228191.0	228191.0	228191.0	228191.0	228191.0	228191.0	228191.0	228191.0	228191.0	228191.0	228191.0	228191.0	228191.0	228191.0	228191.0	228191.0	228191.0	228191.0	228191.0	228191.0	228191.0	228191.0	228191.0	228191.0	228191.0	228191.0	228191.0	228191.0	228191.0	228191.0	228191.0	228191.0	228191.0	228191.0	228191.0	228191.0	228191.0	228191.0	228191.0	228191.0	228191.0	228191.0	228191.0	228191.0	228191.0
338_TASK02_CON25_0.0_pos	pos	0.0	117138.0	117138.0	117138.0	117138.0	117138.0	117138.0	117138.0	117138.0	117138.0	117138.0	117138.0	117138.0	117138.0	117138.0	117138.0	117138.0	117138.0	117138.0	117138.0	117138.0	117138.0	117138.0	117138.0	117138.0	117138.0	117138.0	117138.0	117138.0	117138.0	117138.0	117138.0	117138.0	117138.0	117138.0	117138.0	117138.0	117138.0	117138.0	117138.0	117138.0	117138.0	117138.0	117138.0	117138.0	117138.0	117138.0	117138.0
338_TASK02_CON25_1.0_posneg	posneg	1.0	167811.0	167811.0	167811.0	167811.0	167811.0	167811.0	167811.0	167811.0	167811.0	167811.0	167811.0	167811.0	167811.0	167811.0	167811.0	167811.0	167811.0	167811.0	167811.0	167811.0	167811.0	167811.0	167811.0	167811.0	167811.0	167811.0	167811.0	167811.0	167811.0	167811.0	167811.0	167811.0	167811.0	167811.0	167811.0	167811.0	167811.0	167811.0	167811.0	167811.0	167811.0	167811.0	167811.0	167811.0	167811.0	167811.0	167811.0
338_TASK02_CON25_1.0_pos	pos	1.0	87718.0	87718.0	87718.0	87718.0	87718.0	87718.0	87718.0	87718.0	87718.0	87718.0	87718.0	87718.0	87718.0	87718.0	87718.0	87718.0	87718.0	87718.0	87718.0	87718.0	87718.0	87718.0	87718.0	87718.0	87718.0	87718.0	87718.0	87718.0	87718.0	87718.0	87718.0	87718.0	87718.0	87718.0	87718.0	87718.0	87718.0	87718.0	87718.0	87718.0	87718.0	87718.0	87718.0	87718.0	87718.0	87718.0	87718.0
338_TASK02_CON25_2.0_posneg	posneg	2.0	115187.0	115187.0	115187.0	115187.0	115187.0	115187.0	115187.0	115187.0	115187.0	115187.0	115187.0	115187.0	115187.0	115187.0	115187.0	115187.0	115187.0	115187.0	115187.0	115187.0	115187.0	115187.0	115187.0	115187.0	115187.0	115187.0	115187.0	115187.0	115187.0	115187.0	115187.0	115187.0	115187.0	115187.0	115187.0	115187.0	115187.0	115187.0	115187.0	115187.0	115187.0	115187.0	115187.0	115187.0	115187.0	115187.0	115187.0
338_TASK02_CON25_2.0_pos	pos	2.0	62453.0	62453.0	62453.0	62453.0	62453.0	62453.0	62453.0	62453.0	62453.0	62453.0	62453.0	62453.0	62453.0	62453.0	62453.0	62453.0	62453.0	62453.0	62453.0	62453.0	62453.0	62453.0	62453.0	62453.0	62453.0	62453.0	62453.0	62453.0	62453.0	62453.0	62453.0	62453.0	62453.0	62453.0	62453.0	62453.0	62453.0	62453.0	62453.0	62453.0	62453.0	62453.0	62453.0	62453.0	62453.0	62453.0	62453.0
338_TASK02_CON25_3.0_posneg	posneg	3.0	73903.0	73903.0	73903.0	73903.0	73903.0	73903.0	73903.0	73903.0	73903.0	73903.0	73903.0	73903.0	73903.0	73903.0	73903.0	73903.0	73903.0	73903.0	73903.0	73903.0	73903.0	73903.0	73903.0	73903.0	73903.0	73903.0	73903.0	73903.0	73903.0	73903.0	73903.0	73903.0	73903.0	73903.0	73903.0	73903.0	73903.0	73903.0	73903.0	73903.0	73903.0	73903.0	73903.0	73903.0	73903.0	73903.0	73903.0
338_TASK02_CON25_3.0_pos	pos	3.0	42234.0	42234.0	42234.0	42234.0	42234.0	42234.0	42234.0	42234.0	42234.0	42234.0	42234.0	42234.0	42234.0	42234.0	42234.0	42234.0	42234.0	42234.0	42234.0	42234.0	42234.0	42234.0	42234.0	42234.0	42234.0	42234.0	42234.0	42234.0	42234.0	42234.0	42234.0	42234.0	42234.0	42234.0	42234.0	42234.0	42234.0	42234.0	42234.0	42234.0	42234.0	42234.0	42234.0	42234.0	42234.0	42234.0	42234.0
338_TASK02_CON25_4.0_posneg	posneg	4.0	43592.0	43592.0	43592.0	43592.0	43592.0	43592.0	43592.0	43592.0	43592.0	43592.0	43592.0	43592.0	43592.0	43592.0	43592.0	43592.0	43592.0	43592.0	43592.0	43592.0	43592.0	43592.0	43592.0	43592.0	43592.0	43592.0	43592.0	43592.0	43592.0	43592.0	43592.0	43592.0	43592.0	43592.0	43592.0	43592.0	43592.0	43592.0	43592.0	43592.0	43592.0	43592.0	43592.0	43592.0	43592.0	43592.0	43592.0
338_TASK02_CON25_4.0_pos	pos	4.0	25957.0	25957.0	25957.0	25957.0	25957.0	25957.0	25957.0	25957.0	25957.0	25957.0	25957.0	25957.0	25957.0	25957.0	25957.0	25957.0	25957.0	25957.0	25957.0	25957.0	25957.0	25957.0	25957.0	25957.0	25957.0	25957.0	25957.0	25957.0	25957.0	25957.0	25957.0	25957.0	25957.0	25957.0	25957.0	25957.0	25957.0	25957.0	25957.0	25957.0	25957.0	25957.0	25957.0	25957.0	25957.0	25957.0	25957.0
338_TASK02_CON25_5.0_posneg	posneg	5.0	21590.0	21590.0	21590.0	21590.0	21590.0	21590.0	21590.0	21590.0	21590.0	21590.0	21590.0	21590.0	21590.0	21590.0	21590.0	21590.0	21590.0	21590.0	21590.0	21590.0	21590.0	21590.0	21590.0	21590.0	21590.0	21590.0	21590.0	21590.0	21590.0	21590.0	21590.0	21590.0	21590.0	21590.0	21590.0	21590.0	21590.0	21590.0	21590.0	21590.0	21590.0	21590.0	21590.0	21590.0	21590.0	21590.0	21590.0
338_TASK02_CON25_5.0_pos	pos	5.0	13638.0	13638.0	13638.0	13638.0	13638.0	13638.0	13638.0	13638.0	13638.0	13638.0	13638.0	13638.0	13638.0	13638.0	13638.0	13638.0	13638.0	13638.0	13638.0	13638.0	13638.0	13638.0	13638.0	13638.0	13638.0	13638.0	13638.0	13638.0	13638.0	13638.0	13638.0	13638.0	13638.0	13638.0	13638.0	13638.0	13638.0	13638.0	13638.0	13638.0	13638.0	13638.0	13638.0	13638.0	13638.0	13638.0	13638.0
338_TASK02_CON25_6.0_posneg	posneg	6.0	7551.0	7551.0	7551.0	7551.0	7551.0	7551.0	7551.0	7551.0	7551.0	7551.0	7551.0	7551.0	7551.0	7551.0	7551.0	7551.0	7551.0	7551.0	7551.0	7551.0	7551.0	7551.0	7551.0	7551.0	7551.0	7551.0	7551.0	7551.0	7551.0	7551.0	7551.0	7551.0	7551.0	7551.0	7551.0	7551.0	7551.0	7551.0	7551.0	7551.0	7551.0	7551.0	7551.0	7551.0	7551.0	7551.0	7551.0
338_TASK02_CON25_6.0_pos	pos	6.0	5349.0	5349.0	5349.0	5349.0	5349.0	5349.0	5349.0	5349.0	5349.0	5349.0	5349.0	5349.0	5349.0	5349.0	5349.0	5349.0	5349.0	5349.0	5349.0	5349.0	5349.0	5349.0	5349.0	5349.0	5349.0	5349.0	5349.0	5349.0	5349.0	5349.0	5349.0	5349.0	5349.0	5349.0	5349.0	5349.0	5349.0	5349.0	5349.0	5349.0	5349.0	5349.0	5349.0	5349.0	5349.0	5349.0	5349.0
338_TASK02_CON25_7.0_posneg	posneg	7.0	1511.0	1511.0	1511.0	1511.0	1511.0	1511.0	1511.0	1511.0	1511.0	1511.0	1511.0	1511.0	1511.0	1511.0	1511.0	1511.0	1511.0	1511.0	1511.0	1511.0	1511.0	1511.0	1511.0	1511.0	1511.0	1511.0	1511.0	1511.0	1511.0	1511.0	1511.0	1511.0	1511.0	1511.0	1511.0	1511.0	1511.0	1511.0	1511.0	1511.0	1511.0	1511.0	1511.0	1511.0	1511.0	1511.0	1511.0
338_TASK02_CON25_7.0_pos	pos	7.0	1258.0	1258.0	1258.0	1258.0	1258.0	1258.0	1258.0	1258.0	1258.0	1258.0	1258.0	1258.0	1258.0	1258.0	1258.0	1258.0	1258.0	1258.0	1258.0	1258.0	1258.0	1258.0	1258.0	1258.0	1258.0	1258.0	1258.0	1258.0	1258.0	1258.0	1258.0	1258.0	1258.0	1258.0	1258.0	1258.0	1258.0	1258.0	1258.0	1258.0	1258.0	1258.0	1258.0	1258.0	1258.0	1258.0	1258.0
338_TASK02_CON25_8.0_posneg	posneg	8.0	121.0	121.0	121.0	121.0	121.0	121.0	121.0	121.0	121.0	121.0	121.0	121.0	121.0	121.0	121.0	121.0	121.0	121.0	121.0	121.0	121.0	121.0	121.0	121.0	121.0	121.0	121.0	121.0	121.0	121.0	121.0	121.0	121.0	121.0	121.0	121.0	121.0	121.0	121.0	121.0	121.0	121.0	121.0	121.0	121.0	121.0	121.0
338_TASK02_CON25_8.0_pos	pos	8.0	119.0	119.0	119.0	119.0	119.0	119.0	119.0	119.0	119.0	119.0	119.0	119.0	119.0	119.0	119.0	119.0	119.0	119.0	119.0	119.0	119.0	119.0	119.0	119.0	119.0	119.0	119.0	119.0	119.0	119.0	119.0	119.0	119.0	119.0	119.0	119.0	119.0	119.0	119.0	119.0	119.0	119.0	119.0	119.0	119.0	119.0	119.0
338_TASK02_CON25_9.0_posneg	posneg	9.0	1.0	1.0	1.0	1.0	1.0	1.0	1.0	1.0	1.0	1.0	1.0	1.0	1.0	1.0	1.0	1.0	1.0	1.0	1.0	1.0	1.0	1.0	1.0	1.0	1.0	1.0	1.0	1.0	1.0	1.0	1.0	1.0	1.0	1.0	1.0	1.0	1.0	1.0	1.0	1.0	1.0	1.0	1.0	1.0	1.0	1.0	1.0
338_TASK02_CON25_9.0_pos	pos	9.0	1.0	1.0	1.0	1.0	1.0	1.0	1.0	1.0	1.0	1.0	1.0	1.0	1.0	1.0	1.0	1.0	1.0	1.0	1.0	1.0	1.0	1.0	1.0	1.0	1.0	1.0	1.0	1.0	1.0	1.0	1.0	1.0	1.0	1.0	1.0	1.0	1.0	1.0	1.0	1.0	1.0	1.0	1.0	1.0	1.0	1.0	1.0
338_TASK02_CON25_10.0_posneg	posneg	10.0	0.0	0.0	0.0	0.0	0.0	0.0	0.0	0.0	0.0	0.0	0.0	0.0	0.0	0.0	0.0	0.0	0.0	0.0	0.0	0.0	0.0	0.0	0.0	0.0	0.0	0.0	0.0	0.0	0.0	0.0	0.0	0.0	0.0	0.0	0.0	0.0	0.0	0.0	0.0	0.0	0.0	0.0	0.0	0.0	0.0	0.0	0.0
338_TASK02_CON25_10.0_pos	pos	10.0	0.0	0.0	0.0	0.0	0.0	0.0	0.0	0.0	0.0	0.0	0.0	0.0	0.0	0.0	0.0	0.0	0.0	0.0	0.0	0.0	0.0	0.0	0.0	0.0	0.0	0.0	0.0	0.0	0.0	0.0	0.0	0.0	0.0	0.0	0.0	0.0	0.0	0.0	0.0	0.0	0.0	0.0	0.0	0.0	0.0	0.0	0.0
338_TASK02_CON25_11.0_posneg	posneg	11.0	0.0	0.0	0.0	0.0	0.0	0.0	0.0	0.0	0.0	0.0	0.0	0.0	0.0	0.0	0.0	0.0	0.0	0.0	0.0	0.0	0.0	0.0	0.0	0.0	0.0	0.0	0.0	0.0	0.0	0.0	0.0	0.0	0.0	0.0	0.0	0.0	0.0	0.0	0.0	0.0	0.0	0.0	0.0	0.0	0.0	0.0	0.0
338_TASK02_CON25_11.0_pos	pos	11.0	0.0	0.0	0.0	0.0	0.0	0.0	0.0	0.0	0.0	0.0	0.0	0.0	0.0	0.0	0.0	0.0	0.0	0.0	0.0	0.0	0.0	0.0	0.0	0.0	0.0	0.0	0.0	0.0	0.0	0.0	0.0	0.0	0.0	0.0	0.0	0.0	0.0	0.0	0.0	0.0	0.0	0.0	0.0	0.0	0.0	0.0	0.0
338_TASK02_CON25_12.0_posneg	posneg	12.0	0.0	0.0	0.0	0.0	0.0	0.0	0.0	0.0	0.0	0.0	0.0	0.0	0.0	0.0	0.0	0.0	0.0	0.0	0.0	0.0	0.0	0.0	0.0	0.0	0.0	0.0	0.0	0.0	0.0	0.0	0.0	0.0	0.0	0.0	0.0	0.0	0.0	0.0	0.0	0.0	0.0	0.0	0.0	0.0	0.0	0.0	0.0
338_TASK02_CON25_12.0_pos	pos	12.0	0.0	0.0	0.0	0.0	0.0	0.0	0.0	0.0	0.0	0.0	0.0	0.0	0.0	0.0	0.0	0.0	0.0	0.0	0.0	0.0	0.0	0.0	0.0	0.0	0.0	0.0	0.0	0.0	0.0	0.0	0.0	0.0	0.0	0.0	0.0	0.0	0.0	0.0	0.0	0.0	0.0	0.0	0.0	0.0	0.0	0.0	0.0
338_TASK02_CON25_13.0_posneg	posneg	13.0	0.0	0.0	0.0	0.0	0.0	0.0	0.0	0.0	0.0	0.0	0.0	0.0	0.0	0.0	0.0	0.0	0.0	0.0	0.0	0.0	0.0	0.0	0.0	0.0	0.0	0.0	0.0	0.0	0.0	0.0	0.0	0.0	0.0	0.0	0.0	0.0	0.0	0.0	0.0	0.0	0.0	0.0	0.0	0.0	0.0	0.0	0.0
338_TASK02_CON25_13.0_pos	pos	13.0	0.0	0.0	0.0	0.0	0.0	0.0	0.0	0.0	0.0	0.0	0.0	0.0	0.0	0.0	0.0	0.0	0.0	0.0	0.0	0.0	0.0	0.0	0.0	0.0	0.0	0.0	0.0	0.0	0.0	0.0	0.0	0.0	0.0	0.0	0.0	0.0	0.0	0.0	0.0	0.0	0.0	0.0	0.0	0.0	0.0	0.0	0.0
338_TASK02_CON26_0.0_posneg	posneg	0.0	228191.0	228191.0	228191.0	228191.0	228191.0	228191.0	228191.0	228191.0	228191.0	228191.0	228191.0	228191.0	228191.0	228191.0	228191.0	228191.0	228191.0	228191.0	228191.0	228191.0	228191.0	228191.0	228191.0	228191.0	228191.0	228191.0	228191.0	228191.0	228191.0	228191.0	228191.0	228191.0	228191.0	228191.0	228191.0	228191.0	228191.0	228191.0	228191.0	228191.0	228191.0	228191.0	228191.0	228191.0	228191.0	228191.0	228191.0
338_TASK02_CON26_0.0_pos	pos	0.0	134571.0	134571.0	134571.0	134571.0	134571.0	134571.0	134571.0	134571.0	134571.0	134571.0	134571.0	134571.0	134571.0	134571.0	134571.0	134571.0	134571.0	134571.0	134571.0	134571.0	134571.0	134571.0	134571.0	134571.0	134571.0	134571.0	134571.0	134571.0	134571.0	134571.0	134571.0	134571.0	134571.0	134571.0	134571.0	134571.0	134571.0	134571.0	134571.0	134571.0	134571.0	134571.0	134571.0	134571.0	134571.0	134571.0	134571.0
338_TASK02_CON26_1.0_posneg	posneg	1.0	167229.0	167229.0	167229.0	167229.0	167229.0	167229.0	167229.0	167229.0	167229.0	167229.0	167229.0	167229.0	167229.0	167229.0	167229.0	167229.0	167229.0	167229.0	167229.0	167229.0	167229.0	167229.0	167229.0	167229.0	167229.0	167229.0	167229.0	167229.0	167229.0	167229.0	167229.0	167229.0	167229.0	167229.0	167229.0	167229.0	167229.0	167229.0	167229.0	167229.0	167229.0	167229.0	167229.0	167229.0	167229.0	167229.0	167229.0
338_TASK02_CON26_1.0_pos	pos	1.0	103553.0	103553.0	103553.0	103553.0	103553.0	103553.0	103553.0	103553.0	103553.0	103553.0	103553.0	103553.0	103553.0	103553.0	103553.0	103553.0	103553.0	103553.0	103553.0	103553.0	103553.0	103553.0	103553.0	103553.0	103553.0	103553.0	103553.0	103553.0	103553.0	103553.0	103553.0	103553.0	103553.0	103553.0	103553.0	103553.0	103553.0	103553.0	103553.0	103553.0	103553.0	103553.0	103553.0	103553.0	103553.0	103553.0	103553.0
338_TASK02_CON26_2.0_posneg	posneg	2.0	115588.0	115588.0	115588.0	115588.0	115588.0	115588.0	115588.0	115588.0	115588.0	115588.0	115588.0	115588.0	115588.0	115588.0	115588.0	115588.0	115588.0	115588.0	115588.0	115588.0	115588.0	115588.0	115588.0	115588.0	115588.0	115588.0	115588.0	115588.0	115588.0	115588.0	115588.0	115588.0	115588.0	115588.0	115588.0	115588.0	115588.0	115588.0	115588.0	115588.0	115588.0	115588.0	115588.0	115588.0	115588.0	115588.0	115588.0
338_TASK02_CON26_2.0_pos	pos	2.0	75536.0	75536.0	75536.0	75536.0	75536.0	75536.0	75536.0	75536.0	75536.0	75536.0	75536.0	75536.0	75536.0	75536.0	75536.0	75536.0	75536.0	75536.0	75536.0	75536.0	75536.0	75536.0	75536.0	75536.0	75536.0	75536.0	75536.0	75536.0	75536.0	75536.0	75536.0	75536.0	75536.0	75536.0	75536.0	75536.0	75536.0	75536.0	75536.0	75536.0	75536.0	75536.0	75536.0	75536.0	75536.0	75536.0	75536.0
338_TASK02_CON26_3.0_posneg	posneg	3.0	75690.0	75690.0	75690.0	75690.0	75690.0	75690.0	75690.0	75690.0	75690.0	75690.0	75690.0	75690.0	75690.0	75690.0	75690.0	75690.0	75690.0	75690.0	75690.0	75690.0	75690.0	75690.0	75690.0	75690.0	75690.0	75690.0	75690.0	75690.0	75690.0	75690.0	75690.0	75690.0	75690.0	75690.0	75690.0	75690.0	75690.0	75690.0	75690.0	75690.0	75690.0	75690.0	75690.0	75690.0	75690.0	75690.0	75690.0
338_TASK02_CON26_3.0_pos	pos	3.0	52080.0	52080.0	52080.0	52080.0	52080.0	52080.0	52080.0	52080.0	52080.0	52080.0	52080.0	52080.0	52080.0	52080.0	52080.0	52080.0	52080.0	52080.0	52080.0	52080.0	52080.0	52080.0	52080.0	52080.0	52080.0	52080.0	52080.0	52080.0	52080.0	52080.0	52080.0	52080.0	52080.0	52080.0	52080.0	52080.0	52080.0	52080.0	52080.0	52080.0	52080.0	52080.0	52080.0	52080.0	52080.0	52080.0	52080.0
338_TASK02_CON26_4.0_posneg	posneg	4.0	45148.0	45148.0	45148.0	45148.0	45148.0	45148.0	45148.0	45148.0	45148.0	45148.0	45148.0	45148.0	45148.0	45148.0	45148.0	45148.0	45148.0	45148.0	45148.0	45148.0	45148.0	45148.0	45148.0	45148.0	45148.0	45148.0	45148.0	45148.0	45148.0	45148.0	45148.0	45148.0	45148.0	45148.0	45148.0	45148.0	45148.0	45148.0	45148.0	45148.0	45148.0	45148.0	45148.0	45148.0	45148.0	45148.0	45148.0
338_TASK02_CON26_4.0_pos	pos	4.0	33171.0	33171.0	33171.0	33171.0	33171.0	33171.0	33171.0	33171.0	33171.0	33171.0	33171.0	33171.0	33171.0	33171.0	33171.0	33171.0	33171.0	33171.0	33171.0	33171.0	33171.0	33171.0	33171.0	33171.0	33171.0	33171.0	33171.0	33171.0	33171.0	33171.0	33171.0	33171.0	33171.0	33171.0	33171.0	33171.0	33171.0	33171.0	33171.0	33171.0	33171.0	33171.0	33171.0	33171.0	33171.0	33171.0	33171.0
338_TASK02_CON26_5.0_posneg	posneg	5.0	22976.0	22976.0	22976.0	22976.0	22976.0	22976.0	22976.0	22976.0	22976.0	22976.0	22976.0	22976.0	22976.0	22976.0	22976.0	22976.0	22976.0	22976.0	22976.0	22976.0	22976.0	22976.0	22976.0	22976.0	22976.0	22976.0	22976.0	22976.0	22976.0	22976.0	22976.0	22976.0	22976.0	22976.0	22976.0	22976.0	22976.0	22976.0	22976.0	22976.0	22976.0	22976.0	22976.0	22976.0	22976.0	22976.0	22976.0
338_TASK02_CON26_5.0_pos	pos	5.0	18521.0	18521.0	18521.0	18521.0	18521.0	18521.0	18521.0	18521.0	18521.0	18521.0	18521.0	18521.0	18521.0	18521.0	18521.0	18521.0	18521.0	18521.0	18521.0	18521.0	18521.0	18521.0	18521.0	18521.0	18521.0	18521.0	18521.0	18521.0	18521.0	18521.0	18521.0	18521.0	18521.0	18521.0	18521.0	18521.0	18521.0	18521.0	18521.0	18521.0	18521.0	18521.0	18521.0	18521.0	18521.0	18521.0	18521.0
338_TASK02_CON26_6.0_posneg	posneg	6.0	8990.0	8990.0	8990.0	8990.0	8990.0	8990.0	8990.0	8990.0	8990.0	8990.0	8990.0	8990.0	8990.0	8990.0	8990.0	8990.0	8990.0	8990.0	8990.0	8990.0	8990.0	8990.0	8990.0	8990.0	8990.0	8990.0	8990.0	8990.0	8990.0	8990.0	8990.0	8990.0	8990.0	8990.0	8990.0	8990.0	8990.0	8990.0	8990.0	8990.0	8990.0	8990.0	8990.0	8990.0	8990.0	8990.0	8990.0
338_TASK02_CON26_6.0_pos	pos	6.0	8124.0	8124.0	8124.0	8124.0	8124.0	8124.0	8124.0	8124.0	8124.0	8124.0	8124.0	8124.0	8124.0	8124.0	8124.0	8124.0	8124.0	8124.0	8124.0	8124.0	8124.0	8124.0	8124.0	8124.0	8124.0	8124.0	8124.0	8124.0	8124.0	8124.0	8124.0	8124.0	8124.0	8124.0	8124.0	8124.0	8124.0	8124.0	8124.0	8124.0	8124.0	8124.0	8124.0	8124.0	8124.0	8124.0	8124.0
338_TASK02_CON26_7.0_posneg	posneg	7.0	2063.0	2063.0	2063.0	2063.0	2063.0	2063.0	2063.0	2063.0	2063.0	2063.0	2063.0	2063.0	2063.0	2063.0	2063.0	2063.0	2063.0	2063.0	2063.0	2063.0	2063.0	2063.0	2063.0	2063.0	2063.0	2063.0	2063.0	2063.0	2063.0	2063.0	2063.0	2063.0	2063.0	2063.0	2063.0	2063.0	2063.0	2063.0	2063.0	2063.0	2063.0	2063.0	2063.0	2063.0	2063.0	2063.0	2063.0
338_TASK02_CON26_7.0_pos	pos	7.0	2013.0	2013.0	2013.0	2013.0	2013.0	2013.0	2013.0	2013.0	2013.0	2013.0	2013.0	2013.0	2013.0	2013.0	2013.0	2013.0	2013.0	2013.0	2013.0	2013.0	2013.0	2013.0	2013.0	2013.0	2013.0	2013.0	2013.0	2013.0	2013.0	2013.0	2013.0	2013.0	2013.0	2013.0	2013.0	2013.0	2013.0	2013.0	2013.0	2013.0	2013.0	2013.0	2013.0	2013.0	2013.0	2013.0	2013.0
338_TASK02_CON26_8.0_posneg	posneg	8.0	220.0	220.0	220.0	220.0	220.0	220.0	220.0	220.0	220.0	220.0	220.0	220.0	220.0	220.0	220.0	220.0	220.0	220.0	220.0	220.0	220.0	220.0	220.0	220.0	220.0	220.0	220.0	220.0	220.0	220.0	220.0	220.0	220.0	220.0	220.0	220.0	220.0	220.0	220.0	220.0	220.0	220.0	220.0	220.0	220.0	220.0	220.0
338_TASK02_CON26_8.0_pos	pos	8.0	218.0	218.0	218.0	218.0	218.0	218.0	218.0	218.0	218.0	218.0	218.0	218.0	218.0	218.0	218.0	218.0	218.0	218.0	218.0	218.0	218.0	218.0	218.0	218.0	218.0	218.0	218.0	218.0	218.0	218.0	218.0	218.0	218.0	218.0	218.0	218.0	218.0	218.0	218.0	218.0	218.0	218.0	218.0	218.0	218.0	218.0	218.0
338_TASK02_CON26_9.0_posneg	posneg	9.0	5.0	5.0	5.0	5.0	5.0	5.0	5.0	5.0	5.0	5.0	5.0	5.0	5.0	5.0	5.0	5.0	5.0	5.0	5.0	5.0	5.0	5.0	5.0	5.0	5.0	5.0	5.0	5.0	5.0	5.0	5.0	5.0	5.0	5.0	5.0	5.0	5.0	5.0	5.0	5.0	5.0	5.0	5.0	5.0	5.0	5.0	5.0
338_TASK02_CON26_9.0_pos	pos	9.0	5.0	5.0	5.0	5.0	5.0	5.0	5.0	5.0	5.0	5.0	5.0	5.0	5.0	5.0	5.0	5.0	5.0	5.0	5.0	5.0	5.0	5.0	5.0	5.0	5.0	5.0	5.0	5.0	5.0	5.0	5.0	5.0	5.0	5.0	5.0	5.0	5.0	5.0	5.0	5.0	5.0	5.0	5.0	5.0	5.0	5.0	5.0
338_TASK02_CON26_10.0_posneg	posneg	10.0	0.0	0.0	0.0	0.0	0.0	0.0	0.0	0.0	0.0	0.0	0.0	0.0	0.0	0.0	0.0	0.0	0.0	0.0	0.0	0.0	0.0	0.0	0.0	0.0	0.0	0.0	0.0	0.0	0.0	0.0	0.0	0.0	0.0	0.0	0.0	0.0	0.0	0.0	0.0	0.0	0.0	0.0	0.0	0.0	0.0	0.0	0.0
338_TASK02_CON26_10.0_pos	pos	10.0	0.0	0.0	0.0	0.0	0.0	0.0	0.0	0.0	0.0	0.0	0.0	0.0	0.0	0.0	0.0	0.0	0.0	0.0	0.0	0.0	0.0	0.0	0.0	0.0	0.0	0.0	0.0	0.0	0.0	0.0	0.0	0.0	0.0	0.0	0.0	0.0	0.0	0.0	0.0	0.0	0.0	0.0	0.0	0.0	0.0	0.0	0.0
338_TASK02_CON26_11.0_posneg	posneg	11.0	0.0	0.0	0.0	0.0	0.0	0.0	0.0	0.0	0.0	0.0	0.0	0.0	0.0	0.0	0.0	0.0	0.0	0.0	0.0	0.0	0.0	0.0	0.0	0.0	0.0	0.0	0.0	0.0	0.0	0.0	0.0	0.0	0.0	0.0	0.0	0.0	0.0	0.0	0.0	0.0	0.0	0.0	0.0	0.0	0.0	0.0	0.0
338_TASK02_CON26_11.0_pos	pos	11.0	0.0	0.0	0.0	0.0	0.0	0.0	0.0	0.0	0.0	0.0	0.0	0.0	0.0	0.0	0.0	0.0	0.0	0.0	0.0	0.0	0.0	0.0	0.0	0.0	0.0	0.0	0.0	0.0	0.0	0.0	0.0	0.0	0.0	0.0	0.0	0.0	0.0	0.0	0.0	0.0	0.0	0.0	0.0	0.0	0.0	0.0	0.0
338_TASK02_CON26_12.0_posneg	posneg	12.0	0.0	0.0	0.0	0.0	0.0	0.0	0.0	0.0	0.0	0.0	0.0	0.0	0.0	0.0	0.0	0.0	0.0	0.0	0.0	0.0	0.0	0.0	0.0	0.0	0.0	0.0	0.0	0.0	0.0	0.0	0.0	0.0	0.0	0.0	0.0	0.0	0.0	0.0	0.0	0.0	0.0	0.0	0.0	0.0	0.0	0.0	0.0
338_TASK02_CON26_12.0_pos	pos	12.0	0.0	0.0	0.0	0.0	0.0	0.0	0.0	0.0	0.0	0.0	0.0	0.0	0.0	0.0	0.0	0.0	0.0	0.0	0.0	0.0	0.0	0.0	0.0	0.0	0.0	0.0	0.0	0.0	0.0	0.0	0.0	0.0	0.0	0.0	0.0	0.0	0.0	0.0	0.0	0.0	0.0	0.0	0.0	0.0	0.0	0.0	0.0
338_TASK02_CON26_13.0_posneg	posneg	13.0	0.0	0.0	0.0	0.0	0.0	0.0	0.0	0.0	0.0	0.0	0.0	0.0	0.0	0.0	0.0	0.0	0.0	0.0	0.0	0.0	0.0	0.0	0.0	0.0	0.0	0.0	0.0	0.0	0.0	0.0	0.0	0.0	0.0	0.0	0.0	0.0	0.0	0.0	0.0	0.0	0.0	0.0	0.0	0.0	0.0	0.0	0.0
338_TASK02_CON26_13.0_pos	pos	13.0	0.0	0.0	0.0	0.0	0.0	0.0	0.0	0.0	0.0	0.0	0.0	0.0	0.0	0.0	0.0	0.0	0.0	0.0	0.0	0.0	0.0	0.0	0.0	0.0	0.0	0.0	0.0	0.0	0.0	0.0	0.0	0.0	0.0	0.0	0.0	0.0	0.0	0.0	0.0	0.0	0.0	0.0	0.0	0.0	0.0	0.0	0.0
338_TASK02_CON27_0.0_posneg	posneg	0.0	228191.0	228191.0	228191.0	228191.0	228191.0	228191.0	228191.0	228191.0	228191.0	228191.0	228191.0	228191.0	228191.0	228191.0	228191.0	228191.0	228191.0	228191.0	228191.0	228191.0	228191.0	228191.0	228191.0	228191.0	228191.0	228191.0	228191.0	228191.0	228191.0	228191.0	228191.0	228191.0	228191.0	228191.0	228191.0	228191.0	228191.0	228191.0	228191.0	228191.0	228191.0	228191.0	228191.0	228191.0	228191.0	228191.0	228191.0
338_TASK02_CON27_0.0_pos	pos	0.0	55468.0	55468.0	55468.0	55468.0	55468.0	55468.0	55468.0	55468.0	55468.0	55468.0	55468.0	55468.0	55468.0	55468.0	55468.0	55468.0	55468.0	55468.0	55468.0	55468.0	55468.0	55468.0	55468.0	55468.0	55468.0	55468.0	55468.0	55468.0	55468.0	55468.0	55468.0	55468.0	55468.0	55468.0	55468.0	55468.0	55468.0	55468.0	55468.0	55468.0	55468.0	55468.0	55468.0	55468.0	55468.0	55468.0	55468.0
338_TASK02_CON27_1.0_posneg	posneg	1.0	110578.0	110578.0	110578.0	110578.0	110578.0	110578.0	110578.0	110578.0	110578.0	110578.0	110578.0	110578.0	110578.0	110578.0	110578.0	110578.0	110578.0	110578.0	110578.0	110578.0	110578.0	110578.0	110578.0	110578.0	110578.0	110578.0	110578.0	110578.0	110578.0	110578.0	110578.0	110578.0	110578.0	110578.0	110578.0	110578.0	110578.0	110578.0	110578.0	110578.0	110578.0	110578.0	110578.0	110578.0	110578.0	110578.0	110578.0
338_TASK02_CON27_1.0_pos	pos	1.0	12698.0	12698.0	12698.0	12698.0	12698.0	12698.0	12698.0	12698.0	12698.0	12698.0	12698.0	12698.0	12698.0	12698.0	12698.0	12698.0	12698.0	12698.0	12698.0	12698.0	12698.0	12698.0	12698.0	12698.0	12698.0	12698.0	12698.0	12698.0	12698.0	12698.0	12698.0	12698.0	12698.0	12698.0	12698.0	12698.0	12698.0	12698.0	12698.0	12698.0	12698.0	12698.0	12698.0	12698.0	12698.0	12698.0	12698.0
338_TASK02_CON27_2.0_posneg	posneg	2.0	34189.0	34189.0	34189.0	34189.0	34189.0	34189.0	34189.0	34189.0	34189.0	34189.0	34189.0	34189.0	34189.0	34189.0	34189.0	34189.0	34189.0	34189.0	34189.0	34189.0	34189.0	34189.0	34189.0	34189.0	34189.0	34189.0	34189.0	34189.0	34189.0	34189.0	34189.0	34189.0	34189.0	34189.0	34189.0	34189.0	34189.0	34189.0	34189.0	34189.0	34189.0	34189.0	34189.0	34189.0	34189.0	34189.0	34189.0
338_TASK02_CON27_2.0_pos	pos	2.0	1342.0	1342.0	1342.0	1342.0	1342.0	1342.0	1342.0	1342.0	1342.0	1342.0	1342.0	1342.0	1342.0	1342.0	1342.0	1342.0	1342.0	1342.0	1342.0	1342.0	1342.0	1342.0	1342.0	1342.0	1342.0	1342.0	1342.0	1342.0	1342.0	1342.0	1342.0	1342.0	1342.0	1342.0	1342.0	1342.0	1342.0	1342.0	1342.0	1342.0	1342.0	1342.0	1342.0	1342.0	1342.0	1342.0	1342.0
338_TASK02_CON27_3.0_posneg	posneg	3.0	6518.0	6518.0	6518.0	6518.0	6518.0	6518.0	6518.0	6518.0	6518.0	6518.0	6518.0	6518.0	6518.0	6518.0	6518.0	6518.0	6518.0	6518.0	6518.0	6518.0	6518.0	6518.0	6518.0	6518.0	6518.0	6518.0	6518.0	6518.0	6518.0	6518.0	6518.0	6518.0	6518.0	6518.0	6518.0	6518.0	6518.0	6518.0	6518.0	6518.0	6518.0	6518.0	6518.0	6518.0	6518.0	6518.0	6518.0
338_TASK02_CON27_3.0_pos	pos	3.0	52.0	52.0	52.0	52.0	52.0	52.0	52.0	52.0	52.0	52.0	52.0	52.0	52.0	52.0	52.0	52.0	52.0	52.0	52.0	52.0	52.0	52.0	52.0	52.0	52.0	52.0	52.0	52.0	52.0	52.0	52.0	52.0	52.0	52.0	52.0	52.0	52.0	52.0	52.0	52.0	52.0	52.0	52.0	52.0	52.0	52.0	52.0
338_TASK02_CON27_4.0_posneg	posneg	4.0	953.0	953.0	953.0	953.0	953.0	953.0	953.0	953.0	953.0	953.0	953.0	953.0	953.0	953.0	953.0	953.0	953.0	953.0	953.0	953.0	953.0	953.0	953.0	953.0	953.0	953.0	953.0	953.0	953.0	953.0	953.0	953.0	953.0	953.0	953.0	953.0	953.0	953.0	953.0	953.0	953.0	953.0	953.0	953.0	953.0	953.0	953.0
338_TASK02_CON27_4.0_pos	pos	4.0	0.0	0.0	0.0	0.0	0.0	0.0	0.0	0.0	0.0	0.0	0.0	0.0	0.0	0.0	0.0	0.0	0.0	0.0	0.0	0.0	0.0	0.0	0.0	0.0	0.0	0.0	0.0	0.0	0.0	0.0	0.0	0.0	0.0	0.0	0.0	0.0	0.0	0.0	0.0	0.0	0.0	0.0	0.0	0.0	0.0	0.0	0.0
338_TASK02_CON27_5.0_posneg	posneg	5.0	122.0	122.0	122.0	122.0	122.0	122.0	122.0	122.0	122.0	122.0	122.0	122.0	122.0	122.0	122.0	122.0	122.0	122.0	122.0	122.0	122.0	122.0	122.0	122.0	122.0	122.0	122.0	122.0	122.0	122.0	122.0	122.0	122.0	122.0	122.0	122.0	122.0	122.0	122.0	122.0	122.0	122.0	122.0	122.0	122.0	122.0	122.0
338_TASK02_CON27_5.0_pos	pos	5.0	0.0	0.0	0.0	0.0	0.0	0.0	0.0	0.0	0.0	0.0	0.0	0.0	0.0	0.0	0.0	0.0	0.0	0.0	0.0	0.0	0.0	0.0	0.0	0.0	0.0	0.0	0.0	0.0	0.0	0.0	0.0	0.0	0.0	0.0	0.0	0.0	0.0	0.0	0.0	0.0	0.0	0.0	0.0	0.0	0.0	0.0	0.0
338_TASK02_CON27_6.0_posneg	posneg	6.0	0.0	0.0	0.0	0.0	0.0	0.0	0.0	0.0	0.0	0.0	0.0	0.0	0.0	0.0	0.0	0.0	0.0	0.0	0.0	0.0	0.0	0.0	0.0	0.0	0.0	0.0	0.0	0.0	0.0	0.0	0.0	0.0	0.0	0.0	0.0	0.0	0.0	0.0	0.0	0.0	0.0	0.0	0.0	0.0	0.0	0.0	0.0
338_TASK02_CON27_6.0_pos	pos	6.0	0.0	0.0	0.0	0.0	0.0	0.0	0.0	0.0	0.0	0.0	0.0	0.0	0.0	0.0	0.0	0.0	0.0	0.0	0.0	0.0	0.0	0.0	0.0	0.0	0.0	0.0	0.0	0.0	0.0	0.0	0.0	0.0	0.0	0.0	0.0	0.0	0.0	0.0	0.0	0.0	0.0	0.0	0.0	0.0	0.0	0.0	0.0
338_TASK02_CON27_7.0_posneg	posneg	7.0	0.0	0.0	0.0	0.0	0.0	0.0	0.0	0.0	0.0	0.0	0.0	0.0	0.0	0.0	0.0	0.0	0.0	0.0	0.0	0.0	0.0	0.0	0.0	0.0	0.0	0.0	0.0	0.0	0.0	0.0	0.0	0.0	0.0	0.0	0.0	0.0	0.0	0.0	0.0	0.0	0.0	0.0	0.0	0.0	0.0	0.0	0.0
338_TASK02_CON27_7.0_pos	pos	7.0	0.0	0.0	0.0	0.0	0.0	0.0	0.0	0.0	0.0	0.0	0.0	0.0	0.0	0.0	0.0	0.0	0.0	0.0	0.0	0.0	0.0	0.0	0.0	0.0	0.0	0.0	0.0	0.0	0.0	0.0	0.0	0.0	0.0	0.0	0.0	0.0	0.0	0.0	0.0	0.0	0.0	0.0	0.0	0.0	0.0	0.0	0.0
338_TASK02_CON27_8.0_posneg	posneg	8.0	0.0	0.0	0.0	0.0	0.0	0.0	0.0	0.0	0.0	0.0	0.0	0.0	0.0	0.0	0.0	0.0	0.0	0.0	0.0	0.0	0.0	0.0	0.0	0.0	0.0	0.0	0.0	0.0	0.0	0.0	0.0	0.0	0.0	0.0	0.0	0.0	0.0	0.0	0.0	0.0	0.0	0.0	0.0	0.0	0.0	0.0	0.0
338_TASK02_CON27_8.0_pos	pos	8.0	0.0	0.0	0.0	0.0	0.0	0.0	0.0	0.0	0.0	0.0	0.0	0.0	0.0	0.0	0.0	0.0	0.0	0.0	0.0	0.0	0.0	0.0	0.0	0.0	0.0	0.0	0.0	0.0	0.0	0.0	0.0	0.0	0.0	0.0	0.0	0.0	0.0	0.0	0.0	0.0	0.0	0.0	0.0	0.0	0.0	0.0	0.0
338_TASK02_CON27_9.0_posneg	posneg	9.0	0.0	0.0	0.0	0.0	0.0	0.0	0.0	0.0	0.0	0.0	0.0	0.0	0.0	0.0	0.0	0.0	0.0	0.0	0.0	0.0	0.0	0.0	0.0	0.0	0.0	0.0	0.0	0.0	0.0	0.0	0.0	0.0	0.0	0.0	0.0	0.0	0.0	0.0	0.0	0.0	0.0	0.0	0.0	0.0	0.0	0.0	0.0
338_TASK02_CON27_9.0_pos	pos	9.0	0.0	0.0	0.0	0.0	0.0	0.0	0.0	0.0	0.0	0.0	0.0	0.0	0.0	0.0	0.0	0.0	0.0	0.0	0.0	0.0	0.0	0.0	0.0	0.0	0.0	0.0	0.0	0.0	0.0	0.0	0.0	0.0	0.0	0.0	0.0	0.0	0.0	0.0	0.0	0.0	0.0	0.0	0.0	0.0	0.0	0.0	0.0
338_TASK02_CON27_10.0_posneg	posneg	10.0	0.0	0.0	0.0	0.0	0.0	0.0	0.0	0.0	0.0	0.0	0.0	0.0	0.0	0.0	0.0	0.0	0.0	0.0	0.0	0.0	0.0	0.0	0.0	0.0	0.0	0.0	0.0	0.0	0.0	0.0	0.0	0.0	0.0	0.0	0.0	0.0	0.0	0.0	0.0	0.0	0.0	0.0	0.0	0.0	0.0	0.0	0.0
338_TASK02_CON27_10.0_pos	pos	10.0	0.0	0.0	0.0	0.0	0.0	0.0	0.0	0.0	0.0	0.0	0.0	0.0	0.0	0.0	0.0	0.0	0.0	0.0	0.0	0.0	0.0	0.0	0.0	0.0	0.0	0.0	0.0	0.0	0.0	0.0	0.0	0.0	0.0	0.0	0.0	0.0	0.0	0.0	0.0	0.0	0.0	0.0	0.0	0.0	0.0	0.0	0.0
338_TASK02_CON27_11.0_posneg	posneg	11.0	0.0	0.0	0.0	0.0	0.0	0.0	0.0	0.0	0.0	0.0	0.0	0.0	0.0	0.0	0.0	0.0	0.0	0.0	0.0	0.0	0.0	0.0	0.0	0.0	0.0	0.0	0.0	0.0	0.0	0.0	0.0	0.0	0.0	0.0	0.0	0.0	0.0	0.0	0.0	0.0	0.0	0.0	0.0	0.0	0.0	0.0	0.0
338_TASK02_CON27_11.0_pos	pos	11.0	0.0	0.0	0.0	0.0	0.0	0.0	0.0	0.0	0.0	0.0	0.0	0.0	0.0	0.0	0.0	0.0	0.0	0.0	0.0	0.0	0.0	0.0	0.0	0.0	0.0	0.0	0.0	0.0	0.0	0.0	0.0	0.0	0.0	0.0	0.0	0.0	0.0	0.0	0.0	0.0	0.0	0.0	0.0	0.0	0.0	0.0	0.0
338_TASK02_CON27_12.0_posneg	posneg	12.0	0.0	0.0	0.0	0.0	0.0	0.0	0.0	0.0	0.0	0.0	0.0	0.0	0.0	0.0	0.0	0.0	0.0	0.0	0.0	0.0	0.0	0.0	0.0	0.0	0.0	0.0	0.0	0.0	0.0	0.0	0.0	0.0	0.0	0.0	0.0	0.0	0.0	0.0	0.0	0.0	0.0	0.0	0.0	0.0	0.0	0.0	0.0
338_TASK02_CON27_12.0_pos	pos	12.0	0.0	0.0	0.0	0.0	0.0	0.0	0.0	0.0	0.0	0.0	0.0	0.0	0.0	0.0	0.0	0.0	0.0	0.0	0.0	0.0	0.0	0.0	0.0	0.0	0.0	0.0	0.0	0.0	0.0	0.0	0.0	0.0	0.0	0.0	0.0	0.0	0.0	0.0	0.0	0.0	0.0	0.0	0.0	0.0	0.0	0.0	0.0
338_TASK02_CON27_13.0_posneg	posneg	13.0	0.0	0.0	0.0	0.0	0.0	0.0	0.0	0.0	0.0	0.0	0.0	0.0	0.0	0.0	0.0	0.0	0.0	0.0	0.0	0.0	0.0	0.0	0.0	0.0	0.0	0.0	0.0	0.0	0.0	0.0	0.0	0.0	0.0	0.0	0.0	0.0	0.0	0.0	0.0	0.0	0.0	0.0	0.0	0.0	0.0	0.0	0.0
338_TASK02_CON27_13.0_pos	pos	13.0	0.0	0.0	0.0	0.0	0.0	0.0	0.0	0.0	0.0	0.0	0.0	0.0	0.0	0.0	0.0	0.0	0.0	0.0	0.0	0.0	0.0	0.0	0.0	0.0	0.0	0.0	0.0	0.0	0.0	0.0	0.0	0.0	0.0	0.0	0.0	0.0	0.0	0.0	0.0	0.0	0.0	0.0	0.0	0.0	0.0	0.0	0.0
338_TASK03_CON19_0.0_posneg	posneg	0.0	228191.0	228191.0	228191.0	228191.0	228191.0	228191.0	228191.0	228191.0	228191.0	228191.0	228191.0	228191.0	228191.0	228191.0	228191.0	228191.0	228191.0	228191.0	228191.0	228191.0	228191.0	228191.0	228191.0	228191.0	228191.0	228191.0	228191.0	228191.0	228191.0	228191.0	228191.0	228191.0	228191.0	228191.0	228191.0	228191.0	228191.0	228191.0	228191.0	228191.0	228191.0	228191.0	228191.0	228191.0	228191.0	228191.0	228191.0
338_TASK03_CON19_0.0_pos	pos	0.0	55305.0	55305.0	55305.0	55305.0	55305.0	55305.0	55305.0	55305.0	55305.0	55305.0	55305.0	55305.0	55305.0	55305.0	55305.0	55305.0	55305.0	55305.0	55305.0	55305.0	55305.0	55305.0	55305.0	55305.0	55305.0	55305.0	55305.0	55305.0	55305.0	55305.0	55305.0	55305.0	55305.0	55305.0	55305.0	55305.0	55305.0	55305.0	55305.0	55305.0	55305.0	55305.0	55305.0	55305.0	55305.0	55305.0	55305.0
338_TASK03_CON19_1.0_posneg	posneg	1.0	166538.0	166538.0	166538.0	166538.0	166538.0	166538.0	166538.0	166538.0	166538.0	166538.0	166538.0	166538.0	166538.0	166538.0	166538.0	166538.0	166538.0	166538.0	166538.0	166538.0	166538.0	166538.0	166538.0	166538.0	166538.0	166538.0	166538.0	166538.0	166538.0	166538.0	166538.0	166538.0	166538.0	166538.0	166538.0	166538.0	166538.0	166538.0	166538.0	166538.0	166538.0	166538.0	166538.0	166538.0	166538.0	166538.0	166538.0
338_TASK03_CON19_1.0_pos	pos	1.0	29340.0	29340.0	29340.0	29340.0	29340.0	29340.0	29340.0	29340.0	29340.0	29340.0	29340.0	29340.0	29340.0	29340.0	29340.0	29340.0	29340.0	29340.0	29340.0	29340.0	29340.0	29340.0	29340.0	29340.0	29340.0	29340.0	29340.0	29340.0	29340.0	29340.0	29340.0	29340.0	29340.0	29340.0	29340.0	29340.0	29340.0	29340.0	29340.0	29340.0	29340.0	29340.0	29340.0	29340.0	29340.0	29340.0	29340.0
338_TASK03_CON19_2.0_posneg	posneg	2.0	115126.0	115126.0	115126.0	115126.0	115126.0	115126.0	115126.0	115126.0	115126.0	115126.0	115126.0	115126.0	115126.0	115126.0	115126.0	115126.0	115126.0	115126.0	115126.0	115126.0	115126.0	115126.0	115126.0	115126.0	115126.0	115126.0	115126.0	115126.0	115126.0	115126.0	115126.0	115126.0	115126.0	115126.0	115126.0	115126.0	115126.0	115126.0	115126.0	115126.0	115126.0	115126.0	115126.0	115126.0	115126.0	115126.0	115126.0
338_TASK03_CON19_2.0_pos	pos	2.0	14640.0	14640.0	14640.0	14640.0	14640.0	14640.0	14640.0	14640.0	14640.0	14640.0	14640.0	14640.0	14640.0	14640.0	14640.0	14640.0	14640.0	14640.0	14640.0	14640.0	14640.0	14640.0	14640.0	14640.0	14640.0	14640.0	14640.0	14640.0	14640.0	14640.0	14640.0	14640.0	14640.0	14640.0	14640.0	14640.0	14640.0	14640.0	14640.0	14640.0	14640.0	14640.0	14640.0	14640.0	14640.0	14640.0	14640.0
338_TASK03_CON19_3.0_posneg	posneg	3.0	74698.0	74698.0	74698.0	74698.0	74698.0	74698.0	74698.0	74698.0	74698.0	74698.0	74698.0	74698.0	74698.0	74698.0	74698.0	74698.0	74698.0	74698.0	74698.0	74698.0	74698.0	74698.0	74698.0	74698.0	74698.0	74698.0	74698.0	74698.0	74698.0	74698.0	74698.0	74698.0	74698.0	74698.0	74698.0	74698.0	74698.0	74698.0	74698.0	74698.0	74698.0	74698.0	74698.0	74698.0	74698.0	74698.0	74698.0
338_TASK03_CON19_3.0_pos	pos	3.0	7253.0	7253.0	7253.0	7253.0	7253.0	7253.0	7253.0	7253.0	7253.0	7253.0	7253.0	7253.0	7253.0	7253.0	7253.0	7253.0	7253.0	7253.0	7253.0	7253.0	7253.0	7253.0	7253.0	7253.0	7253.0	7253.0	7253.0	7253.0	7253.0	7253.0	7253.0	7253.0	7253.0	7253.0	7253.0	7253.0	7253.0	7253.0	7253.0	7253.0	7253.0	7253.0	7253.0	7253.0	7253.0	7253.0	7253.0
338_TASK03_CON19_4.0_posneg	posneg	4.0	44378.0	44378.0	44378.0	44378.0	44378.0	44378.0	44378.0	44378.0	44378.0	44378.0	44378.0	44378.0	44378.0	44378.0	44378.0	44378.0	44378.0	44378.0	44378.0	44378.0	44378.0	44378.0	44378.0	44378.0	44378.0	44378.0	44378.0	44378.0	44378.0	44378.0	44378.0	44378.0	44378.0	44378.0	44378.0	44378.0	44378.0	44378.0	44378.0	44378.0	44378.0	44378.0	44378.0	44378.0	44378.0	44378.0	44378.0
338_TASK03_CON19_4.0_pos	pos	4.0	3454.0	3454.0	3454.0	3454.0	3454.0	3454.0	3454.0	3454.0	3454.0	3454.0	3454.0	3454.0	3454.0	3454.0	3454.0	3454.0	3454.0	3454.0	3454.0	3454.0	3454.0	3454.0	3454.0	3454.0	3454.0	3454.0	3454.0	3454.0	3454.0	3454.0	3454.0	3454.0	3454.0	3454.0	3454.0	3454.0	3454.0	3454.0	3454.0	3454.0	3454.0	3454.0	3454.0	3454.0	3454.0	3454.0	3454.0
338_TASK03_CON19_5.0_posneg	posneg	5.0	22771.0	22771.0	22771.0	22771.0	22771.0	22771.0	22771.0	22771.0	22771.0	22771.0	22771.0	22771.0	22771.0	22771.0	22771.0	22771.0	22771.0	22771.0	22771.0	22771.0	22771.0	22771.0	22771.0	22771.0	22771.0	22771.0	22771.0	22771.0	22771.0	22771.0	22771.0	22771.0	22771.0	22771.0	22771.0	22771.0	22771.0	22771.0	22771.0	22771.0	22771.0	22771.0	22771.0	22771.0	22771.0	22771.0	22771.0
338_TASK03_CON19_5.0_pos	pos	5.0	1358.0	1358.0	1358.0	1358.0	1358.0	1358.0	1358.0	1358.0	1358.0	1358.0	1358.0	1358.0	1358.0	1358.0	1358.0	1358.0	1358.0	1358.0	1358.0	1358.0	1358.0	1358.0	1358.0	1358.0	1358.0	1358.0	1358.0	1358.0	1358.0	1358.0	1358.0	1358.0	1358.0	1358.0	1358.0	1358.0	1358.0	1358.0	1358.0	1358.0	1358.0	1358.0	1358.0	1358.0	1358.0	1358.0	1358.0
338_TASK03_CON19_6.0_posneg	posneg	6.0	9342.0	9342.0	9342.0	9342.0	9342.0	9342.0	9342.0	9342.0	9342.0	9342.0	9342.0	9342.0	9342.0	9342.0	9342.0	9342.0	9342.0	9342.0	9342.0	9342.0	9342.0	9342.0	9342.0	9342.0	9342.0	9342.0	9342.0	9342.0	9342.0	9342.0	9342.0	9342.0	9342.0	9342.0	9342.0	9342.0	9342.0	9342.0	9342.0	9342.0	9342.0	9342.0	9342.0	9342.0	9342.0	9342.0	9342.0
338_TASK03_CON19_6.0_pos	pos	6.0	336.0	336.0	336.0	336.0	336.0	336.0	336.0	336.0	336.0	336.0	336.0	336.0	336.0	336.0	336.0	336.0	336.0	336.0	336.0	336.0	336.0	336.0	336.0	336.0	336.0	336.0	336.0	336.0	336.0	336.0	336.0	336.0	336.0	336.0	336.0	336.0	336.0	336.0	336.0	336.0	336.0	336.0	336.0	336.0	336.0	336.0	336.0
338_TASK03_CON19_7.0_posneg	posneg	7.0	2881.0	2881.0	2881.0	2881.0	2881.0	2881.0	2881.0	2881.0	2881.0	2881.0	2881.0	2881.0	2881.0	2881.0	2881.0	2881.0	2881.0	2881.0	2881.0	2881.0	2881.0	2881.0	2881.0	2881.0	2881.0	2881.0	2881.0	2881.0	2881.0	2881.0	2881.0	2881.0	2881.0	2881.0	2881.0	2881.0	2881.0	2881.0	2881.0	2881.0	2881.0	2881.0	2881.0	2881.0	2881.0	2881.0	2881.0
338_TASK03_CON19_7.0_pos	pos	7.0	35.0	35.0	35.0	35.0	35.0	35.0	35.0	35.0	35.0	35.0	35.0	35.0	35.0	35.0	35.0	35.0	35.0	35.0	35.0	35.0	35.0	35.0	35.0	35.0	35.0	35.0	35.0	35.0	35.0	35.0	35.0	35.0	35.0	35.0	35.0	35.0	35.0	35.0	35.0	35.0	35.0	35.0	35.0	35.0	35.0	35.0	35.0
338_TASK03_CON19_8.0_posneg	posneg	8.0	594.0	594.0	594.0	594.0	594.0	594.0	594.0	594.0	594.0	594.0	594.0	594.0	594.0	594.0	594.0	594.0	594.0	594.0	594.0	594.0	594.0	594.0	594.0	594.0	594.0	594.0	594.0	594.0	594.0	594.0	594.0	594.0	594.0	594.0	594.0	594.0	594.0	594.0	594.0	594.0	594.0	594.0	594.0	594.0	594.0	594.0	594.0
338_TASK03_CON19_8.0_pos	pos	8.0	2.0	2.0	2.0	2.0	2.0	2.0	2.0	2.0	2.0	2.0	2.0	2.0	2.0	2.0	2.0	2.0	2.0	2.0	2.0	2.0	2.0	2.0	2.0	2.0	2.0	2.0	2.0	2.0	2.0	2.0	2.0	2.0	2.0	2.0	2.0	2.0	2.0	2.0	2.0	2.0	2.0	2.0	2.0	2.0	2.0	2.0	2.0
338_TASK03_CON19_9.0_posneg	posneg	9.0	60.0	60.0	60.0	60.0	60.0	60.0	60.0	60.0	60.0	60.0	60.0	60.0	60.0	60.0	60.0	60.0	60.0	60.0	60.0	60.0	60.0	60.0	60.0	60.0	60.0	60.0	60.0	60.0	60.0	60.0	60.0	60.0	60.0	60.0	60.0	60.0	60.0	60.0	60.0	60.0	60.0	60.0	60.0	60.0	60.0	60.0	60.0
338_TASK03_CON19_9.0_pos	pos	9.0	0.0	0.0	0.0	0.0	0.0	0.0	0.0	0.0	0.0	0.0	0.0	0.0	0.0	0.0	0.0	0.0	0.0	0.0	0.0	0.0	0.0	0.0	0.0	0.0	0.0	0.0	0.0	0.0	0.0	0.0	0.0	0.0	0.0	0.0	0.0	0.0	0.0	0.0	0.0	0.0	0.0	0.0	0.0	0.0	0.0	0.0	0.0
338_TASK03_CON19_10.0_posneg	posneg	10.0	3.0	3.0	3.0	3.0	3.0	3.0	3.0	3.0	3.0	3.0	3.0	3.0	3.0	3.0	3.0	3.0	3.0	3.0	3.0	3.0	3.0	3.0	3.0	3.0	3.0	3.0	3.0	3.0	3.0	3.0	3.0	3.0	3.0	3.0	3.0	3.0	3.0	3.0	3.0	3.0	3.0	3.0	3.0	3.0	3.0	3.0	3.0
338_TASK03_CON19_10.0_pos	pos	10.0	0.0	0.0	0.0	0.0	0.0	0.0	0.0	0.0	0.0	0.0	0.0	0.0	0.0	0.0	0.0	0.0	0.0	0.0	0.0	0.0	0.0	0.0	0.0	0.0	0.0	0.0	0.0	0.0	0.0	0.0	0.0	0.0	0.0	0.0	0.0	0.0	0.0	0.0	0.0	0.0	0.0	0.0	0.0	0.0	0.0	0.0	0.0
338_TASK03_CON19_11.0_posneg	posneg	11.0	0.0	0.0	0.0	0.0	0.0	0.0	0.0	0.0	0.0	0.0	0.0	0.0	0.0	0.0	0.0	0.0	0.0	0.0	0.0	0.0	0.0	0.0	0.0	0.0	0.0	0.0	0.0	0.0	0.0	0.0	0.0	0.0	0.0	0.0	0.0	0.0	0.0	0.0	0.0	0.0	0.0	0.0	0.0	0.0	0.0	0.0	0.0
338_TASK03_CON19_11.0_pos	pos	11.0	0.0	0.0	0.0	0.0	0.0	0.0	0.0	0.0	0.0	0.0	0.0	0.0	0.0	0.0	0.0	0.0	0.0	0.0	0.0	0.0	0.0	0.0	0.0	0.0	0.0	0.0	0.0	0.0	0.0	0.0	0.0	0.0	0.0	0.0	0.0	0.0	0.0	0.0	0.0	0.0	0.0	0.0	0.0	0.0	0.0	0.0	0.0
338_TASK03_CON19_12.0_posneg	posneg	12.0	0.0	0.0	0.0	0.0	0.0	0.0	0.0	0.0	0.0	0.0	0.0	0.0	0.0	0.0	0.0	0.0	0.0	0.0	0.0	0.0	0.0	0.0	0.0	0.0	0.0	0.0	0.0	0.0	0.0	0.0	0.0	0.0	0.0	0.0	0.0	0.0	0.0	0.0	0.0	0.0	0.0	0.0	0.0	0.0	0.0	0.0	0.0
338_TASK03_CON19_12.0_pos	pos	12.0	0.0	0.0	0.0	0.0	0.0	0.0	0.0	0.0	0.0	0.0	0.0	0.0	0.0	0.0	0.0	0.0	0.0	0.0	0.0	0.0	0.0	0.0	0.0	0.0	0.0	0.0	0.0	0.0	0.0	0.0	0.0	0.0	0.0	0.0	0.0	0.0	0.0	0.0	0.0	0.0	0.0	0.0	0.0	0.0	0.0	0.0	0.0
338_TASK03_CON19_13.0_posneg	posneg	13.0	0.0	0.0	0.0	0.0	0.0	0.0	0.0	0.0	0.0	0.0	0.0	0.0	0.0	0.0	0.0	0.0	0.0	0.0	0.0	0.0	0.0	0.0	0.0	0.0	0.0	0.0	0.0	0.0	0.0	0.0	0.0	0.0	0.0	0.0	0.0	0.0	0.0	0.0	0.0	0.0	0.0	0.0	0.0	0.0	0.0	0.0	0.0
338_TASK03_CON19_13.0_pos	pos	13.0	0.0	0.0	0.0	0.0	0.0	0.0	0.0	0.0	0.0	0.0	0.0	0.0	0.0	0.0	0.0	0.0	0.0	0.0	0.0	0.0	0.0	0.0	0.0	0.0	0.0	0.0	0.0	0.0	0.0	0.0	0.0	0.0	0.0	0.0	0.0	0.0	0.0	0.0	0.0	0.0	0.0	0.0	0.0	0.0	0.0	0.0	0.0
338_TASK03_CON20_0.0_posneg	posneg	0.0	228191.0	228191.0	228191.0	228191.0	228191.0	228191.0	228191.0	228191.0	228191.0	228191.0	228191.0	228191.0	228191.0	228191.0	228191.0	228191.0	228191.0	228191.0	228191.0	228191.0	228191.0	228191.0	228191.0	228191.0	228191.0	228191.0	228191.0	228191.0	228191.0	228191.0	228191.0	228191.0	228191.0	228191.0	228191.0	228191.0	228191.0	228191.0	228191.0	228191.0	228191.0	228191.0	228191.0	228191.0	228191.0	228191.0	228191.0
338_TASK03_CON20_0.0_pos	pos	0.0	33442.0	33442.0	33442.0	33442.0	33442.0	33442.0	33442.0	33442.0	33442.0	33442.0	33442.0	33442.0	33442.0	33442.0	33442.0	33442.0	33442.0	33442.0	33442.0	33442.0	33442.0	33442.0	33442.0	33442.0	33442.0	33442.0	33442.0	33442.0	33442.0	33442.0	33442.0	33442.0	33442.0	33442.0	33442.0	33442.0	33442.0	33442.0	33442.0	33442.0	33442.0	33442.0	33442.0	33442.0	33442.0	33442.0	33442.0
338_TASK03_CON20_1.0_posneg	posneg	1.0	182562.0	182562.0	182562.0	182562.0	182562.0	182562.0	182562.0	182562.0	182562.0	182562.0	182562.0	182562.0	182562.0	182562.0	182562.0	182562.0	182562.0	182562.0	182562.0	182562.0	182562.0	182562.0	182562.0	182562.0	182562.0	182562.0	182562.0	182562.0	182562.0	182562.0	182562.0	182562.0	182562.0	182562.0	182562.0	182562.0	182562.0	182562.0	182562.0	182562.0	182562.0	182562.0	182562.0	182562.0	182562.0	182562.0	182562.0
338_TASK03_CON20_1.0_pos	pos	1.0	17404.0	17404.0	17404.0	17404.0	17404.0	17404.0	17404.0	17404.0	17404.0	17404.0	17404.0	17404.0	17404.0	17404.0	17404.0	17404.0	17404.0	17404.0	17404.0	17404.0	17404.0	17404.0	17404.0	17404.0	17404.0	17404.0	17404.0	17404.0	17404.0	17404.0	17404.0	17404.0	17404.0	17404.0	17404.0	17404.0	17404.0	17404.0	17404.0	17404.0	17404.0	17404.0	17404.0	17404.0	17404.0	17404.0	17404.0
338_TASK03_CON20_2.0_posneg	posneg	2.0	136007.0	136007.0	136007.0	136007.0	136007.0	136007.0	136007.0	136007.0	136007.0	136007.0	136007.0	136007.0	136007.0	136007.0	136007.0	136007.0	136007.0	136007.0	136007.0	136007.0	136007.0	136007.0	136007.0	136007.0	136007.0	136007.0	136007.0	136007.0	136007.0	136007.0	136007.0	136007.0	136007.0	136007.0	136007.0	136007.0	136007.0	136007.0	136007.0	136007.0	136007.0	136007.0	136007.0	136007.0	136007.0	136007.0	136007.0
338_TASK03_CON20_2.0_pos	pos	2.0	10116.0	10116.0	10116.0	10116.0	10116.0	10116.0	10116.0	10116.0	10116.0	10116.0	10116.0	10116.0	10116.0	10116.0	10116.0	10116.0	10116.0	10116.0	10116.0	10116.0	10116.0	10116.0	10116.0	10116.0	10116.0	10116.0	10116.0	10116.0	10116.0	10116.0	10116.0	10116.0	10116.0	10116.0	10116.0	10116.0	10116.0	10116.0	10116.0	10116.0	10116.0	10116.0	10116.0	10116.0	10116.0	10116.0	10116.0
338_TASK03_CON20_3.0_posneg	posneg	3.0	94609.0	94609.0	94609.0	94609.0	94609.0	94609.0	94609.0	94609.0	94609.0	94609.0	94609.0	94609.0	94609.0	94609.0	94609.0	94609.0	94609.0	94609.0	94609.0	94609.0	94609.0	94609.0	94609.0	94609.0	94609.0	94609.0	94609.0	94609.0	94609.0	94609.0	94609.0	94609.0	94609.0	94609.0	94609.0	94609.0	94609.0	94609.0	94609.0	94609.0	94609.0	94609.0	94609.0	94609.0	94609.0	94609.0	94609.0
338_TASK03_CON20_3.0_pos	pos	3.0	6476.0	6476.0	6476.0	6476.0	6476.0	6476.0	6476.0	6476.0	6476.0	6476.0	6476.0	6476.0	6476.0	6476.0	6476.0	6476.0	6476.0	6476.0	6476.0	6476.0	6476.0	6476.0	6476.0	6476.0	6476.0	6476.0	6476.0	6476.0	6476.0	6476.0	6476.0	6476.0	6476.0	6476.0	6476.0	6476.0	6476.0	6476.0	6476.0	6476.0	6476.0	6476.0	6476.0	6476.0	6476.0	6476.0	6476.0
338_TASK03_CON20_4.0_posneg	posneg	4.0	61895.0	61895.0	61895.0	61895.0	61895.0	61895.0	61895.0	61895.0	61895.0	61895.0	61895.0	61895.0	61895.0	61895.0	61895.0	61895.0	61895.0	61895.0	61895.0	61895.0	61895.0	61895.0	61895.0	61895.0	61895.0	61895.0	61895.0	61895.0	61895.0	61895.0	61895.0	61895.0	61895.0	61895.0	61895.0	61895.0	61895.0	61895.0	61895.0	61895.0	61895.0	61895.0	61895.0	61895.0	61895.0	61895.0	61895.0
338_TASK03_CON20_4.0_pos	pos	4.0	3907.0	3907.0	3907.0	3907.0	3907.0	3907.0	3907.0	3907.0	3907.0	3907.0	3907.0	3907.0	3907.0	3907.0	3907.0	3907.0	3907.0	3907.0	3907.0	3907.0	3907.0	3907.0	3907.0	3907.0	3907.0	3907.0	3907.0	3907.0	3907.0	3907.0	3907.0	3907.0	3907.0	3907.0	3907.0	3907.0	3907.0	3907.0	3907.0	3907.0	3907.0	3907.0	3907.0	3907.0	3907.0	3907.0	3907.0
338_TASK03_CON20_5.0_posneg	posneg	5.0	35597.0	35597.0	35597.0	35597.0	35597.0	35597.0	35597.0	35597.0	35597.0	35597.0	35597.0	35597.0	35597.0	35597.0	35597.0	35597.0	35597.0	35597.0	35597.0	35597.0	35597.0	35597.0	35597.0	35597.0	35597.0	35597.0	35597.0	35597.0	35597.0	35597.0	35597.0	35597.0	35597.0	35597.0	35597.0	35597.0	35597.0	35597.0	35597.0	35597.0	35597.0	35597.0	35597.0	35597.0	35597.0	35597.0	35597.0
338_TASK03_CON20_5.0_pos	pos	5.0	2056.0	2056.0	2056.0	2056.0	2056.0	2056.0	2056.0	2056.0	2056.0	2056.0	2056.0	2056.0	2056.0	2056.0	2056.0	2056.0	2056.0	2056.0	2056.0	2056.0	2056.0	2056.0	2056.0	2056.0	2056.0	2056.0	2056.0	2056.0	2056.0	2056.0	2056.0	2056.0	2056.0	2056.0	2056.0	2056.0	2056.0	2056.0	2056.0	2056.0	2056.0	2056.0	2056.0	2056.0	2056.0	2056.0	2056.0
338_TASK03_CON20_6.0_posneg	posneg	6.0	16126.0	16126.0	16126.0	16126.0	16126.0	16126.0	16126.0	16126.0	16126.0	16126.0	16126.0	16126.0	16126.0	16126.0	16126.0	16126.0	16126.0	16126.0	16126.0	16126.0	16126.0	16126.0	16126.0	16126.0	16126.0	16126.0	16126.0	16126.0	16126.0	16126.0	16126.0	16126.0	16126.0	16126.0	16126.0	16126.0	16126.0	16126.0	16126.0	16126.0	16126.0	16126.0	16126.0	16126.0	16126.0	16126.0	16126.0
338_TASK03_CON20_6.0_pos	pos	6.0	746.0	746.0	746.0	746.0	746.0	746.0	746.0	746.0	746.0	746.0	746.0	746.0	746.0	746.0	746.0	746.0	746.0	746.0	746.0	746.0	746.0	746.0	746.0	746.0	746.0	746.0	746.0	746.0	746.0	746.0	746.0	746.0	746.0	746.0	746.0	746.0	746.0	746.0	746.0	746.0	746.0	746.0	746.0	746.0	746.0	746.0	746.0
338_TASK03_CON20_7.0_posneg	posneg	7.0	4902.0	4902.0	4902.0	4902.0	4902.0	4902.0	4902.0	4902.0	4902.0	4902.0	4902.0	4902.0	4902.0	4902.0	4902.0	4902.0	4902.0	4902.0	4902.0	4902.0	4902.0	4902.0	4902.0	4902.0	4902.0	4902.0	4902.0	4902.0	4902.0	4902.0	4902.0	4902.0	4902.0	4902.0	4902.0	4902.0	4902.0	4902.0	4902.0	4902.0	4902.0	4902.0	4902.0	4902.0	4902.0	4902.0	4902.0
338_TASK03_CON20_7.0_pos	pos	7.0	116.0	116.0	116.0	116.0	116.0	116.0	116.0	116.0	116.0	116.0	116.0	116.0	116.0	116.0	116.0	116.0	116.0	116.0	116.0	116.0	116.0	116.0	116.0	116.0	116.0	116.0	116.0	116.0	116.0	116.0	116.0	116.0	116.0	116.0	116.0	116.0	116.0	116.0	116.0	116.0	116.0	116.0	116.0	116.0	116.0	116.0	116.0
338_TASK03_CON20_8.0_posneg	posneg	8.0	877.0	877.0	877.0	877.0	877.0	877.0	877.0	877.0	877.0	877.0	877.0	877.0	877.0	877.0	877.0	877.0	877.0	877.0	877.0	877.0	877.0	877.0	877.0	877.0	877.0	877.0	877.0	877.0	877.0	877.0	877.0	877.0	877.0	877.0	877.0	877.0	877.0	877.0	877.0	877.0	877.0	877.0	877.0	877.0	877.0	877.0	877.0
338_TASK03_CON20_8.0_pos	pos	8.0	10.0	10.0	10.0	10.0	10.0	10.0	10.0	10.0	10.0	10.0	10.0	10.0	10.0	10.0	10.0	10.0	10.0	10.0	10.0	10.0	10.0	10.0	10.0	10.0	10.0	10.0	10.0	10.0	10.0	10.0	10.0	10.0	10.0	10.0	10.0	10.0	10.0	10.0	10.0	10.0	10.0	10.0	10.0	10.0	10.0	10.0	10.0
338_TASK03_CON20_9.0_posneg	posneg	9.0	59.0	59.0	59.0	59.0	59.0	59.0	59.0	59.0	59.0	59.0	59.0	59.0	59.0	59.0	59.0	59.0	59.0	59.0	59.0	59.0	59.0	59.0	59.0	59.0	59.0	59.0	59.0	59.0	59.0	59.0	59.0	59.0	59.0	59.0	59.0	59.0	59.0	59.0	59.0	59.0	59.0	59.0	59.0	59.0	59.0	59.0	59.0
338_TASK03_CON20_9.0_pos	pos	9.0	0.0	0.0	0.0	0.0	0.0	0.0	0.0	0.0	0.0	0.0	0.0	0.0	0.0	0.0	0.0	0.0	0.0	0.0	0.0	0.0	0.0	0.0	0.0	0.0	0.0	0.0	0.0	0.0	0.0	0.0	0.0	0.0	0.0	0.0	0.0	0.0	0.0	0.0	0.0	0.0	0.0	0.0	0.0	0.0	0.0	0.0	0.0
338_TASK03_CON20_10.0_posneg	posneg	10.0	4.0	4.0	4.0	4.0	4.0	4.0	4.0	4.0	4.0	4.0	4.0	4.0	4.0	4.0	4.0	4.0	4.0	4.0	4.0	4.0	4.0	4.0	4.0	4.0	4.0	4.0	4.0	4.0	4.0	4.0	4.0	4.0	4.0	4.0	4.0	4.0	4.0	4.0	4.0	4.0	4.0	4.0	4.0	4.0	4.0	4.0	4.0
338_TASK03_CON20_10.0_pos	pos	10.0	0.0	0.0	0.0	0.0	0.0	0.0	0.0	0.0	0.0	0.0	0.0	0.0	0.0	0.0	0.0	0.0	0.0	0.0	0.0	0.0	0.0	0.0	0.0	0.0	0.0	0.0	0.0	0.0	0.0	0.0	0.0	0.0	0.0	0.0	0.0	0.0	0.0	0.0	0.0	0.0	0.0	0.0	0.0	0.0	0.0	0.0	0.0
338_TASK03_CON20_11.0_posneg	posneg	11.0	4.0	4.0	4.0	4.0	4.0	4.0	4.0	4.0	4.0	4.0	4.0	4.0	4.0	4.0	4.0	4.0	4.0	4.0	4.0	4.0	4.0	4.0	4.0	4.0	4.0	4.0	4.0	4.0	4.0	4.0	4.0	4.0	4.0	4.0	4.0	4.0	4.0	4.0	4.0	4.0	4.0	4.0	4.0	4.0	4.0	4.0	4.0
338_TASK03_CON20_11.0_pos	pos	11.0	0.0	0.0	0.0	0.0	0.0	0.0	0.0	0.0	0.0	0.0	0.0	0.0	0.0	0.0	0.0	0.0	0.0	0.0	0.0	0.0	0.0	0.0	0.0	0.0	0.0	0.0	0.0	0.0	0.0	0.0	0.0	0.0	0.0	0.0	0.0	0.0	0.0	0.0	0.0	0.0	0.0	0.0	0.0	0.0	0.0	0.0	0.0
338_TASK03_CON20_12.0_posneg	posneg	12.0	0.0	0.0	0.0	0.0	0.0	0.0	0.0	0.0	0.0	0.0	0.0	0.0	0.0	0.0	0.0	0.0	0.0	0.0	0.0	0.0	0.0	0.0	0.0	0.0	0.0	0.0	0.0	0.0	0.0	0.0	0.0	0.0	0.0	0.0	0.0	0.0	0.0	0.0	0.0	0.0	0.0	0.0	0.0	0.0	0.0	0.0	0.0
338_TASK03_CON20_12.0_pos	pos	12.0	0.0	0.0	0.0	0.0	0.0	0.0	0.0	0.0	0.0	0.0	0.0	0.0	0.0	0.0	0.0	0.0	0.0	0.0	0.0	0.0	0.0	0.0	0.0	0.0	0.0	0.0	0.0	0.0	0.0	0.0	0.0	0.0	0.0	0.0	0.0	0.0	0.0	0.0	0.0	0.0	0.0	0.0	0.0	0.0	0.0	0.0	0.0
338_TASK03_CON20_13.0_posneg	posneg	13.0	0.0	0.0	0.0	0.0	0.0	0.0	0.0	0.0	0.0	0.0	0.0	0.0	0.0	0.0	0.0	0.0	0.0	0.0	0.0	0.0	0.0	0.0	0.0	0.0	0.0	0.0	0.0	0.0	0.0	0.0	0.0	0.0	0.0	0.0	0.0	0.0	0.0	0.0	0.0	0.0	0.0	0.0	0.0	0.0	0.0	0.0	0.0
338_TASK03_CON20_13.0_pos	pos	13.0	0.0	0.0	0.0	0.0	0.0	0.0	0.0	0.0	0.0	0.0	0.0	0.0	0.0	0.0	0.0	0.0	0.0	0.0	0.0	0.0	0.0	0.0	0.0	0.0	0.0	0.0	0.0	0.0	0.0	0.0	0.0	0.0	0.0	0.0	0.0	0.0	0.0	0.0	0.0	0.0	0.0	0.0	0.0	0.0	0.0	0.0	0.0
338_TASK03_CON22_0.0_posneg	posneg	0.0	228191.0	228191.0	228191.0	228191.0	228191.0	228191.0	228191.0	228191.0	228191.0	228191.0	228191.0	228191.0	228191.0	228191.0	228191.0	228191.0	228191.0	228191.0	228191.0	228191.0	228191.0	228191.0	228191.0	228191.0	228191.0	228191.0	228191.0	228191.0	228191.0	228191.0	228191.0	228191.0	228191.0	228191.0	228191.0	228191.0	228191.0	228191.0	228191.0	228191.0	228191.0	228191.0	228191.0	228191.0	228191.0	228191.0	228191.0
338_TASK03_CON22_0.0_pos	pos	0.0	85353.0	85353.0	85353.0	85353.0	85353.0	85353.0	85353.0	85353.0	85353.0	85353.0	85353.0	85353.0	85353.0	85353.0	85353.0	85353.0	85353.0	85353.0	85353.0	85353.0	85353.0	85353.0	85353.0	85353.0	85353.0	85353.0	85353.0	85353.0	85353.0	85353.0	85353.0	85353.0	85353.0	85353.0	85353.0	85353.0	85353.0	85353.0	85353.0	85353.0	85353.0	85353.0	85353.0	85353.0	85353.0	85353.0	85353.0
338_TASK03_CON22_1.0_posneg	posneg	1.0	177794.0	177794.0	177794.0	177794.0	177794.0	177794.0	177794.0	177794.0	177794.0	177794.0	177794.0	177794.0	177794.0	177794.0	177794.0	177794.0	177794.0	177794.0	177794.0	177794.0	177794.0	177794.0	177794.0	177794.0	177794.0	177794.0	177794.0	177794.0	177794.0	177794.0	177794.0	177794.0	177794.0	177794.0	177794.0	177794.0	177794.0	177794.0	177794.0	177794.0	177794.0	177794.0	177794.0	177794.0	177794.0	177794.0	177794.0
338_TASK03_CON22_1.0_pos	pos	1.0	62208.0	62208.0	62208.0	62208.0	62208.0	62208.0	62208.0	62208.0	62208.0	62208.0	62208.0	62208.0	62208.0	62208.0	62208.0	62208.0	62208.0	62208.0	62208.0	62208.0	62208.0	62208.0	62208.0	62208.0	62208.0	62208.0	62208.0	62208.0	62208.0	62208.0	62208.0	62208.0	62208.0	62208.0	62208.0	62208.0	62208.0	62208.0	62208.0	62208.0	62208.0	62208.0	62208.0	62208.0	62208.0	62208.0	62208.0
338_TASK03_CON22_2.0_posneg	posneg	2.0	128843.0	128843.0	128843.0	128843.0	128843.0	128843.0	128843.0	128843.0	128843.0	128843.0	128843.0	128843.0	128843.0	128843.0	128843.0	128843.0	128843.0	128843.0	128843.0	128843.0	128843.0	128843.0	128843.0	128843.0	128843.0	128843.0	128843.0	128843.0	128843.0	128843.0	128843.0	128843.0	128843.0	128843.0	128843.0	128843.0	128843.0	128843.0	128843.0	128843.0	128843.0	128843.0	128843.0	128843.0	128843.0	128843.0	128843.0
338_TASK03_CON22_2.0_pos	pos	2.0	43507.0	43507.0	43507.0	43507.0	43507.0	43507.0	43507.0	43507.0	43507.0	43507.0	43507.0	43507.0	43507.0	43507.0	43507.0	43507.0	43507.0	43507.0	43507.0	43507.0	43507.0	43507.0	43507.0	43507.0	43507.0	43507.0	43507.0	43507.0	43507.0	43507.0	43507.0	43507.0	43507.0	43507.0	43507.0	43507.0	43507.0	43507.0	43507.0	43507.0	43507.0	43507.0	43507.0	43507.0	43507.0	43507.0	43507.0
338_TASK03_CON22_3.0_posneg	posneg	3.0	85977.0	85977.0	85977.0	85977.0	85977.0	85977.0	85977.0	85977.0	85977.0	85977.0	85977.0	85977.0	85977.0	85977.0	85977.0	85977.0	85977.0	85977.0	85977.0	85977.0	85977.0	85977.0	85977.0	85977.0	85977.0	85977.0	85977.0	85977.0	85977.0	85977.0	85977.0	85977.0	85977.0	85977.0	85977.0	85977.0	85977.0	85977.0	85977.0	85977.0	85977.0	85977.0	85977.0	85977.0	85977.0	85977.0	85977.0
338_TASK03_CON22_3.0_pos	pos	3.0	28409.0	28409.0	28409.0	28409.0	28409.0	28409.0	28409.0	28409.0	28409.0	28409.0	28409.0	28409.0	28409.0	28409.0	28409.0	28409.0	28409.0	28409.0	28409.0	28409.0	28409.0	28409.0	28409.0	28409.0	28409.0	28409.0	28409.0	28409.0	28409.0	28409.0	28409.0	28409.0	28409.0	28409.0	28409.0	28409.0	28409.0	28409.0	28409.0	28409.0	28409.0	28409.0	28409.0	28409.0	28409.0	28409.0	28409.0
338_TASK03_CON22_4.0_posneg	posneg	4.0	51781.0	51781.0	51781.0	51781.0	51781.0	51781.0	51781.0	51781.0	51781.0	51781.0	51781.0	51781.0	51781.0	51781.0	51781.0	51781.0	51781.0	51781.0	51781.0	51781.0	51781.0	51781.0	51781.0	51781.0	51781.0	51781.0	51781.0	51781.0	51781.0	51781.0	51781.0	51781.0	51781.0	51781.0	51781.0	51781.0	51781.0	51781.0	51781.0	51781.0	51781.0	51781.0	51781.0	51781.0	51781.0	51781.0	51781.0
338_TASK03_CON22_4.0_pos	pos	4.0	16845.0	16845.0	16845.0	16845.0	16845.0	16845.0	16845.0	16845.0	16845.0	16845.0	16845.0	16845.0	16845.0	16845.0	16845.0	16845.0	16845.0	16845.0	16845.0	16845.0	16845.0	16845.0	16845.0	16845.0	16845.0	16845.0	16845.0	16845.0	16845.0	16845.0	16845.0	16845.0	16845.0	16845.0	16845.0	16845.0	16845.0	16845.0	16845.0	16845.0	16845.0	16845.0	16845.0	16845.0	16845.0	16845.0	16845.0
338_TASK03_CON22_5.0_posneg	posneg	5.0	26776.0	26776.0	26776.0	26776.0	26776.0	26776.0	26776.0	26776.0	26776.0	26776.0	26776.0	26776.0	26776.0	26776.0	26776.0	26776.0	26776.0	26776.0	26776.0	26776.0	26776.0	26776.0	26776.0	26776.0	26776.0	26776.0	26776.0	26776.0	26776.0	26776.0	26776.0	26776.0	26776.0	26776.0	26776.0	26776.0	26776.0	26776.0	26776.0	26776.0	26776.0	26776.0	26776.0	26776.0	26776.0	26776.0	26776.0
338_TASK03_CON22_5.0_pos	pos	5.0	8936.0	8936.0	8936.0	8936.0	8936.0	8936.0	8936.0	8936.0	8936.0	8936.0	8936.0	8936.0	8936.0	8936.0	8936.0	8936.0	8936.0	8936.0	8936.0	8936.0	8936.0	8936.0	8936.0	8936.0	8936.0	8936.0	8936.0	8936.0	8936.0	8936.0	8936.0	8936.0	8936.0	8936.0	8936.0	8936.0	8936.0	8936.0	8936.0	8936.0	8936.0	8936.0	8936.0	8936.0	8936.0	8936.0	8936.0
338_TASK03_CON22_6.0_posneg	posneg	6.0	10168.0	10168.0	10168.0	10168.0	10168.0	10168.0	10168.0	10168.0	10168.0	10168.0	10168.0	10168.0	10168.0	10168.0	10168.0	10168.0	10168.0	10168.0	10168.0	10168.0	10168.0	10168.0	10168.0	10168.0	10168.0	10168.0	10168.0	10168.0	10168.0	10168.0	10168.0	10168.0	10168.0	10168.0	10168.0	10168.0	10168.0	10168.0	10168.0	10168.0	10168.0	10168.0	10168.0	10168.0	10168.0	10168.0	10168.0
338_TASK03_CON22_6.0_pos	pos	6.0	3280.0	3280.0	3280.0	3280.0	3280.0	3280.0	3280.0	3280.0	3280.0	3280.0	3280.0	3280.0	3280.0	3280.0	3280.0	3280.0	3280.0	3280.0	3280.0	3280.0	3280.0	3280.0	3280.0	3280.0	3280.0	3280.0	3280.0	3280.0	3280.0	3280.0	3280.0	3280.0	3280.0	3280.0	3280.0	3280.0	3280.0	3280.0	3280.0	3280.0	3280.0	3280.0	3280.0	3280.0	3280.0	3280.0	3280.0
338_TASK03_CON22_7.0_posneg	posneg	7.0	2501.0	2501.0	2501.0	2501.0	2501.0	2501.0	2501.0	2501.0	2501.0	2501.0	2501.0	2501.0	2501.0	2501.0	2501.0	2501.0	2501.0	2501.0	2501.0	2501.0	2501.0	2501.0	2501.0	2501.0	2501.0	2501.0	2501.0	2501.0	2501.0	2501.0	2501.0	2501.0	2501.0	2501.0	2501.0	2501.0	2501.0	2501.0	2501.0	2501.0	2501.0	2501.0	2501.0	2501.0	2501.0	2501.0	2501.0
338_TASK03_CON22_7.0_pos	pos	7.0	664.0	664.0	664.0	664.0	664.0	664.0	664.0	664.0	664.0	664.0	664.0	664.0	664.0	664.0	664.0	664.0	664.0	664.0	664.0	664.0	664.0	664.0	664.0	664.0	664.0	664.0	664.0	664.0	664.0	664.0	664.0	664.0	664.0	664.0	664.0	664.0	664.0	664.0	664.0	664.0	664.0	664.0	664.0	664.0	664.0	664.0	664.0
338_TASK03_CON22_8.0_posneg	posneg	8.0	291.0	291.0	291.0	291.0	291.0	291.0	291.0	291.0	291.0	291.0	291.0	291.0	291.0	291.0	291.0	291.0	291.0	291.0	291.0	291.0	291.0	291.0	291.0	291.0	291.0	291.0	291.0	291.0	291.0	291.0	291.0	291.0	291.0	291.0	291.0	291.0	291.0	291.0	291.0	291.0	291.0	291.0	291.0	291.0	291.0	291.0	291.0
338_TASK03_CON22_8.0_pos	pos	8.0	52.0	52.0	52.0	52.0	52.0	52.0	52.0	52.0	52.0	52.0	52.0	52.0	52.0	52.0	52.0	52.0	52.0	52.0	52.0	52.0	52.0	52.0	52.0	52.0	52.0	52.0	52.0	52.0	52.0	52.0	52.0	52.0	52.0	52.0	52.0	52.0	52.0	52.0	52.0	52.0	52.0	52.0	52.0	52.0	52.0	52.0	52.0
338_TASK03_CON22_9.0_posneg	posneg	9.0	6.0	6.0	6.0	6.0	6.0	6.0	6.0	6.0	6.0	6.0	6.0	6.0	6.0	6.0	6.0	6.0	6.0	6.0	6.0	6.0	6.0	6.0	6.0	6.0	6.0	6.0	6.0	6.0	6.0	6.0	6.0	6.0	6.0	6.0	6.0	6.0	6.0	6.0	6.0	6.0	6.0	6.0	6.0	6.0	6.0	6.0	6.0
338_TASK03_CON22_9.0_pos	pos	9.0	0.0	0.0	0.0	0.0	0.0	0.0	0.0	0.0	0.0	0.0	0.0	0.0	0.0	0.0	0.0	0.0	0.0	0.0	0.0	0.0	0.0	0.0	0.0	0.0	0.0	0.0	0.0	0.0	0.0	0.0	0.0	0.0	0.0	0.0	0.0	0.0	0.0	0.0	0.0	0.0	0.0	0.0	0.0	0.0	0.0	0.0	0.0
338_TASK03_CON22_10.0_posneg	posneg	10.0	0.0	0.0	0.0	0.0	0.0	0.0	0.0	0.0	0.0	0.0	0.0	0.0	0.0	0.0	0.0	0.0	0.0	0.0	0.0	0.0	0.0	0.0	0.0	0.0	0.0	0.0	0.0	0.0	0.0	0.0	0.0	0.0	0.0	0.0	0.0	0.0	0.0	0.0	0.0	0.0	0.0	0.0	0.0	0.0	0.0	0.0	0.0
338_TASK03_CON22_10.0_pos	pos	10.0	0.0	0.0	0.0	0.0	0.0	0.0	0.0	0.0	0.0	0.0	0.0	0.0	0.0	0.0	0.0	0.0	0.0	0.0	0.0	0.0	0.0	0.0	0.0	0.0	0.0	0.0	0.0	0.0	0.0	0.0	0.0	0.0	0.0	0.0	0.0	0.0	0.0	0.0	0.0	0.0	0.0	0.0	0.0	0.0	0.0	0.0	0.0
338_TASK03_CON22_11.0_posneg	posneg	11.0	0.0	0.0	0.0	0.0	0.0	0.0	0.0	0.0	0.0	0.0	0.0	0.0	0.0	0.0	0.0	0.0	0.0	0.0	0.0	0.0	0.0	0.0	0.0	0.0	0.0	0.0	0.0	0.0	0.0	0.0	0.0	0.0	0.0	0.0	0.0	0.0	0.0	0.0	0.0	0.0	0.0	0.0	0.0	0.0	0.0	0.0	0.0
338_TASK03_CON22_11.0_pos	pos	11.0	0.0	0.0	0.0	0.0	0.0	0.0	0.0	0.0	0.0	0.0	0.0	0.0	0.0	0.0	0.0	0.0	0.0	0.0	0.0	0.0	0.0	0.0	0.0	0.0	0.0	0.0	0.0	0.0	0.0	0.0	0.0	0.0	0.0	0.0	0.0	0.0	0.0	0.0	0.0	0.0	0.0	0.0	0.0	0.0	0.0	0.0	0.0
338_TASK03_CON22_12.0_posneg	posneg	12.0	0.0	0.0	0.0	0.0	0.0	0.0	0.0	0.0	0.0	0.0	0.0	0.0	0.0	0.0	0.0	0.0	0.0	0.0	0.0	0.0	0.0	0.0	0.0	0.0	0.0	0.0	0.0	0.0	0.0	0.0	0.0	0.0	0.0	0.0	0.0	0.0	0.0	0.0	0.0	0.0	0.0	0.0	0.0	0.0	0.0	0.0	0.0
338_TASK03_CON22_12.0_pos	pos	12.0	0.0	0.0	0.0	0.0	0.0	0.0	0.0	0.0	0.0	0.0	0.0	0.0	0.0	0.0	0.0	0.0	0.0	0.0	0.0	0.0	0.0	0.0	0.0	0.0	0.0	0.0	0.0	0.0	0.0	0.0	0.0	0.0	0.0	0.0	0.0	0.0	0.0	0.0	0.0	0.0	0.0	0.0	0.0	0.0	0.0	0.0	0.0
338_TASK03_CON22_13.0_posneg	posneg	13.0	0.0	0.0	0.0	0.0	0.0	0.0	0.0	0.0	0.0	0.0	0.0	0.0	0.0	0.0	0.0	0.0	0.0	0.0	0.0	0.0	0.0	0.0	0.0	0.0	0.0	0.0	0.0	0.0	0.0	0.0	0.0	0.0	0.0	0.0	0.0	0.0	0.0	0.0	0.0	0.0	0.0	0.0	0.0	0.0	0.0	0.0	0.0
338_TASK03_CON22_13.0_pos	pos	13.0	0.0	0.0	0.0	0.0	0.0	0.0	0.0	0.0	0.0	0.0	0.0	0.0	0.0	0.0	0.0	0.0	0.0	0.0	0.0	0.0	0.0	0.0	0.0	0.0	0.0	0.0	0.0	0.0	0.0	0.0	0.0	0.0	0.0	0.0	0.0	0.0	0.0	0.0	0.0	0.0	0.0	0.0	0.0	0.0	0.0	0.0	0.0
338_TASK04_CON61_0.0_posneg	posneg	0.0	228191.0	228191.0	228191.0	228191.0	228191.0	228191.0	228191.0	228191.0	228191.0	228191.0	228191.0	228191.0	228191.0	228191.0	228191.0	228191.0	228191.0	228191.0	228191.0	228191.0	228191.0	228191.0	228191.0	228191.0	228191.0	228191.0	228191.0	228191.0	228191.0	228191.0	228191.0	228191.0	228191.0	228191.0	228191.0	228191.0	228191.0	228191.0	228191.0	228191.0	228191.0	228191.0	228191.0	228191.0	228191.0	228191.0	228191.0
338_TASK04_CON61_0.0_pos	pos	0.0	188210.0	188210.0	188210.0	188210.0	188210.0	188210.0	188210.0	188210.0	188210.0	188210.0	188210.0	188210.0	188210.0	188210.0	188210.0	188210.0	188210.0	188210.0	188210.0	188210.0	188210.0	188210.0	188210.0	188210.0	188210.0	188210.0	188210.0	188210.0	188210.0	188210.0	188210.0	188210.0	188210.0	188210.0	188210.0	188210.0	188210.0	188210.0	188210.0	188210.0	188210.0	188210.0	188210.0	188210.0	188210.0	188210.0	188210.0
338_TASK04_CON61_1.0_posneg	posneg	1.0	187897.0	187897.0	187897.0	187897.0	187897.0	187897.0	187897.0	187897.0	187897.0	187897.0	187897.0	187897.0	187897.0	187897.0	187897.0	187897.0	187897.0	187897.0	187897.0	187897.0	187897.0	187897.0	187897.0	187897.0	187897.0	187897.0	187897.0	187897.0	187897.0	187897.0	187897.0	187897.0	187897.0	187897.0	187897.0	187897.0	187897.0	187897.0	187897.0	187897.0	187897.0	187897.0	187897.0	187897.0	187897.0	187897.0	187897.0
338_TASK04_CON61_1.0_pos	pos	1.0	164903.0	164903.0	164903.0	164903.0	164903.0	164903.0	164903.0	164903.0	164903.0	164903.0	164903.0	164903.0	164903.0	164903.0	164903.0	164903.0	164903.0	164903.0	164903.0	164903.0	164903.0	164903.0	164903.0	164903.0	164903.0	164903.0	164903.0	164903.0	164903.0	164903.0	164903.0	164903.0	164903.0	164903.0	164903.0	164903.0	164903.0	164903.0	164903.0	164903.0	164903.0	164903.0	164903.0	164903.0	164903.0	164903.0	164903.0
338_TASK04_CON61_2.0_posneg	posneg	2.0	148999.0	148999.0	148999.0	148999.0	148999.0	148999.0	148999.0	148999.0	148999.0	148999.0	148999.0	148999.0	148999.0	148999.0	148999.0	148999.0	148999.0	148999.0	148999.0	148999.0	148999.0	148999.0	148999.0	148999.0	148999.0	148999.0	148999.0	148999.0	148999.0	148999.0	148999.0	148999.0	148999.0	148999.0	148999.0	148999.0	148999.0	148999.0	148999.0	148999.0	148999.0	148999.0	148999.0	148999.0	148999.0	148999.0	148999.0
338_TASK04_CON61_2.0_pos	pos	2.0	137318.0	137318.0	137318.0	137318.0	137318.0	137318.0	137318.0	137318.0	137318.0	137318.0	137318.0	137318.0	137318.0	137318.0	137318.0	137318.0	137318.0	137318.0	137318.0	137318.0	137318.0	137318.0	137318.0	137318.0	137318.0	137318.0	137318.0	137318.0	137318.0	137318.0	137318.0	137318.0	137318.0	137318.0	137318.0	137318.0	137318.0	137318.0	137318.0	137318.0	137318.0	137318.0	137318.0	137318.0	137318.0	137318.0	137318.0
338_TASK04_CON61_3.0_posneg	posneg	3.0	114571.0	114571.0	114571.0	114571.0	114571.0	114571.0	114571.0	114571.0	114571.0	114571.0	114571.0	114571.0	114571.0	114571.0	114571.0	114571.0	114571.0	114571.0	114571.0	114571.0	114571.0	114571.0	114571.0	114571.0	114571.0	114571.0	114571.0	114571.0	114571.0	114571.0	114571.0	114571.0	114571.0	114571.0	114571.0	114571.0	114571.0	114571.0	114571.0	114571.0	114571.0	114571.0	114571.0	114571.0	114571.0	114571.0	114571.0
338_TASK04_CON61_3.0_pos	pos	3.0	109631.0	109631.0	109631.0	109631.0	109631.0	109631.0	109631.0	109631.0	109631.0	109631.0	109631.0	109631.0	109631.0	109631.0	109631.0	109631.0	109631.0	109631.0	109631.0	109631.0	109631.0	109631.0	109631.0	109631.0	109631.0	109631.0	109631.0	109631.0	109631.0	109631.0	109631.0	109631.0	109631.0	109631.0	109631.0	109631.0	109631.0	109631.0	109631.0	109631.0	109631.0	109631.0	109631.0	109631.0	109631.0	109631.0	109631.0
338_TASK04_CON61_4.0_posneg	posneg	4.0	82438.0	82438.0	82438.0	82438.0	82438.0	82438.0	82438.0	82438.0	82438.0	82438.0	82438.0	82438.0	82438.0	82438.0	82438.0	82438.0	82438.0	82438.0	82438.0	82438.0	82438.0	82438.0	82438.0	82438.0	82438.0	82438.0	82438.0	82438.0	82438.0	82438.0	82438.0	82438.0	82438.0	82438.0	82438.0	82438.0	82438.0	82438.0	82438.0	82438.0	82438.0	82438.0	82438.0	82438.0	82438.0	82438.0	82438.0
338_TASK04_CON61_4.0_pos	pos	4.0	80818.0	80818.0	80818.0	80818.0	80818.0	80818.0	80818.0	80818.0	80818.0	80818.0	80818.0	80818.0	80818.0	80818.0	80818.0	80818.0	80818.0	80818.0	80818.0	80818.0	80818.0	80818.0	80818.0	80818.0	80818.0	80818.0	80818.0	80818.0	80818.0	80818.0	80818.0	80818.0	80818.0	80818.0	80818.0	80818.0	80818.0	80818.0	80818.0	80818.0	80818.0	80818.0	80818.0	80818.0	80818.0	80818.0	80818.0
338_TASK04_CON61_5.0_posneg	posneg	5.0	49908.0	49908.0	49908.0	49908.0	49908.0	49908.0	49908.0	49908.0	49908.0	49908.0	49908.0	49908.0	49908.0	49908.0	49908.0	49908.0	49908.0	49908.0	49908.0	49908.0	49908.0	49908.0	49908.0	49908.0	49908.0	49908.0	49908.0	49908.0	49908.0	49908.0	49908.0	49908.0	49908.0	49908.0	49908.0	49908.0	49908.0	49908.0	49908.0	49908.0	49908.0	49908.0	49908.0	49908.0	49908.0	49908.0	49908.0
338_TASK04_CON61_5.0_pos	pos	5.0	49594.0	49594.0	49594.0	49594.0	49594.0	49594.0	49594.0	49594.0	49594.0	49594.0	49594.0	49594.0	49594.0	49594.0	49594.0	49594.0	49594.0	49594.0	49594.0	49594.0	49594.0	49594.0	49594.0	49594.0	49594.0	49594.0	49594.0	49594.0	49594.0	49594.0	49594.0	49594.0	49594.0	49594.0	49594.0	49594.0	49594.0	49594.0	49594.0	49594.0	49594.0	49594.0	49594.0	49594.0	49594.0	49594.0	49594.0
338_TASK04_CON61_6.0_posneg	posneg	6.0	20727.0	20727.0	20727.0	20727.0	20727.0	20727.0	20727.0	20727.0	20727.0	20727.0	20727.0	20727.0	20727.0	20727.0	20727.0	20727.0	20727.0	20727.0	20727.0	20727.0	20727.0	20727.0	20727.0	20727.0	20727.0	20727.0	20727.0	20727.0	20727.0	20727.0	20727.0	20727.0	20727.0	20727.0	20727.0	20727.0	20727.0	20727.0	20727.0	20727.0	20727.0	20727.0	20727.0	20727.0	20727.0	20727.0	20727.0
338_TASK04_CON61_6.0_pos	pos	6.0	20696.0	20696.0	20696.0	20696.0	20696.0	20696.0	20696.0	20696.0	20696.0	20696.0	20696.0	20696.0	20696.0	20696.0	20696.0	20696.0	20696.0	20696.0	20696.0	20696.0	20696.0	20696.0	20696.0	20696.0	20696.0	20696.0	20696.0	20696.0	20696.0	20696.0	20696.0	20696.0	20696.0	20696.0	20696.0	20696.0	20696.0	20696.0	20696.0	20696.0	20696.0	20696.0	20696.0	20696.0	20696.0	20696.0	20696.0
338_TASK04_CON61_7.0_posneg	posneg	7.0	4676.0	4676.0	4676.0	4676.0	4676.0	4676.0	4676.0	4676.0	4676.0	4676.0	4676.0	4676.0	4676.0	4676.0	4676.0	4676.0	4676.0	4676.0	4676.0	4676.0	4676.0	4676.0	4676.0	4676.0	4676.0	4676.0	4676.0	4676.0	4676.0	4676.0	4676.0	4676.0	4676.0	4676.0	4676.0	4676.0	4676.0	4676.0	4676.0	4676.0	4676.0	4676.0	4676.0	4676.0	4676.0	4676.0	4676.0
338_TASK04_CON61_7.0_pos	pos	7.0	4676.0	4676.0	4676.0	4676.0	4676.0	4676.0	4676.0	4676.0	4676.0	4676.0	4676.0	4676.0	4676.0	4676.0	4676.0	4676.0	4676.0	4676.0	4676.0	4676.0	4676.0	4676.0	4676.0	4676.0	4676.0	4676.0	4676.0	4676.0	4676.0	4676.0	4676.0	4676.0	4676.0	4676.0	4676.0	4676.0	4676.0	4676.0	4676.0	4676.0	4676.0	4676.0	4676.0	4676.0	4676.0	4676.0	4676.0
338_TASK04_CON61_8.0_posneg	posneg	8.0	390.0	390.0	390.0	390.0	390.0	390.0	390.0	390.0	390.0	390.0	390.0	390.0	390.0	390.0	390.0	390.0	390.0	390.0	390.0	390.0	390.0	390.0	390.0	390.0	390.0	390.0	390.0	390.0	390.0	390.0	390.0	390.0	390.0	390.0	390.0	390.0	390.0	390.0	390.0	390.0	390.0	390.0	390.0	390.0	390.0	390.0	390.0
338_TASK04_CON61_8.0_pos	pos	8.0	390.0	390.0	390.0	390.0	390.0	390.0	390.0	390.0	390.0	390.0	390.0	390.0	390.0	390.0	390.0	390.0	390.0	390.0	390.0	390.0	390.0	390.0	390.0	390.0	390.0	390.0	390.0	390.0	390.0	390.0	390.0	390.0	390.0	390.0	390.0	390.0	390.0	390.0	390.0	390.0	390.0	390.0	390.0	390.0	390.0	390.0	390.0
338_TASK04_CON61_9.0_posneg	posneg	9.0	5.0	5.0	5.0	5.0	5.0	5.0	5.0	5.0	5.0	5.0	5.0	5.0	5.0	5.0	5.0	5.0	5.0	5.0	5.0	5.0	5.0	5.0	5.0	5.0	5.0	5.0	5.0	5.0	5.0	5.0	5.0	5.0	5.0	5.0	5.0	5.0	5.0	5.0	5.0	5.0	5.0	5.0	5.0	5.0	5.0	5.0	5.0
338_TASK04_CON61_9.0_pos	pos	9.0	5.0	5.0	5.0	5.0	5.0	5.0	5.0	5.0	5.0	5.0	5.0	5.0	5.0	5.0	5.0	5.0	5.0	5.0	5.0	5.0	5.0	5.0	5.0	5.0	5.0	5.0	5.0	5.0	5.0	5.0	5.0	5.0	5.0	5.0	5.0	5.0	5.0	5.0	5.0	5.0	5.0	5.0	5.0	5.0	5.0	5.0	5.0
338_TASK04_CON61_10.0_posneg	posneg	10.0	0.0	0.0	0.0	0.0	0.0	0.0	0.0	0.0	0.0	0.0	0.0	0.0	0.0	0.0	0.0	0.0	0.0	0.0	0.0	0.0	0.0	0.0	0.0	0.0	0.0	0.0	0.0	0.0	0.0	0.0	0.0	0.0	0.0	0.0	0.0	0.0	0.0	0.0	0.0	0.0	0.0	0.0	0.0	0.0	0.0	0.0	0.0
338_TASK04_CON61_10.0_pos	pos	10.0	0.0	0.0	0.0	0.0	0.0	0.0	0.0	0.0	0.0	0.0	0.0	0.0	0.0	0.0	0.0	0.0	0.0	0.0	0.0	0.0	0.0	0.0	0.0	0.0	0.0	0.0	0.0	0.0	0.0	0.0	0.0	0.0	0.0	0.0	0.0	0.0	0.0	0.0	0.0	0.0	0.0	0.0	0.0	0.0	0.0	0.0	0.0
338_TASK04_CON61_11.0_posneg	posneg	11.0	0.0	0.0	0.0	0.0	0.0	0.0	0.0	0.0	0.0	0.0	0.0	0.0	0.0	0.0	0.0	0.0	0.0	0.0	0.0	0.0	0.0	0.0	0.0	0.0	0.0	0.0	0.0	0.0	0.0	0.0	0.0	0.0	0.0	0.0	0.0	0.0	0.0	0.0	0.0	0.0	0.0	0.0	0.0	0.0	0.0	0.0	0.0
338_TASK04_CON61_11.0_pos	pos	11.0	0.0	0.0	0.0	0.0	0.0	0.0	0.0	0.0	0.0	0.0	0.0	0.0	0.0	0.0	0.0	0.0	0.0	0.0	0.0	0.0	0.0	0.0	0.0	0.0	0.0	0.0	0.0	0.0	0.0	0.0	0.0	0.0	0.0	0.0	0.0	0.0	0.0	0.0	0.0	0.0	0.0	0.0	0.0	0.0	0.0	0.0	0.0
338_TASK04_CON61_12.0_posneg	posneg	12.0	0.0	0.0	0.0	0.0	0.0	0.0	0.0	0.0	0.0	0.0	0.0	0.0	0.0	0.0	0.0	0.0	0.0	0.0	0.0	0.0	0.0	0.0	0.0	0.0	0.0	0.0	0.0	0.0	0.0	0.0	0.0	0.0	0.0	0.0	0.0	0.0	0.0	0.0	0.0	0.0	0.0	0.0	0.0	0.0	0.0	0.0	0.0
338_TASK04_CON61_12.0_pos	pos	12.0	0.0	0.0	0.0	0.0	0.0	0.0	0.0	0.0	0.0	0.0	0.0	0.0	0.0	0.0	0.0	0.0	0.0	0.0	0.0	0.0	0.0	0.0	0.0	0.0	0.0	0.0	0.0	0.0	0.0	0.0	0.0	0.0	0.0	0.0	0.0	0.0	0.0	0.0	0.0	0.0	0.0	0.0	0.0	0.0	0.0	0.0	0.0
338_TASK04_CON61_13.0_posneg	posneg	13.0	0.0	0.0	0.0	0.0	0.0	0.0	0.0	0.0	0.0	0.0	0.0	0.0	0.0	0.0	0.0	0.0	0.0	0.0	0.0	0.0	0.0	0.0	0.0	0.0	0.0	0.0	0.0	0.0	0.0	0.0	0.0	0.0	0.0	0.0	0.0	0.0	0.0	0.0	0.0	0.0	0.0	0.0	0.0	0.0	0.0	0.0	0.0
338_TASK04_CON61_13.0_pos	pos	13.0	0.0	0.0	0.0	0.0	0.0	0.0	0.0	0.0	0.0	0.0	0.0	0.0	0.0	0.0	0.0	0.0	0.0	0.0	0.0	0.0	0.0	0.0	0.0	0.0	0.0	0.0	0.0	0.0	0.0	0.0	0.0	0.0	0.0	0.0	0.0	0.0	0.0	0.0	0.0	0.0	0.0	0.0	0.0	0.0	0.0	0.0	0.0
338_TASK04_CON62_0.0_posneg	posneg	0.0	228191.0	228191.0	228191.0	228191.0	228191.0	228191.0	228191.0	228191.0	228191.0	228191.0	228191.0	228191.0	228191.0	228191.0	228191.0	228191.0	228191.0	228191.0	228191.0	228191.0	228191.0	228191.0	228191.0	228191.0	228191.0	228191.0	228191.0	228191.0	228191.0	228191.0	228191.0	228191.0	228191.0	228191.0	228191.0	228191.0	228191.0	228191.0	228191.0	228191.0	228191.0	228191.0	228191.0	228191.0	228191.0	228191.0	228191.0
338_TASK04_CON62_0.0_pos	pos	0.0	164005.0	164005.0	164005.0	164005.0	164005.0	164005.0	164005.0	164005.0	164005.0	164005.0	164005.0	164005.0	164005.0	164005.0	164005.0	164005.0	164005.0	164005.0	164005.0	164005.0	164005.0	164005.0	164005.0	164005.0	164005.0	164005.0	164005.0	164005.0	164005.0	164005.0	164005.0	164005.0	164005.0	164005.0	164005.0	164005.0	164005.0	164005.0	164005.0	164005.0	164005.0	164005.0	164005.0	164005.0	164005.0	164005.0	164005.0
338_TASK04_CON62_1.0_posneg	posneg	1.0	136630.0	136630.0	136630.0	136630.0	136630.0	136630.0	136630.0	136630.0	136630.0	136630.0	136630.0	136630.0	136630.0	136630.0	136630.0	136630.0	136630.0	136630.0	136630.0	136630.0	136630.0	136630.0	136630.0	136630.0	136630.0	136630.0	136630.0	136630.0	136630.0	136630.0	136630.0	136630.0	136630.0	136630.0	136630.0	136630.0	136630.0	136630.0	136630.0	136630.0	136630.0	136630.0	136630.0	136630.0	136630.0	136630.0	136630.0
338_TASK04_CON62_1.0_pos	pos	1.0	110138.0	110138.0	110138.0	110138.0	110138.0	110138.0	110138.0	110138.0	110138.0	110138.0	110138.0	110138.0	110138.0	110138.0	110138.0	110138.0	110138.0	110138.0	110138.0	110138.0	110138.0	110138.0	110138.0	110138.0	110138.0	110138.0	110138.0	110138.0	110138.0	110138.0	110138.0	110138.0	110138.0	110138.0	110138.0	110138.0	110138.0	110138.0	110138.0	110138.0	110138.0	110138.0	110138.0	110138.0	110138.0	110138.0	110138.0
338_TASK04_CON62_2.0_posneg	posneg	2.0	70258.0	70258.0	70258.0	70258.0	70258.0	70258.0	70258.0	70258.0	70258.0	70258.0	70258.0	70258.0	70258.0	70258.0	70258.0	70258.0	70258.0	70258.0	70258.0	70258.0	70258.0	70258.0	70258.0	70258.0	70258.0	70258.0	70258.0	70258.0	70258.0	70258.0	70258.0	70258.0	70258.0	70258.0	70258.0	70258.0	70258.0	70258.0	70258.0	70258.0	70258.0	70258.0	70258.0	70258.0	70258.0	70258.0	70258.0
338_TASK04_CON62_2.0_pos	pos	2.0	60757.0	60757.0	60757.0	60757.0	60757.0	60757.0	60757.0	60757.0	60757.0	60757.0	60757.0	60757.0	60757.0	60757.0	60757.0	60757.0	60757.0	60757.0	60757.0	60757.0	60757.0	60757.0	60757.0	60757.0	60757.0	60757.0	60757.0	60757.0	60757.0	60757.0	60757.0	60757.0	60757.0	60757.0	60757.0	60757.0	60757.0	60757.0	60757.0	60757.0	60757.0	60757.0	60757.0	60757.0	60757.0	60757.0	60757.0
338_TASK04_CON62_3.0_posneg	posneg	3.0	32871.0	32871.0	32871.0	32871.0	32871.0	32871.0	32871.0	32871.0	32871.0	32871.0	32871.0	32871.0	32871.0	32871.0	32871.0	32871.0	32871.0	32871.0	32871.0	32871.0	32871.0	32871.0	32871.0	32871.0	32871.0	32871.0	32871.0	32871.0	32871.0	32871.0	32871.0	32871.0	32871.0	32871.0	32871.0	32871.0	32871.0	32871.0	32871.0	32871.0	32871.0	32871.0	32871.0	32871.0	32871.0	32871.0	32871.0
338_TASK04_CON62_3.0_pos	pos	3.0	29730.0	29730.0	29730.0	29730.0	29730.0	29730.0	29730.0	29730.0	29730.0	29730.0	29730.0	29730.0	29730.0	29730.0	29730.0	29730.0	29730.0	29730.0	29730.0	29730.0	29730.0	29730.0	29730.0	29730.0	29730.0	29730.0	29730.0	29730.0	29730.0	29730.0	29730.0	29730.0	29730.0	29730.0	29730.0	29730.0	29730.0	29730.0	29730.0	29730.0	29730.0	29730.0	29730.0	29730.0	29730.0	29730.0	29730.0
338_TASK04_CON62_4.0_posneg	posneg	4.0	15321.0	15321.0	15321.0	15321.0	15321.0	15321.0	15321.0	15321.0	15321.0	15321.0	15321.0	15321.0	15321.0	15321.0	15321.0	15321.0	15321.0	15321.0	15321.0	15321.0	15321.0	15321.0	15321.0	15321.0	15321.0	15321.0	15321.0	15321.0	15321.0	15321.0	15321.0	15321.0	15321.0	15321.0	15321.0	15321.0	15321.0	15321.0	15321.0	15321.0	15321.0	15321.0	15321.0	15321.0	15321.0	15321.0	15321.0
338_TASK04_CON62_4.0_pos	pos	4.0	14134.0	14134.0	14134.0	14134.0	14134.0	14134.0	14134.0	14134.0	14134.0	14134.0	14134.0	14134.0	14134.0	14134.0	14134.0	14134.0	14134.0	14134.0	14134.0	14134.0	14134.0	14134.0	14134.0	14134.0	14134.0	14134.0	14134.0	14134.0	14134.0	14134.0	14134.0	14134.0	14134.0	14134.0	14134.0	14134.0	14134.0	14134.0	14134.0	14134.0	14134.0	14134.0	14134.0	14134.0	14134.0	14134.0	14134.0
338_TASK04_CON62_5.0_posneg	posneg	5.0	6661.0	6661.0	6661.0	6661.0	6661.0	6661.0	6661.0	6661.0	6661.0	6661.0	6661.0	6661.0	6661.0	6661.0	6661.0	6661.0	6661.0	6661.0	6661.0	6661.0	6661.0	6661.0	6661.0	6661.0	6661.0	6661.0	6661.0	6661.0	6661.0	6661.0	6661.0	6661.0	6661.0	6661.0	6661.0	6661.0	6661.0	6661.0	6661.0	6661.0	6661.0	6661.0	6661.0	6661.0	6661.0	6661.0	6661.0
338_TASK04_CON62_5.0_pos	pos	5.0	6117.0	6117.0	6117.0	6117.0	6117.0	6117.0	6117.0	6117.0	6117.0	6117.0	6117.0	6117.0	6117.0	6117.0	6117.0	6117.0	6117.0	6117.0	6117.0	6117.0	6117.0	6117.0	6117.0	6117.0	6117.0	6117.0	6117.0	6117.0	6117.0	6117.0	6117.0	6117.0	6117.0	6117.0	6117.0	6117.0	6117.0	6117.0	6117.0	6117.0	6117.0	6117.0	6117.0	6117.0	6117.0	6117.0	6117.0
338_TASK04_CON62_6.0_posneg	posneg	6.0	2352.0	2352.0	2352.0	2352.0	2352.0	2352.0	2352.0	2352.0	2352.0	2352.0	2352.0	2352.0	2352.0	2352.0	2352.0	2352.0	2352.0	2352.0	2352.0	2352.0	2352.0	2352.0	2352.0	2352.0	2352.0	2352.0	2352.0	2352.0	2352.0	2352.0	2352.0	2352.0	2352.0	2352.0	2352.0	2352.0	2352.0	2352.0	2352.0	2352.0	2352.0	2352.0	2352.0	2352.0	2352.0	2352.0	2352.0
338_TASK04_CON62_6.0_pos	pos	6.0	2180.0	2180.0	2180.0	2180.0	2180.0	2180.0	2180.0	2180.0	2180.0	2180.0	2180.0	2180.0	2180.0	2180.0	2180.0	2180.0	2180.0	2180.0	2180.0	2180.0	2180.0	2180.0	2180.0	2180.0	2180.0	2180.0	2180.0	2180.0	2180.0	2180.0	2180.0	2180.0	2180.0	2180.0	2180.0	2180.0	2180.0	2180.0	2180.0	2180.0	2180.0	2180.0	2180.0	2180.0	2180.0	2180.0	2180.0
338_TASK04_CON62_7.0_posneg	posneg	7.0	680.0	680.0	680.0	680.0	680.0	680.0	680.0	680.0	680.0	680.0	680.0	680.0	680.0	680.0	680.0	680.0	680.0	680.0	680.0	680.0	680.0	680.0	680.0	680.0	680.0	680.0	680.0	680.0	680.0	680.0	680.0	680.0	680.0	680.0	680.0	680.0	680.0	680.0	680.0	680.0	680.0	680.0	680.0	680.0	680.0	680.0	680.0
338_TASK04_CON62_7.0_pos	pos	7.0	652.0	652.0	652.0	652.0	652.0	652.0	652.0	652.0	652.0	652.0	652.0	652.0	652.0	652.0	652.0	652.0	652.0	652.0	652.0	652.0	652.0	652.0	652.0	652.0	652.0	652.0	652.0	652.0	652.0	652.0	652.0	652.0	652.0	652.0	652.0	652.0	652.0	652.0	652.0	652.0	652.0	652.0	652.0	652.0	652.0	652.0	652.0
338_TASK04_CON62_8.0_posneg	posneg	8.0	107.0	107.0	107.0	107.0	107.0	107.0	107.0	107.0	107.0	107.0	107.0	107.0	107.0	107.0	107.0	107.0	107.0	107.0	107.0	107.0	107.0	107.0	107.0	107.0	107.0	107.0	107.0	107.0	107.0	107.0	107.0	107.0	107.0	107.0	107.0	107.0	107.0	107.0	107.0	107.0	107.0	107.0	107.0	107.0	107.0	107.0	107.0
338_TASK04_CON62_8.0_pos	pos	8.0	105.0	105.0	105.0	105.0	105.0	105.0	105.0	105.0	105.0	105.0	105.0	105.0	105.0	105.0	105.0	105.0	105.0	105.0	105.0	105.0	105.0	105.0	105.0	105.0	105.0	105.0	105.0	105.0	105.0	105.0	105.0	105.0	105.0	105.0	105.0	105.0	105.0	105.0	105.0	105.0	105.0	105.0	105.0	105.0	105.0	105.0	105.0
338_TASK04_CON62_9.0_posneg	posneg	9.0	1.0	1.0	1.0	1.0	1.0	1.0	1.0	1.0	1.0	1.0	1.0	1.0	1.0	1.0	1.0	1.0	1.0	1.0	1.0	1.0	1.0	1.0	1.0	1.0	1.0	1.0	1.0	1.0	1.0	1.0	1.0	1.0	1.0	1.0	1.0	1.0	1.0	1.0	1.0	1.0	1.0	1.0	1.0	1.0	1.0	1.0	1.0
338_TASK04_CON62_9.0_pos	pos	9.0	1.0	1.0	1.0	1.0	1.0	1.0	1.0	1.0	1.0	1.0	1.0	1.0	1.0	1.0	1.0	1.0	1.0	1.0	1.0	1.0	1.0	1.0	1.0	1.0	1.0	1.0	1.0	1.0	1.0	1.0	1.0	1.0	1.0	1.0	1.0	1.0	1.0	1.0	1.0	1.0	1.0	1.0	1.0	1.0	1.0	1.0	1.0
338_TASK04_CON62_10.0_posneg	posneg	10.0	0.0	0.0	0.0	0.0	0.0	0.0	0.0	0.0	0.0	0.0	0.0	0.0	0.0	0.0	0.0	0.0	0.0	0.0	0.0	0.0	0.0	0.0	0.0	0.0	0.0	0.0	0.0	0.0	0.0	0.0	0.0	0.0	0.0	0.0	0.0	0.0	0.0	0.0	0.0	0.0	0.0	0.0	0.0	0.0	0.0	0.0	0.0
338_TASK04_CON62_10.0_pos	pos	10.0	0.0	0.0	0.0	0.0	0.0	0.0	0.0	0.0	0.0	0.0	0.0	0.0	0.0	0.0	0.0	0.0	0.0	0.0	0.0	0.0	0.0	0.0	0.0	0.0	0.0	0.0	0.0	0.0	0.0	0.0	0.0	0.0	0.0	0.0	0.0	0.0	0.0	0.0	0.0	0.0	0.0	0.0	0.0	0.0	0.0	0.0	0.0
338_TASK04_CON62_11.0_posneg	posneg	11.0	0.0	0.0	0.0	0.0	0.0	0.0	0.0	0.0	0.0	0.0	0.0	0.0	0.0	0.0	0.0	0.0	0.0	0.0	0.0	0.0	0.0	0.0	0.0	0.0	0.0	0.0	0.0	0.0	0.0	0.0	0.0	0.0	0.0	0.0	0.0	0.0	0.0	0.0	0.0	0.0	0.0	0.0	0.0	0.0	0.0	0.0	0.0
338_TASK04_CON62_11.0_pos	pos	11.0	0.0	0.0	0.0	0.0	0.0	0.0	0.0	0.0	0.0	0.0	0.0	0.0	0.0	0.0	0.0	0.0	0.0	0.0	0.0	0.0	0.0	0.0	0.0	0.0	0.0	0.0	0.0	0.0	0.0	0.0	0.0	0.0	0.0	0.0	0.0	0.0	0.0	0.0	0.0	0.0	0.0	0.0	0.0	0.0	0.0	0.0	0.0
338_TASK04_CON62_12.0_posneg	posneg	12.0	0.0	0.0	0.0	0.0	0.0	0.0	0.0	0.0	0.0	0.0	0.0	0.0	0.0	0.0	0.0	0.0	0.0	0.0	0.0	0.0	0.0	0.0	0.0	0.0	0.0	0.0	0.0	0.0	0.0	0.0	0.0	0.0	0.0	0.0	0.0	0.0	0.0	0.0	0.0	0.0	0.0	0.0	0.0	0.0	0.0	0.0	0.0
338_TASK04_CON62_12.0_pos	pos	12.0	0.0	0.0	0.0	0.0	0.0	0.0	0.0	0.0	0.0	0.0	0.0	0.0	0.0	0.0	0.0	0.0	0.0	0.0	0.0	0.0	0.0	0.0	0.0	0.0	0.0	0.0	0.0	0.0	0.0	0.0	0.0	0.0	0.0	0.0	0.0	0.0	0.0	0.0	0.0	0.0	0.0	0.0	0.0	0.0	0.0	0.0	0.0
338_TASK04_CON62_13.0_posneg	posneg	13.0	0.0	0.0	0.0	0.0	0.0	0.0	0.0	0.0	0.0	0.0	0.0	0.0	0.0	0.0	0.0	0.0	0.0	0.0	0.0	0.0	0.0	0.0	0.0	0.0	0.0	0.0	0.0	0.0	0.0	0.0	0.0	0.0	0.0	0.0	0.0	0.0	0.0	0.0	0.0	0.0	0.0	0.0	0.0	0.0	0.0	0.0	0.0
338_TASK04_CON62_13.0_pos	pos	13.0	0.0	0.0	0.0	0.0	0.0	0.0	0.0	0.0	0.0	0.0	0.0	0.0	0.0	0.0	0.0	0.0	0.0	0.0	0.0	0.0	0.0	0.0	0.0	0.0	0.0	0.0	0.0	0.0	0.0	0.0	0.0	0.0	0.0	0.0	0.0	0.0	0.0	0.0	0.0	0.0	0.0	0.0	0.0	0.0	0.0	0.0	0.0
338_TASK04_CON63_0.0_posneg	posneg	0.0	228191.0	228191.0	228191.0	228191.0	228191.0	228191.0	228191.0	228191.0	228191.0	228191.0	228191.0	228191.0	228191.0	228191.0	228191.0	228191.0	228191.0	228191.0	228191.0	228191.0	228191.0	228191.0	228191.0	228191.0	228191.0	228191.0	228191.0	228191.0	228191.0	228191.0	228191.0	228191.0	228191.0	228191.0	228191.0	228191.0	228191.0	228191.0	228191.0	228191.0	228191.0	228191.0	228191.0	228191.0	228191.0	228191.0	228191.0
338_TASK04_CON63_0.0_pos	pos	0.0	118615.0	118615.0	118615.0	118615.0	118615.0	118615.0	118615.0	118615.0	118615.0	118615.0	118615.0	118615.0	118615.0	118615.0	118615.0	118615.0	118615.0	118615.0	118615.0	118615.0	118615.0	118615.0	118615.0	118615.0	118615.0	118615.0	118615.0	118615.0	118615.0	118615.0	118615.0	118615.0	118615.0	118615.0	118615.0	118615.0	118615.0	118615.0	118615.0	118615.0	118615.0	118615.0	118615.0	118615.0	118615.0	118615.0	118615.0
338_TASK04_CON63_1.0_posneg	posneg	1.0	124480.0	124480.0	124480.0	124480.0	124480.0	124480.0	124480.0	124480.0	124480.0	124480.0	124480.0	124480.0	124480.0	124480.0	124480.0	124480.0	124480.0	124480.0	124480.0	124480.0	124480.0	124480.0	124480.0	124480.0	124480.0	124480.0	124480.0	124480.0	124480.0	124480.0	124480.0	124480.0	124480.0	124480.0	124480.0	124480.0	124480.0	124480.0	124480.0	124480.0	124480.0	124480.0	124480.0	124480.0	124480.0	124480.0	124480.0
338_TASK04_CON63_1.0_pos	pos	1.0	65166.0	65166.0	65166.0	65166.0	65166.0	65166.0	65166.0	65166.0	65166.0	65166.0	65166.0	65166.0	65166.0	65166.0	65166.0	65166.0	65166.0	65166.0	65166.0	65166.0	65166.0	65166.0	65166.0	65166.0	65166.0	65166.0	65166.0	65166.0	65166.0	65166.0	65166.0	65166.0	65166.0	65166.0	65166.0	65166.0	65166.0	65166.0	65166.0	65166.0	65166.0	65166.0	65166.0	65166.0	65166.0	65166.0	65166.0
338_TASK04_CON63_2.0_posneg	posneg	2.0	56801.0	56801.0	56801.0	56801.0	56801.0	56801.0	56801.0	56801.0	56801.0	56801.0	56801.0	56801.0	56801.0	56801.0	56801.0	56801.0	56801.0	56801.0	56801.0	56801.0	56801.0	56801.0	56801.0	56801.0	56801.0	56801.0	56801.0	56801.0	56801.0	56801.0	56801.0	56801.0	56801.0	56801.0	56801.0	56801.0	56801.0	56801.0	56801.0	56801.0	56801.0	56801.0	56801.0	56801.0	56801.0	56801.0	56801.0
338_TASK04_CON63_2.0_pos	pos	2.0	29649.0	29649.0	29649.0	29649.0	29649.0	29649.0	29649.0	29649.0	29649.0	29649.0	29649.0	29649.0	29649.0	29649.0	29649.0	29649.0	29649.0	29649.0	29649.0	29649.0	29649.0	29649.0	29649.0	29649.0	29649.0	29649.0	29649.0	29649.0	29649.0	29649.0	29649.0	29649.0	29649.0	29649.0	29649.0	29649.0	29649.0	29649.0	29649.0	29649.0	29649.0	29649.0	29649.0	29649.0	29649.0	29649.0	29649.0
338_TASK04_CON63_3.0_posneg	posneg	3.0	24309.0	24309.0	24309.0	24309.0	24309.0	24309.0	24309.0	24309.0	24309.0	24309.0	24309.0	24309.0	24309.0	24309.0	24309.0	24309.0	24309.0	24309.0	24309.0	24309.0	24309.0	24309.0	24309.0	24309.0	24309.0	24309.0	24309.0	24309.0	24309.0	24309.0	24309.0	24309.0	24309.0	24309.0	24309.0	24309.0	24309.0	24309.0	24309.0	24309.0	24309.0	24309.0	24309.0	24309.0	24309.0	24309.0	24309.0
338_TASK04_CON63_3.0_pos	pos	3.0	13248.0	13248.0	13248.0	13248.0	13248.0	13248.0	13248.0	13248.0	13248.0	13248.0	13248.0	13248.0	13248.0	13248.0	13248.0	13248.0	13248.0	13248.0	13248.0	13248.0	13248.0	13248.0	13248.0	13248.0	13248.0	13248.0	13248.0	13248.0	13248.0	13248.0	13248.0	13248.0	13248.0	13248.0	13248.0	13248.0	13248.0	13248.0	13248.0	13248.0	13248.0	13248.0	13248.0	13248.0	13248.0	13248.0	13248.0
338_TASK04_CON63_4.0_posneg	posneg	4.0	10323.0	10323.0	10323.0	10323.0	10323.0	10323.0	10323.0	10323.0	10323.0	10323.0	10323.0	10323.0	10323.0	10323.0	10323.0	10323.0	10323.0	10323.0	10323.0	10323.0	10323.0	10323.0	10323.0	10323.0	10323.0	10323.0	10323.0	10323.0	10323.0	10323.0	10323.0	10323.0	10323.0	10323.0	10323.0	10323.0	10323.0	10323.0	10323.0	10323.0	10323.0	10323.0	10323.0	10323.0	10323.0	10323.0	10323.0
338_TASK04_CON63_4.0_pos	pos	4.0	6512.0	6512.0	6512.0	6512.0	6512.0	6512.0	6512.0	6512.0	6512.0	6512.0	6512.0	6512.0	6512.0	6512.0	6512.0	6512.0	6512.0	6512.0	6512.0	6512.0	6512.0	6512.0	6512.0	6512.0	6512.0	6512.0	6512.0	6512.0	6512.0	6512.0	6512.0	6512.0	6512.0	6512.0	6512.0	6512.0	6512.0	6512.0	6512.0	6512.0	6512.0	6512.0	6512.0	6512.0	6512.0	6512.0	6512.0
338_TASK04_CON63_5.0_posneg	posneg	5.0	4289.0	4289.0	4289.0	4289.0	4289.0	4289.0	4289.0	4289.0	4289.0	4289.0	4289.0	4289.0	4289.0	4289.0	4289.0	4289.0	4289.0	4289.0	4289.0	4289.0	4289.0	4289.0	4289.0	4289.0	4289.0	4289.0	4289.0	4289.0	4289.0	4289.0	4289.0	4289.0	4289.0	4289.0	4289.0	4289.0	4289.0	4289.0	4289.0	4289.0	4289.0	4289.0	4289.0	4289.0	4289.0	4289.0	4289.0
338_TASK04_CON63_5.0_pos	pos	5.0	3187.0	3187.0	3187.0	3187.0	3187.0	3187.0	3187.0	3187.0	3187.0	3187.0	3187.0	3187.0	3187.0	3187.0	3187.0	3187.0	3187.0	3187.0	3187.0	3187.0	3187.0	3187.0	3187.0	3187.0	3187.0	3187.0	3187.0	3187.0	3187.0	3187.0	3187.0	3187.0	3187.0	3187.0	3187.0	3187.0	3187.0	3187.0	3187.0	3187.0	3187.0	3187.0	3187.0	3187.0	3187.0	3187.0	3187.0
338_TASK04_CON63_6.0_posneg	posneg	6.0	1681.0	1681.0	1681.0	1681.0	1681.0	1681.0	1681.0	1681.0	1681.0	1681.0	1681.0	1681.0	1681.0	1681.0	1681.0	1681.0	1681.0	1681.0	1681.0	1681.0	1681.0	1681.0	1681.0	1681.0	1681.0	1681.0	1681.0	1681.0	1681.0	1681.0	1681.0	1681.0	1681.0	1681.0	1681.0	1681.0	1681.0	1681.0	1681.0	1681.0	1681.0	1681.0	1681.0	1681.0	1681.0	1681.0	1681.0
338_TASK04_CON63_6.0_pos	pos	6.0	1447.0	1447.0	1447.0	1447.0	1447.0	1447.0	1447.0	1447.0	1447.0	1447.0	1447.0	1447.0	1447.0	1447.0	1447.0	1447.0	1447.0	1447.0	1447.0	1447.0	1447.0	1447.0	1447.0	1447.0	1447.0	1447.0	1447.0	1447.0	1447.0	1447.0	1447.0	1447.0	1447.0	1447.0	1447.0	1447.0	1447.0	1447.0	1447.0	1447.0	1447.0	1447.0	1447.0	1447.0	1447.0	1447.0	1447.0
338_TASK04_CON63_7.0_posneg	posneg	7.0	531.0	531.0	531.0	531.0	531.0	531.0	531.0	531.0	531.0	531.0	531.0	531.0	531.0	531.0	531.0	531.0	531.0	531.0	531.0	531.0	531.0	531.0	531.0	531.0	531.0	531.0	531.0	531.0	531.0	531.0	531.0	531.0	531.0	531.0	531.0	531.0	531.0	531.0	531.0	531.0	531.0	531.0	531.0	531.0	531.0	531.0	531.0
338_TASK04_CON63_7.0_pos	pos	7.0	519.0	519.0	519.0	519.0	519.0	519.0	519.0	519.0	519.0	519.0	519.0	519.0	519.0	519.0	519.0	519.0	519.0	519.0	519.0	519.0	519.0	519.0	519.0	519.0	519.0	519.0	519.0	519.0	519.0	519.0	519.0	519.0	519.0	519.0	519.0	519.0	519.0	519.0	519.0	519.0	519.0	519.0	519.0	519.0	519.0	519.0	519.0
338_TASK04_CON63_8.0_posneg	posneg	8.0	140.0	140.0	140.0	140.0	140.0	140.0	140.0	140.0	140.0	140.0	140.0	140.0	140.0	140.0	140.0	140.0	140.0	140.0	140.0	140.0	140.0	140.0	140.0	140.0	140.0	140.0	140.0	140.0	140.0	140.0	140.0	140.0	140.0	140.0	140.0	140.0	140.0	140.0	140.0	140.0	140.0	140.0	140.0	140.0	140.0	140.0	140.0
338_TASK04_CON63_8.0_pos	pos	8.0	140.0	140.0	140.0	140.0	140.0	140.0	140.0	140.0	140.0	140.0	140.0	140.0	140.0	140.0	140.0	140.0	140.0	140.0	140.0	140.0	140.0	140.0	140.0	140.0	140.0	140.0	140.0	140.0	140.0	140.0	140.0	140.0	140.0	140.0	140.0	140.0	140.0	140.0	140.0	140.0	140.0	140.0	140.0	140.0	140.0	140.0	140.0
338_TASK04_CON63_9.0_posneg	posneg	9.0	23.0	23.0	23.0	23.0	23.0	23.0	23.0	23.0	23.0	23.0	23.0	23.0	23.0	23.0	23.0	23.0	23.0	23.0	23.0	23.0	23.0	23.0	23.0	23.0	23.0	23.0	23.0	23.0	23.0	23.0	23.0	23.0	23.0	23.0	23.0	23.0	23.0	23.0	23.0	23.0	23.0	23.0	23.0	23.0	23.0	23.0	23.0
338_TASK04_CON63_9.0_pos	pos	9.0	23.0	23.0	23.0	23.0	23.0	23.0	23.0	23.0	23.0	23.0	23.0	23.0	23.0	23.0	23.0	23.0	23.0	23.0	23.0	23.0	23.0	23.0	23.0	23.0	23.0	23.0	23.0	23.0	23.0	23.0	23.0	23.0	23.0	23.0	23.0	23.0	23.0	23.0	23.0	23.0	23.0	23.0	23.0	23.0	23.0	23.0	23.0
338_TASK04_CON63_10.0_posneg	posneg	10.0	2.0	2.0	2.0	2.0	2.0	2.0	2.0	2.0	2.0	2.0	2.0	2.0	2.0	2.0	2.0	2.0	2.0	2.0	2.0	2.0	2.0	2.0	2.0	2.0	2.0	2.0	2.0	2.0	2.0	2.0	2.0	2.0	2.0	2.0	2.0	2.0	2.0	2.0	2.0	2.0	2.0	2.0	2.0	2.0	2.0	2.0	2.0
338_TASK04_CON63_10.0_pos	pos	10.0	2.0	2.0	2.0	2.0	2.0	2.0	2.0	2.0	2.0	2.0	2.0	2.0	2.0	2.0	2.0	2.0	2.0	2.0	2.0	2.0	2.0	2.0	2.0	2.0	2.0	2.0	2.0	2.0	2.0	2.0	2.0	2.0	2.0	2.0	2.0	2.0	2.0	2.0	2.0	2.0	2.0	2.0	2.0	2.0	2.0	2.0	2.0
338_TASK04_CON63_11.0_posneg	posneg	11.0	0.0	0.0	0.0	0.0	0.0	0.0	0.0	0.0	0.0	0.0	0.0	0.0	0.0	0.0	0.0	0.0	0.0	0.0	0.0	0.0	0.0	0.0	0.0	0.0	0.0	0.0	0.0	0.0	0.0	0.0	0.0	0.0	0.0	0.0	0.0	0.0	0.0	0.0	0.0	0.0	0.0	0.0	0.0	0.0	0.0	0.0	0.0
338_TASK04_CON63_11.0_pos	pos	11.0	0.0	0.0	0.0	0.0	0.0	0.0	0.0	0.0	0.0	0.0	0.0	0.0	0.0	0.0	0.0	0.0	0.0	0.0	0.0	0.0	0.0	0.0	0.0	0.0	0.0	0.0	0.0	0.0	0.0	0.0	0.0	0.0	0.0	0.0	0.0	0.0	0.0	0.0	0.0	0.0	0.0	0.0	0.0	0.0	0.0	0.0	0.0
338_TASK04_CON63_12.0_posneg	posneg	12.0	0.0	0.0	0.0	0.0	0.0	0.0	0.0	0.0	0.0	0.0	0.0	0.0	0.0	0.0	0.0	0.0	0.0	0.0	0.0	0.0	0.0	0.0	0.0	0.0	0.0	0.0	0.0	0.0	0.0	0.0	0.0	0.0	0.0	0.0	0.0	0.0	0.0	0.0	0.0	0.0	0.0	0.0	0.0	0.0	0.0	0.0	0.0
338_TASK04_CON63_12.0_pos	pos	12.0	0.0	0.0	0.0	0.0	0.0	0.0	0.0	0.0	0.0	0.0	0.0	0.0	0.0	0.0	0.0	0.0	0.0	0.0	0.0	0.0	0.0	0.0	0.0	0.0	0.0	0.0	0.0	0.0	0.0	0.0	0.0	0.0	0.0	0.0	0.0	0.0	0.0	0.0	0.0	0.0	0.0	0.0	0.0	0.0	0.0	0.0	0.0
338_TASK04_CON63_13.0_posneg	posneg	13.0	0.0	0.0	0.0	0.0	0.0	0.0	0.0	0.0	0.0	0.0	0.0	0.0	0.0	0.0	0.0	0.0	0.0	0.0	0.0	0.0	0.0	0.0	0.0	0.0	0.0	0.0	0.0	0.0	0.0	0.0	0.0	0.0	0.0	0.0	0.0	0.0	0.0	0.0	0.0	0.0	0.0	0.0	0.0	0.0	0.0	0.0	0.0
338_TASK04_CON63_13.0_pos	pos	13.0	0.0	0.0	0.0	0.0	0.0	0.0	0.0	0.0	0.0	0.0	0.0	0.0	0.0	0.0	0.0	0.0	0.0	0.0	0.0	0.0	0.0	0.0	0.0	0.0	0.0	0.0	0.0	0.0	0.0	0.0	0.0	0.0	0.0	0.0	0.0	0.0	0.0	0.0	0.0	0.0	0.0	0.0	0.0	0.0	0.0	0.0	0.0
338_TASK04_CON64_0.0_posneg	posneg	0.0	228191.0	228191.0	228191.0	228191.0	228191.0	228191.0	228191.0	228191.0	228191.0	228191.0	228191.0	228191.0	228191.0	228191.0	228191.0	228191.0	228191.0	228191.0	228191.0	228191.0	228191.0	228191.0	228191.0	228191.0	228191.0	228191.0	228191.0	228191.0	228191.0	228191.0	228191.0	228191.0	228191.0	228191.0	228191.0	228191.0	228191.0	228191.0	228191.0	228191.0	228191.0	228191.0	228191.0	228191.0	228191.0	228191.0	228191.0
338_TASK04_CON64_0.0_pos	pos	0.0	172554.0	172554.0	172554.0	172554.0	172554.0	172554.0	172554.0	172554.0	172554.0	172554.0	172554.0	172554.0	172554.0	172554.0	172554.0	172554.0	172554.0	172554.0	172554.0	172554.0	172554.0	172554.0	172554.0	172554.0	172554.0	172554.0	172554.0	172554.0	172554.0	172554.0	172554.0	172554.0	172554.0	172554.0	172554.0	172554.0	172554.0	172554.0	172554.0	172554.0	172554.0	172554.0	172554.0	172554.0	172554.0	172554.0	172554.0
338_TASK04_CON64_1.0_posneg	posneg	1.0	150680.0	150680.0	150680.0	150680.0	150680.0	150680.0	150680.0	150680.0	150680.0	150680.0	150680.0	150680.0	150680.0	150680.0	150680.0	150680.0	150680.0	150680.0	150680.0	150680.0	150680.0	150680.0	150680.0	150680.0	150680.0	150680.0	150680.0	150680.0	150680.0	150680.0	150680.0	150680.0	150680.0	150680.0	150680.0	150680.0	150680.0	150680.0	150680.0	150680.0	150680.0	150680.0	150680.0	150680.0	150680.0	150680.0	150680.0
338_TASK04_CON64_1.0_pos	pos	1.0	125797.0	125797.0	125797.0	125797.0	125797.0	125797.0	125797.0	125797.0	125797.0	125797.0	125797.0	125797.0	125797.0	125797.0	125797.0	125797.0	125797.0	125797.0	125797.0	125797.0	125797.0	125797.0	125797.0	125797.0	125797.0	125797.0	125797.0	125797.0	125797.0	125797.0	125797.0	125797.0	125797.0	125797.0	125797.0	125797.0	125797.0	125797.0	125797.0	125797.0	125797.0	125797.0	125797.0	125797.0	125797.0	125797.0	125797.0
338_TASK04_CON64_2.0_posneg	posneg	2.0	86108.0	86108.0	86108.0	86108.0	86108.0	86108.0	86108.0	86108.0	86108.0	86108.0	86108.0	86108.0	86108.0	86108.0	86108.0	86108.0	86108.0	86108.0	86108.0	86108.0	86108.0	86108.0	86108.0	86108.0	86108.0	86108.0	86108.0	86108.0	86108.0	86108.0	86108.0	86108.0	86108.0	86108.0	86108.0	86108.0	86108.0	86108.0	86108.0	86108.0	86108.0	86108.0	86108.0	86108.0	86108.0	86108.0	86108.0
338_TASK04_CON64_2.0_pos	pos	2.0	76186.0	76186.0	76186.0	76186.0	76186.0	76186.0	76186.0	76186.0	76186.0	76186.0	76186.0	76186.0	76186.0	76186.0	76186.0	76186.0	76186.0	76186.0	76186.0	76186.0	76186.0	76186.0	76186.0	76186.0	76186.0	76186.0	76186.0	76186.0	76186.0	76186.0	76186.0	76186.0	76186.0	76186.0	76186.0	76186.0	76186.0	76186.0	76186.0	76186.0	76186.0	76186.0	76186.0	76186.0	76186.0	76186.0	76186.0
338_TASK04_CON64_3.0_posneg	posneg	3.0	44181.0	44181.0	44181.0	44181.0	44181.0	44181.0	44181.0	44181.0	44181.0	44181.0	44181.0	44181.0	44181.0	44181.0	44181.0	44181.0	44181.0	44181.0	44181.0	44181.0	44181.0	44181.0	44181.0	44181.0	44181.0	44181.0	44181.0	44181.0	44181.0	44181.0	44181.0	44181.0	44181.0	44181.0	44181.0	44181.0	44181.0	44181.0	44181.0	44181.0	44181.0	44181.0	44181.0	44181.0	44181.0	44181.0	44181.0
338_TASK04_CON64_3.0_pos	pos	3.0	40458.0	40458.0	40458.0	40458.0	40458.0	40458.0	40458.0	40458.0	40458.0	40458.0	40458.0	40458.0	40458.0	40458.0	40458.0	40458.0	40458.0	40458.0	40458.0	40458.0	40458.0	40458.0	40458.0	40458.0	40458.0	40458.0	40458.0	40458.0	40458.0	40458.0	40458.0	40458.0	40458.0	40458.0	40458.0	40458.0	40458.0	40458.0	40458.0	40458.0	40458.0	40458.0	40458.0	40458.0	40458.0	40458.0	40458.0
338_TASK04_CON64_4.0_posneg	posneg	4.0	21591.0	21591.0	21591.0	21591.0	21591.0	21591.0	21591.0	21591.0	21591.0	21591.0	21591.0	21591.0	21591.0	21591.0	21591.0	21591.0	21591.0	21591.0	21591.0	21591.0	21591.0	21591.0	21591.0	21591.0	21591.0	21591.0	21591.0	21591.0	21591.0	21591.0	21591.0	21591.0	21591.0	21591.0	21591.0	21591.0	21591.0	21591.0	21591.0	21591.0	21591.0	21591.0	21591.0	21591.0	21591.0	21591.0	21591.0
338_TASK04_CON64_4.0_pos	pos	4.0	20271.0	20271.0	20271.0	20271.0	20271.0	20271.0	20271.0	20271.0	20271.0	20271.0	20271.0	20271.0	20271.0	20271.0	20271.0	20271.0	20271.0	20271.0	20271.0	20271.0	20271.0	20271.0	20271.0	20271.0	20271.0	20271.0	20271.0	20271.0	20271.0	20271.0	20271.0	20271.0	20271.0	20271.0	20271.0	20271.0	20271.0	20271.0	20271.0	20271.0	20271.0	20271.0	20271.0	20271.0	20271.0	20271.0	20271.0
338_TASK04_CON64_5.0_posneg	posneg	5.0	9474.0	9474.0	9474.0	9474.0	9474.0	9474.0	9474.0	9474.0	9474.0	9474.0	9474.0	9474.0	9474.0	9474.0	9474.0	9474.0	9474.0	9474.0	9474.0	9474.0	9474.0	9474.0	9474.0	9474.0	9474.0	9474.0	9474.0	9474.0	9474.0	9474.0	9474.0	9474.0	9474.0	9474.0	9474.0	9474.0	9474.0	9474.0	9474.0	9474.0	9474.0	9474.0	9474.0	9474.0	9474.0	9474.0	9474.0
338_TASK04_CON64_5.0_pos	pos	5.0	9003.0	9003.0	9003.0	9003.0	9003.0	9003.0	9003.0	9003.0	9003.0	9003.0	9003.0	9003.0	9003.0	9003.0	9003.0	9003.0	9003.0	9003.0	9003.0	9003.0	9003.0	9003.0	9003.0	9003.0	9003.0	9003.0	9003.0	9003.0	9003.0	9003.0	9003.0	9003.0	9003.0	9003.0	9003.0	9003.0	9003.0	9003.0	9003.0	9003.0	9003.0	9003.0	9003.0	9003.0	9003.0	9003.0	9003.0
338_TASK04_CON64_6.0_posneg	posneg	6.0	3200.0	3200.0	3200.0	3200.0	3200.0	3200.0	3200.0	3200.0	3200.0	3200.0	3200.0	3200.0	3200.0	3200.0	3200.0	3200.0	3200.0	3200.0	3200.0	3200.0	3200.0	3200.0	3200.0	3200.0	3200.0	3200.0	3200.0	3200.0	3200.0	3200.0	3200.0	3200.0	3200.0	3200.0	3200.0	3200.0	3200.0	3200.0	3200.0	3200.0	3200.0	3200.0	3200.0	3200.0	3200.0	3200.0	3200.0
338_TASK04_CON64_6.0_pos	pos	6.0	3125.0	3125.0	3125.0	3125.0	3125.0	3125.0	3125.0	3125.0	3125.0	3125.0	3125.0	3125.0	3125.0	3125.0	3125.0	3125.0	3125.0	3125.0	3125.0	3125.0	3125.0	3125.0	3125.0	3125.0	3125.0	3125.0	3125.0	3125.0	3125.0	3125.0	3125.0	3125.0	3125.0	3125.0	3125.0	3125.0	3125.0	3125.0	3125.0	3125.0	3125.0	3125.0	3125.0	3125.0	3125.0	3125.0	3125.0
338_TASK04_CON64_7.0_posneg	posneg	7.0	933.0	933.0	933.0	933.0	933.0	933.0	933.0	933.0	933.0	933.0	933.0	933.0	933.0	933.0	933.0	933.0	933.0	933.0	933.0	933.0	933.0	933.0	933.0	933.0	933.0	933.0	933.0	933.0	933.0	933.0	933.0	933.0	933.0	933.0	933.0	933.0	933.0	933.0	933.0	933.0	933.0	933.0	933.0	933.0	933.0	933.0	933.0
338_TASK04_CON64_7.0_pos	pos	7.0	933.0	933.0	933.0	933.0	933.0	933.0	933.0	933.0	933.0	933.0	933.0	933.0	933.0	933.0	933.0	933.0	933.0	933.0	933.0	933.0	933.0	933.0	933.0	933.0	933.0	933.0	933.0	933.0	933.0	933.0	933.0	933.0	933.0	933.0	933.0	933.0	933.0	933.0	933.0	933.0	933.0	933.0	933.0	933.0	933.0	933.0	933.0
338_TASK04_CON64_8.0_posneg	posneg	8.0	220.0	220.0	220.0	220.0	220.0	220.0	220.0	220.0	220.0	220.0	220.0	220.0	220.0	220.0	220.0	220.0	220.0	220.0	220.0	220.0	220.0	220.0	220.0	220.0	220.0	220.0	220.0	220.0	220.0	220.0	220.0	220.0	220.0	220.0	220.0	220.0	220.0	220.0	220.0	220.0	220.0	220.0	220.0	220.0	220.0	220.0	220.0
338_TASK04_CON64_8.0_pos	pos	8.0	220.0	220.0	220.0	220.0	220.0	220.0	220.0	220.0	220.0	220.0	220.0	220.0	220.0	220.0	220.0	220.0	220.0	220.0	220.0	220.0	220.0	220.0	220.0	220.0	220.0	220.0	220.0	220.0	220.0	220.0	220.0	220.0	220.0	220.0	220.0	220.0	220.0	220.0	220.0	220.0	220.0	220.0	220.0	220.0	220.0	220.0	220.0
338_TASK04_CON64_9.0_posneg	posneg	9.0	14.0	14.0	14.0	14.0	14.0	14.0	14.0	14.0	14.0	14.0	14.0	14.0	14.0	14.0	14.0	14.0	14.0	14.0	14.0	14.0	14.0	14.0	14.0	14.0	14.0	14.0	14.0	14.0	14.0	14.0	14.0	14.0	14.0	14.0	14.0	14.0	14.0	14.0	14.0	14.0	14.0	14.0	14.0	14.0	14.0	14.0	14.0
338_TASK04_CON64_9.0_pos	pos	9.0	14.0	14.0	14.0	14.0	14.0	14.0	14.0	14.0	14.0	14.0	14.0	14.0	14.0	14.0	14.0	14.0	14.0	14.0	14.0	14.0	14.0	14.0	14.0	14.0	14.0	14.0	14.0	14.0	14.0	14.0	14.0	14.0	14.0	14.0	14.0	14.0	14.0	14.0	14.0	14.0	14.0	14.0	14.0	14.0	14.0	14.0	14.0
338_TASK04_CON64_10.0_posneg	posneg	10.0	0.0	0.0	0.0	0.0	0.0	0.0	0.0	0.0	0.0	0.0	0.0	0.0	0.0	0.0	0.0	0.0	0.0	0.0	0.0	0.0	0.0	0.0	0.0	0.0	0.0	0.0	0.0	0.0	0.0	0.0	0.0	0.0	0.0	0.0	0.0	0.0	0.0	0.0	0.0	0.0	0.0	0.0	0.0	0.0	0.0	0.0	0.0
338_TASK04_CON64_10.0_pos	pos	10.0	0.0	0.0	0.0	0.0	0.0	0.0	0.0	0.0	0.0	0.0	0.0	0.0	0.0	0.0	0.0	0.0	0.0	0.0	0.0	0.0	0.0	0.0	0.0	0.0	0.0	0.0	0.0	0.0	0.0	0.0	0.0	0.0	0.0	0.0	0.0	0.0	0.0	0.0	0.0	0.0	0.0	0.0	0.0	0.0	0.0	0.0	0.0
338_TASK04_CON64_11.0_posneg	posneg	11.0	0.0	0.0	0.0	0.0	0.0	0.0	0.0	0.0	0.0	0.0	0.0	0.0	0.0	0.0	0.0	0.0	0.0	0.0	0.0	0.0	0.0	0.0	0.0	0.0	0.0	0.0	0.0	0.0	0.0	0.0	0.0	0.0	0.0	0.0	0.0	0.0	0.0	0.0	0.0	0.0	0.0	0.0	0.0	0.0	0.0	0.0	0.0
338_TASK04_CON64_11.0_pos	pos	11.0	0.0	0.0	0.0	0.0	0.0	0.0	0.0	0.0	0.0	0.0	0.0	0.0	0.0	0.0	0.0	0.0	0.0	0.0	0.0	0.0	0.0	0.0	0.0	0.0	0.0	0.0	0.0	0.0	0.0	0.0	0.0	0.0	0.0	0.0	0.0	0.0	0.0	0.0	0.0	0.0	0.0	0.0	0.0	0.0	0.0	0.0	0.0
338_TASK04_CON64_12.0_posneg	posneg	12.0	0.0	0.0	0.0	0.0	0.0	0.0	0.0	0.0	0.0	0.0	0.0	0.0	0.0	0.0	0.0	0.0	0.0	0.0	0.0	0.0	0.0	0.0	0.0	0.0	0.0	0.0	0.0	0.0	0.0	0.0	0.0	0.0	0.0	0.0	0.0	0.0	0.0	0.0	0.0	0.0	0.0	0.0	0.0	0.0	0.0	0.0	0.0
338_TASK04_CON64_12.0_pos	pos	12.0	0.0	0.0	0.0	0.0	0.0	0.0	0.0	0.0	0.0	0.0	0.0	0.0	0.0	0.0	0.0	0.0	0.0	0.0	0.0	0.0	0.0	0.0	0.0	0.0	0.0	0.0	0.0	0.0	0.0	0.0	0.0	0.0	0.0	0.0	0.0	0.0	0.0	0.0	0.0	0.0	0.0	0.0	0.0	0.0	0.0	0.0	0.0
338_TASK04_CON64_13.0_posneg	posneg	13.0	0.0	0.0	0.0	0.0	0.0	0.0	0.0	0.0	0.0	0.0	0.0	0.0	0.0	0.0	0.0	0.0	0.0	0.0	0.0	0.0	0.0	0.0	0.0	0.0	0.0	0.0	0.0	0.0	0.0	0.0	0.0	0.0	0.0	0.0	0.0	0.0	0.0	0.0	0.0	0.0	0.0	0.0	0.0	0.0	0.0	0.0	0.0
338_TASK04_CON64_13.0_pos	pos	13.0	0.0	0.0	0.0	0.0	0.0	0.0	0.0	0.0	0.0	0.0	0.0	0.0	0.0	0.0	0.0	0.0	0.0	0.0	0.0	0.0	0.0	0.0	0.0	0.0	0.0	0.0	0.0	0.0	0.0	0.0	0.0	0.0	0.0	0.0	0.0	0.0	0.0	0.0	0.0	0.0	0.0	0.0	0.0	0.0	0.0	0.0	0.0
338_TASK04_CON65_0.0_posneg	posneg	0.0	228191.0	228191.0	228191.0	228191.0	228191.0	228191.0	228191.0	228191.0	228191.0	228191.0	228191.0	228191.0	228191.0	228191.0	228191.0	228191.0	228191.0	228191.0	228191.0	228191.0	228191.0	228191.0	228191.0	228191.0	228191.0	228191.0	228191.0	228191.0	228191.0	228191.0	228191.0	228191.0	228191.0	228191.0	228191.0	228191.0	228191.0	228191.0	228191.0	228191.0	228191.0	228191.0	228191.0	228191.0	228191.0	228191.0	228191.0
338_TASK04_CON65_0.0_pos	pos	0.0	126972.0	126972.0	126972.0	126972.0	126972.0	126972.0	126972.0	126972.0	126972.0	126972.0	126972.0	126972.0	126972.0	126972.0	126972.0	126972.0	126972.0	126972.0	126972.0	126972.0	126972.0	126972.0	126972.0	126972.0	126972.0	126972.0	126972.0	126972.0	126972.0	126972.0	126972.0	126972.0	126972.0	126972.0	126972.0	126972.0	126972.0	126972.0	126972.0	126972.0	126972.0	126972.0	126972.0	126972.0	126972.0	126972.0	126972.0
338_TASK04_CON65_1.0_posneg	posneg	1.0	123007.0	123007.0	123007.0	123007.0	123007.0	123007.0	123007.0	123007.0	123007.0	123007.0	123007.0	123007.0	123007.0	123007.0	123007.0	123007.0	123007.0	123007.0	123007.0	123007.0	123007.0	123007.0	123007.0	123007.0	123007.0	123007.0	123007.0	123007.0	123007.0	123007.0	123007.0	123007.0	123007.0	123007.0	123007.0	123007.0	123007.0	123007.0	123007.0	123007.0	123007.0	123007.0	123007.0	123007.0	123007.0	123007.0	123007.0
338_TASK04_CON65_1.0_pos	pos	1.0	72277.0	72277.0	72277.0	72277.0	72277.0	72277.0	72277.0	72277.0	72277.0	72277.0	72277.0	72277.0	72277.0	72277.0	72277.0	72277.0	72277.0	72277.0	72277.0	72277.0	72277.0	72277.0	72277.0	72277.0	72277.0	72277.0	72277.0	72277.0	72277.0	72277.0	72277.0	72277.0	72277.0	72277.0	72277.0	72277.0	72277.0	72277.0	72277.0	72277.0	72277.0	72277.0	72277.0	72277.0	72277.0	72277.0	72277.0
338_TASK04_CON65_2.0_posneg	posneg	2.0	55765.0	55765.0	55765.0	55765.0	55765.0	55765.0	55765.0	55765.0	55765.0	55765.0	55765.0	55765.0	55765.0	55765.0	55765.0	55765.0	55765.0	55765.0	55765.0	55765.0	55765.0	55765.0	55765.0	55765.0	55765.0	55765.0	55765.0	55765.0	55765.0	55765.0	55765.0	55765.0	55765.0	55765.0	55765.0	55765.0	55765.0	55765.0	55765.0	55765.0	55765.0	55765.0	55765.0	55765.0	55765.0	55765.0	55765.0
338_TASK04_CON65_2.0_pos	pos	2.0	34286.0	34286.0	34286.0	34286.0	34286.0	34286.0	34286.0	34286.0	34286.0	34286.0	34286.0	34286.0	34286.0	34286.0	34286.0	34286.0	34286.0	34286.0	34286.0	34286.0	34286.0	34286.0	34286.0	34286.0	34286.0	34286.0	34286.0	34286.0	34286.0	34286.0	34286.0	34286.0	34286.0	34286.0	34286.0	34286.0	34286.0	34286.0	34286.0	34286.0	34286.0	34286.0	34286.0	34286.0	34286.0	34286.0	34286.0
338_TASK04_CON65_3.0_posneg	posneg	3.0	24494.0	24494.0	24494.0	24494.0	24494.0	24494.0	24494.0	24494.0	24494.0	24494.0	24494.0	24494.0	24494.0	24494.0	24494.0	24494.0	24494.0	24494.0	24494.0	24494.0	24494.0	24494.0	24494.0	24494.0	24494.0	24494.0	24494.0	24494.0	24494.0	24494.0	24494.0	24494.0	24494.0	24494.0	24494.0	24494.0	24494.0	24494.0	24494.0	24494.0	24494.0	24494.0	24494.0	24494.0	24494.0	24494.0	24494.0
338_TASK04_CON65_3.0_pos	pos	3.0	16314.0	16314.0	16314.0	16314.0	16314.0	16314.0	16314.0	16314.0	16314.0	16314.0	16314.0	16314.0	16314.0	16314.0	16314.0	16314.0	16314.0	16314.0	16314.0	16314.0	16314.0	16314.0	16314.0	16314.0	16314.0	16314.0	16314.0	16314.0	16314.0	16314.0	16314.0	16314.0	16314.0	16314.0	16314.0	16314.0	16314.0	16314.0	16314.0	16314.0	16314.0	16314.0	16314.0	16314.0	16314.0	16314.0	16314.0
338_TASK04_CON65_4.0_posneg	posneg	4.0	10469.0	10469.0	10469.0	10469.0	10469.0	10469.0	10469.0	10469.0	10469.0	10469.0	10469.0	10469.0	10469.0	10469.0	10469.0	10469.0	10469.0	10469.0	10469.0	10469.0	10469.0	10469.0	10469.0	10469.0	10469.0	10469.0	10469.0	10469.0	10469.0	10469.0	10469.0	10469.0	10469.0	10469.0	10469.0	10469.0	10469.0	10469.0	10469.0	10469.0	10469.0	10469.0	10469.0	10469.0	10469.0	10469.0	10469.0
338_TASK04_CON65_4.0_pos	pos	4.0	7889.0	7889.0	7889.0	7889.0	7889.0	7889.0	7889.0	7889.0	7889.0	7889.0	7889.0	7889.0	7889.0	7889.0	7889.0	7889.0	7889.0	7889.0	7889.0	7889.0	7889.0	7889.0	7889.0	7889.0	7889.0	7889.0	7889.0	7889.0	7889.0	7889.0	7889.0	7889.0	7889.0	7889.0	7889.0	7889.0	7889.0	7889.0	7889.0	7889.0	7889.0	7889.0	7889.0	7889.0	7889.0	7889.0	7889.0
338_TASK04_CON65_5.0_posneg	posneg	5.0	4245.0	4245.0	4245.0	4245.0	4245.0	4245.0	4245.0	4245.0	4245.0	4245.0	4245.0	4245.0	4245.0	4245.0	4245.0	4245.0	4245.0	4245.0	4245.0	4245.0	4245.0	4245.0	4245.0	4245.0	4245.0	4245.0	4245.0	4245.0	4245.0	4245.0	4245.0	4245.0	4245.0	4245.0	4245.0	4245.0	4245.0	4245.0	4245.0	4245.0	4245.0	4245.0	4245.0	4245.0	4245.0	4245.0	4245.0
338_TASK04_CON65_5.0_pos	pos	5.0	3429.0	3429.0	3429.0	3429.0	3429.0	3429.0	3429.0	3429.0	3429.0	3429.0	3429.0	3429.0	3429.0	3429.0	3429.0	3429.0	3429.0	3429.0	3429.0	3429.0	3429.0	3429.0	3429.0	3429.0	3429.0	3429.0	3429.0	3429.0	3429.0	3429.0	3429.0	3429.0	3429.0	3429.0	3429.0	3429.0	3429.0	3429.0	3429.0	3429.0	3429.0	3429.0	3429.0	3429.0	3429.0	3429.0	3429.0
338_TASK04_CON65_6.0_posneg	posneg	6.0	1504.0	1504.0	1504.0	1504.0	1504.0	1504.0	1504.0	1504.0	1504.0	1504.0	1504.0	1504.0	1504.0	1504.0	1504.0	1504.0	1504.0	1504.0	1504.0	1504.0	1504.0	1504.0	1504.0	1504.0	1504.0	1504.0	1504.0	1504.0	1504.0	1504.0	1504.0	1504.0	1504.0	1504.0	1504.0	1504.0	1504.0	1504.0	1504.0	1504.0	1504.0	1504.0	1504.0	1504.0	1504.0	1504.0	1504.0
338_TASK04_CON65_6.0_pos	pos	6.0	1280.0	1280.0	1280.0	1280.0	1280.0	1280.0	1280.0	1280.0	1280.0	1280.0	1280.0	1280.0	1280.0	1280.0	1280.0	1280.0	1280.0	1280.0	1280.0	1280.0	1280.0	1280.0	1280.0	1280.0	1280.0	1280.0	1280.0	1280.0	1280.0	1280.0	1280.0	1280.0	1280.0	1280.0	1280.0	1280.0	1280.0	1280.0	1280.0	1280.0	1280.0	1280.0	1280.0	1280.0	1280.0	1280.0	1280.0
338_TASK04_CON65_7.0_posneg	posneg	7.0	430.0	430.0	430.0	430.0	430.0	430.0	430.0	430.0	430.0	430.0	430.0	430.0	430.0	430.0	430.0	430.0	430.0	430.0	430.0	430.0	430.0	430.0	430.0	430.0	430.0	430.0	430.0	430.0	430.0	430.0	430.0	430.0	430.0	430.0	430.0	430.0	430.0	430.0	430.0	430.0	430.0	430.0	430.0	430.0	430.0	430.0	430.0
338_TASK04_CON65_7.0_pos	pos	7.0	405.0	405.0	405.0	405.0	405.0	405.0	405.0	405.0	405.0	405.0	405.0	405.0	405.0	405.0	405.0	405.0	405.0	405.0	405.0	405.0	405.0	405.0	405.0	405.0	405.0	405.0	405.0	405.0	405.0	405.0	405.0	405.0	405.0	405.0	405.0	405.0	405.0	405.0	405.0	405.0	405.0	405.0	405.0	405.0	405.0	405.0	405.0
338_TASK04_CON65_8.0_posneg	posneg	8.0	58.0	58.0	58.0	58.0	58.0	58.0	58.0	58.0	58.0	58.0	58.0	58.0	58.0	58.0	58.0	58.0	58.0	58.0	58.0	58.0	58.0	58.0	58.0	58.0	58.0	58.0	58.0	58.0	58.0	58.0	58.0	58.0	58.0	58.0	58.0	58.0	58.0	58.0	58.0	58.0	58.0	58.0	58.0	58.0	58.0	58.0	58.0
338_TASK04_CON65_8.0_pos	pos	8.0	58.0	58.0	58.0	58.0	58.0	58.0	58.0	58.0	58.0	58.0	58.0	58.0	58.0	58.0	58.0	58.0	58.0	58.0	58.0	58.0	58.0	58.0	58.0	58.0	58.0	58.0	58.0	58.0	58.0	58.0	58.0	58.0	58.0	58.0	58.0	58.0	58.0	58.0	58.0	58.0	58.0	58.0	58.0	58.0	58.0	58.0	58.0
338_TASK04_CON65_9.0_posneg	posneg	9.0	0.0	0.0	0.0	0.0	0.0	0.0	0.0	0.0	0.0	0.0	0.0	0.0	0.0	0.0	0.0	0.0	0.0	0.0	0.0	0.0	0.0	0.0	0.0	0.0	0.0	0.0	0.0	0.0	0.0	0.0	0.0	0.0	0.0	0.0	0.0	0.0	0.0	0.0	0.0	0.0	0.0	0.0	0.0	0.0	0.0	0.0	0.0
338_TASK04_CON65_9.0_pos	pos	9.0	0.0	0.0	0.0	0.0	0.0	0.0	0.0	0.0	0.0	0.0	0.0	0.0	0.0	0.0	0.0	0.0	0.0	0.0	0.0	0.0	0.0	0.0	0.0	0.0	0.0	0.0	0.0	0.0	0.0	0.0	0.0	0.0	0.0	0.0	0.0	0.0	0.0	0.0	0.0	0.0	0.0	0.0	0.0	0.0	0.0	0.0	0.0
338_TASK04_CON65_10.0_posneg	posneg	10.0	0.0	0.0	0.0	0.0	0.0	0.0	0.0	0.0	0.0	0.0	0.0	0.0	0.0	0.0	0.0	0.0	0.0	0.0	0.0	0.0	0.0	0.0	0.0	0.0	0.0	0.0	0.0	0.0	0.0	0.0	0.0	0.0	0.0	0.0	0.0	0.0	0.0	0.0	0.0	0.0	0.0	0.0	0.0	0.0	0.0	0.0	0.0
338_TASK04_CON65_10.0_pos	pos	10.0	0.0	0.0	0.0	0.0	0.0	0.0	0.0	0.0	0.0	0.0	0.0	0.0	0.0	0.0	0.0	0.0	0.0	0.0	0.0	0.0	0.0	0.0	0.0	0.0	0.0	0.0	0.0	0.0	0.0	0.0	0.0	0.0	0.0	0.0	0.0	0.0	0.0	0.0	0.0	0.0	0.0	0.0	0.0	0.0	0.0	0.0	0.0
338_TASK04_CON65_11.0_posneg	posneg	11.0	0.0	0.0	0.0	0.0	0.0	0.0	0.0	0.0	0.0	0.0	0.0	0.0	0.0	0.0	0.0	0.0	0.0	0.0	0.0	0.0	0.0	0.0	0.0	0.0	0.0	0.0	0.0	0.0	0.0	0.0	0.0	0.0	0.0	0.0	0.0	0.0	0.0	0.0	0.0	0.0	0.0	0.0	0.0	0.0	0.0	0.0	0.0
338_TASK04_CON65_11.0_pos	pos	11.0	0.0	0.0	0.0	0.0	0.0	0.0	0.0	0.0	0.0	0.0	0.0	0.0	0.0	0.0	0.0	0.0	0.0	0.0	0.0	0.0	0.0	0.0	0.0	0.0	0.0	0.0	0.0	0.0	0.0	0.0	0.0	0.0	0.0	0.0	0.0	0.0	0.0	0.0	0.0	0.0	0.0	0.0	0.0	0.0	0.0	0.0	0.0
338_TASK04_CON65_12.0_posneg	posneg	12.0	0.0	0.0	0.0	0.0	0.0	0.0	0.0	0.0	0.0	0.0	0.0	0.0	0.0	0.0	0.0	0.0	0.0	0.0	0.0	0.0	0.0	0.0	0.0	0.0	0.0	0.0	0.0	0.0	0.0	0.0	0.0	0.0	0.0	0.0	0.0	0.0	0.0	0.0	0.0	0.0	0.0	0.0	0.0	0.0	0.0	0.0	0.0
338_TASK04_CON65_12.0_pos	pos	12.0	0.0	0.0	0.0	0.0	0.0	0.0	0.0	0.0	0.0	0.0	0.0	0.0	0.0	0.0	0.0	0.0	0.0	0.0	0.0	0.0	0.0	0.0	0.0	0.0	0.0	0.0	0.0	0.0	0.0	0.0	0.0	0.0	0.0	0.0	0.0	0.0	0.0	0.0	0.0	0.0	0.0	0.0	0.0	0.0	0.0	0.0	0.0
338_TASK04_CON65_13.0_posneg	posneg	13.0	0.0	0.0	0.0	0.0	0.0	0.0	0.0	0.0	0.0	0.0	0.0	0.0	0.0	0.0	0.0	0.0	0.0	0.0	0.0	0.0	0.0	0.0	0.0	0.0	0.0	0.0	0.0	0.0	0.0	0.0	0.0	0.0	0.0	0.0	0.0	0.0	0.0	0.0	0.0	0.0	0.0	0.0	0.0	0.0	0.0	0.0	0.0
338_TASK04_CON65_13.0_pos	pos	13.0	0.0	0.0	0.0	0.0	0.0	0.0	0.0	0.0	0.0	0.0	0.0	0.0	0.0	0.0	0.0	0.0	0.0	0.0	0.0	0.0	0.0	0.0	0.0	0.0	0.0	0.0	0.0	0.0	0.0	0.0	0.0	0.0	0.0	0.0	0.0	0.0	0.0	0.0	0.0	0.0	0.0	0.0	0.0	0.0	0.0	0.0	0.0
338_TASK04_CON66_0.0_posneg	posneg	0.0	228191.0	228191.0	228191.0	228191.0	228191.0	228191.0	228191.0	228191.0	228191.0	228191.0	228191.0	228191.0	228191.0	228191.0	228191.0	228191.0	228191.0	228191.0	228191.0	228191.0	228191.0	228191.0	228191.0	228191.0	228191.0	228191.0	228191.0	228191.0	228191.0	228191.0	228191.0	228191.0	228191.0	228191.0	228191.0	228191.0	228191.0	228191.0	228191.0	228191.0	228191.0	228191.0	228191.0	228191.0	228191.0	228191.0	228191.0
338_TASK04_CON66_0.0_pos	pos	0.0	131961.0	131961.0	131961.0	131961.0	131961.0	131961.0	131961.0	131961.0	131961.0	131961.0	131961.0	131961.0	131961.0	131961.0	131961.0	131961.0	131961.0	131961.0	131961.0	131961.0	131961.0	131961.0	131961.0	131961.0	131961.0	131961.0	131961.0	131961.0	131961.0	131961.0	131961.0	131961.0	131961.0	131961.0	131961.0	131961.0	131961.0	131961.0	131961.0	131961.0	131961.0	131961.0	131961.0	131961.0	131961.0	131961.0	131961.0
338_TASK04_CON66_1.0_posneg	posneg	1.0	135161.0	135161.0	135161.0	135161.0	135161.0	135161.0	135161.0	135161.0	135161.0	135161.0	135161.0	135161.0	135161.0	135161.0	135161.0	135161.0	135161.0	135161.0	135161.0	135161.0	135161.0	135161.0	135161.0	135161.0	135161.0	135161.0	135161.0	135161.0	135161.0	135161.0	135161.0	135161.0	135161.0	135161.0	135161.0	135161.0	135161.0	135161.0	135161.0	135161.0	135161.0	135161.0	135161.0	135161.0	135161.0	135161.0	135161.0
338_TASK04_CON66_1.0_pos	pos	1.0	82589.0	82589.0	82589.0	82589.0	82589.0	82589.0	82589.0	82589.0	82589.0	82589.0	82589.0	82589.0	82589.0	82589.0	82589.0	82589.0	82589.0	82589.0	82589.0	82589.0	82589.0	82589.0	82589.0	82589.0	82589.0	82589.0	82589.0	82589.0	82589.0	82589.0	82589.0	82589.0	82589.0	82589.0	82589.0	82589.0	82589.0	82589.0	82589.0	82589.0	82589.0	82589.0	82589.0	82589.0	82589.0	82589.0	82589.0
338_TASK04_CON66_2.0_posneg	posneg	2.0	67320.0	67320.0	67320.0	67320.0	67320.0	67320.0	67320.0	67320.0	67320.0	67320.0	67320.0	67320.0	67320.0	67320.0	67320.0	67320.0	67320.0	67320.0	67320.0	67320.0	67320.0	67320.0	67320.0	67320.0	67320.0	67320.0	67320.0	67320.0	67320.0	67320.0	67320.0	67320.0	67320.0	67320.0	67320.0	67320.0	67320.0	67320.0	67320.0	67320.0	67320.0	67320.0	67320.0	67320.0	67320.0	67320.0	67320.0
338_TASK04_CON66_2.0_pos	pos	2.0	43224.0	43224.0	43224.0	43224.0	43224.0	43224.0	43224.0	43224.0	43224.0	43224.0	43224.0	43224.0	43224.0	43224.0	43224.0	43224.0	43224.0	43224.0	43224.0	43224.0	43224.0	43224.0	43224.0	43224.0	43224.0	43224.0	43224.0	43224.0	43224.0	43224.0	43224.0	43224.0	43224.0	43224.0	43224.0	43224.0	43224.0	43224.0	43224.0	43224.0	43224.0	43224.0	43224.0	43224.0	43224.0	43224.0	43224.0
338_TASK04_CON66_3.0_posneg	posneg	3.0	29838.0	29838.0	29838.0	29838.0	29838.0	29838.0	29838.0	29838.0	29838.0	29838.0	29838.0	29838.0	29838.0	29838.0	29838.0	29838.0	29838.0	29838.0	29838.0	29838.0	29838.0	29838.0	29838.0	29838.0	29838.0	29838.0	29838.0	29838.0	29838.0	29838.0	29838.0	29838.0	29838.0	29838.0	29838.0	29838.0	29838.0	29838.0	29838.0	29838.0	29838.0	29838.0	29838.0	29838.0	29838.0	29838.0	29838.0
338_TASK04_CON66_3.0_pos	pos	3.0	20379.0	20379.0	20379.0	20379.0	20379.0	20379.0	20379.0	20379.0	20379.0	20379.0	20379.0	20379.0	20379.0	20379.0	20379.0	20379.0	20379.0	20379.0	20379.0	20379.0	20379.0	20379.0	20379.0	20379.0	20379.0	20379.0	20379.0	20379.0	20379.0	20379.0	20379.0	20379.0	20379.0	20379.0	20379.0	20379.0	20379.0	20379.0	20379.0	20379.0	20379.0	20379.0	20379.0	20379.0	20379.0	20379.0	20379.0
338_TASK04_CON66_4.0_posneg	posneg	4.0	12703.0	12703.0	12703.0	12703.0	12703.0	12703.0	12703.0	12703.0	12703.0	12703.0	12703.0	12703.0	12703.0	12703.0	12703.0	12703.0	12703.0	12703.0	12703.0	12703.0	12703.0	12703.0	12703.0	12703.0	12703.0	12703.0	12703.0	12703.0	12703.0	12703.0	12703.0	12703.0	12703.0	12703.0	12703.0	12703.0	12703.0	12703.0	12703.0	12703.0	12703.0	12703.0	12703.0	12703.0	12703.0	12703.0	12703.0
338_TASK04_CON66_4.0_pos	pos	4.0	9917.0	9917.0	9917.0	9917.0	9917.0	9917.0	9917.0	9917.0	9917.0	9917.0	9917.0	9917.0	9917.0	9917.0	9917.0	9917.0	9917.0	9917.0	9917.0	9917.0	9917.0	9917.0	9917.0	9917.0	9917.0	9917.0	9917.0	9917.0	9917.0	9917.0	9917.0	9917.0	9917.0	9917.0	9917.0	9917.0	9917.0	9917.0	9917.0	9917.0	9917.0	9917.0	9917.0	9917.0	9917.0	9917.0	9917.0
338_TASK04_CON66_5.0_posneg	posneg	5.0	6046.0	6046.0	6046.0	6046.0	6046.0	6046.0	6046.0	6046.0	6046.0	6046.0	6046.0	6046.0	6046.0	6046.0	6046.0	6046.0	6046.0	6046.0	6046.0	6046.0	6046.0	6046.0	6046.0	6046.0	6046.0	6046.0	6046.0	6046.0	6046.0	6046.0	6046.0	6046.0	6046.0	6046.0	6046.0	6046.0	6046.0	6046.0	6046.0	6046.0	6046.0	6046.0	6046.0	6046.0	6046.0	6046.0	6046.0
338_TASK04_CON66_5.0_pos	pos	5.0	5257.0	5257.0	5257.0	5257.0	5257.0	5257.0	5257.0	5257.0	5257.0	5257.0	5257.0	5257.0	5257.0	5257.0	5257.0	5257.0	5257.0	5257.0	5257.0	5257.0	5257.0	5257.0	5257.0	5257.0	5257.0	5257.0	5257.0	5257.0	5257.0	5257.0	5257.0	5257.0	5257.0	5257.0	5257.0	5257.0	5257.0	5257.0	5257.0	5257.0	5257.0	5257.0	5257.0	5257.0	5257.0	5257.0	5257.0
338_TASK04_CON66_6.0_posneg	posneg	6.0	2892.0	2892.0	2892.0	2892.0	2892.0	2892.0	2892.0	2892.0	2892.0	2892.0	2892.0	2892.0	2892.0	2892.0	2892.0	2892.0	2892.0	2892.0	2892.0	2892.0	2892.0	2892.0	2892.0	2892.0	2892.0	2892.0	2892.0	2892.0	2892.0	2892.0	2892.0	2892.0	2892.0	2892.0	2892.0	2892.0	2892.0	2892.0	2892.0	2892.0	2892.0	2892.0	2892.0	2892.0	2892.0	2892.0	2892.0
338_TASK04_CON66_6.0_pos	pos	6.0	2670.0	2670.0	2670.0	2670.0	2670.0	2670.0	2670.0	2670.0	2670.0	2670.0	2670.0	2670.0	2670.0	2670.0	2670.0	2670.0	2670.0	2670.0	2670.0	2670.0	2670.0	2670.0	2670.0	2670.0	2670.0	2670.0	2670.0	2670.0	2670.0	2670.0	2670.0	2670.0	2670.0	2670.0	2670.0	2670.0	2670.0	2670.0	2670.0	2670.0	2670.0	2670.0	2670.0	2670.0	2670.0	2670.0	2670.0
338_TASK04_CON66_7.0_posneg	posneg	7.0	1007.0	1007.0	1007.0	1007.0	1007.0	1007.0	1007.0	1007.0	1007.0	1007.0	1007.0	1007.0	1007.0	1007.0	1007.0	1007.0	1007.0	1007.0	1007.0	1007.0	1007.0	1007.0	1007.0	1007.0	1007.0	1007.0	1007.0	1007.0	1007.0	1007.0	1007.0	1007.0	1007.0	1007.0	1007.0	1007.0	1007.0	1007.0	1007.0	1007.0	1007.0	1007.0	1007.0	1007.0	1007.0	1007.0	1007.0
338_TASK04_CON66_7.0_pos	pos	7.0	966.0	966.0	966.0	966.0	966.0	966.0	966.0	966.0	966.0	966.0	966.0	966.0	966.0	966.0	966.0	966.0	966.0	966.0	966.0	966.0	966.0	966.0	966.0	966.0	966.0	966.0	966.0	966.0	966.0	966.0	966.0	966.0	966.0	966.0	966.0	966.0	966.0	966.0	966.0	966.0	966.0	966.0	966.0	966.0	966.0	966.0	966.0
338_TASK04_CON66_8.0_posneg	posneg	8.0	194.0	194.0	194.0	194.0	194.0	194.0	194.0	194.0	194.0	194.0	194.0	194.0	194.0	194.0	194.0	194.0	194.0	194.0	194.0	194.0	194.0	194.0	194.0	194.0	194.0	194.0	194.0	194.0	194.0	194.0	194.0	194.0	194.0	194.0	194.0	194.0	194.0	194.0	194.0	194.0	194.0	194.0	194.0	194.0	194.0	194.0	194.0
338_TASK04_CON66_8.0_pos	pos	8.0	186.0	186.0	186.0	186.0	186.0	186.0	186.0	186.0	186.0	186.0	186.0	186.0	186.0	186.0	186.0	186.0	186.0	186.0	186.0	186.0	186.0	186.0	186.0	186.0	186.0	186.0	186.0	186.0	186.0	186.0	186.0	186.0	186.0	186.0	186.0	186.0	186.0	186.0	186.0	186.0	186.0	186.0	186.0	186.0	186.0	186.0	186.0
338_TASK04_CON66_9.0_posneg	posneg	9.0	14.0	14.0	14.0	14.0	14.0	14.0	14.0	14.0	14.0	14.0	14.0	14.0	14.0	14.0	14.0	14.0	14.0	14.0	14.0	14.0	14.0	14.0	14.0	14.0	14.0	14.0	14.0	14.0	14.0	14.0	14.0	14.0	14.0	14.0	14.0	14.0	14.0	14.0	14.0	14.0	14.0	14.0	14.0	14.0	14.0	14.0	14.0
338_TASK04_CON66_9.0_pos	pos	9.0	14.0	14.0	14.0	14.0	14.0	14.0	14.0	14.0	14.0	14.0	14.0	14.0	14.0	14.0	14.0	14.0	14.0	14.0	14.0	14.0	14.0	14.0	14.0	14.0	14.0	14.0	14.0	14.0	14.0	14.0	14.0	14.0	14.0	14.0	14.0	14.0	14.0	14.0	14.0	14.0	14.0	14.0	14.0	14.0	14.0	14.0	14.0
338_TASK04_CON66_10.0_posneg	posneg	10.0	0.0	0.0	0.0	0.0	0.0	0.0	0.0	0.0	0.0	0.0	0.0	0.0	0.0	0.0	0.0	0.0	0.0	0.0	0.0	0.0	0.0	0.0	0.0	0.0	0.0	0.0	0.0	0.0	0.0	0.0	0.0	0.0	0.0	0.0	0.0	0.0	0.0	0.0	0.0	0.0	0.0	0.0	0.0	0.0	0.0	0.0	0.0
338_TASK04_CON66_10.0_pos	pos	10.0	0.0	0.0	0.0	0.0	0.0	0.0	0.0	0.0	0.0	0.0	0.0	0.0	0.0	0.0	0.0	0.0	0.0	0.0	0.0	0.0	0.0	0.0	0.0	0.0	0.0	0.0	0.0	0.0	0.0	0.0	0.0	0.0	0.0	0.0	0.0	0.0	0.0	0.0	0.0	0.0	0.0	0.0	0.0	0.0	0.0	0.0	0.0
338_TASK04_CON66_11.0_posneg	posneg	11.0	0.0	0.0	0.0	0.0	0.0	0.0	0.0	0.0	0.0	0.0	0.0	0.0	0.0	0.0	0.0	0.0	0.0	0.0	0.0	0.0	0.0	0.0	0.0	0.0	0.0	0.0	0.0	0.0	0.0	0.0	0.0	0.0	0.0	0.0	0.0	0.0	0.0	0.0	0.0	0.0	0.0	0.0	0.0	0.0	0.0	0.0	0.0
338_TASK04_CON66_11.0_pos	pos	11.0	0.0	0.0	0.0	0.0	0.0	0.0	0.0	0.0	0.0	0.0	0.0	0.0	0.0	0.0	0.0	0.0	0.0	0.0	0.0	0.0	0.0	0.0	0.0	0.0	0.0	0.0	0.0	0.0	0.0	0.0	0.0	0.0	0.0	0.0	0.0	0.0	0.0	0.0	0.0	0.0	0.0	0.0	0.0	0.0	0.0	0.0	0.0
338_TASK04_CON66_12.0_posneg	posneg	12.0	0.0	0.0	0.0	0.0	0.0	0.0	0.0	0.0	0.0	0.0	0.0	0.0	0.0	0.0	0.0	0.0	0.0	0.0	0.0	0.0	0.0	0.0	0.0	0.0	0.0	0.0	0.0	0.0	0.0	0.0	0.0	0.0	0.0	0.0	0.0	0.0	0.0	0.0	0.0	0.0	0.0	0.0	0.0	0.0	0.0	0.0	0.0
338_TASK04_CON66_12.0_pos	pos	12.0	0.0	0.0	0.0	0.0	0.0	0.0	0.0	0.0	0.0	0.0	0.0	0.0	0.0	0.0	0.0	0.0	0.0	0.0	0.0	0.0	0.0	0.0	0.0	0.0	0.0	0.0	0.0	0.0	0.0	0.0	0.0	0.0	0.0	0.0	0.0	0.0	0.0	0.0	0.0	0.0	0.0	0.0	0.0	0.0	0.0	0.0	0.0
338_TASK04_CON66_13.0_posneg	posneg	13.0	0.0	0.0	0.0	0.0	0.0	0.0	0.0	0.0	0.0	0.0	0.0	0.0	0.0	0.0	0.0	0.0	0.0	0.0	0.0	0.0	0.0	0.0	0.0	0.0	0.0	0.0	0.0	0.0	0.0	0.0	0.0	0.0	0.0	0.0	0.0	0.0	0.0	0.0	0.0	0.0	0.0	0.0	0.0	0.0	0.0	0.0	0.0
338_TASK04_CON66_13.0_pos	pos	13.0	0.0	0.0	0.0	0.0	0.0	0.0	0.0	0.0	0.0	0.0	0.0	0.0	0.0	0.0	0.0	0.0	0.0	0.0	0.0	0.0	0.0	0.0	0.0	0.0	0.0	0.0	0.0	0.0	0.0	0.0	0.0	0.0	0.0	0.0	0.0	0.0	0.0	0.0	0.0	0.0	0.0	0.0	0.0	0.0	0.0	0.0	0.0
338_TASK04_CON67_0.0_posneg	posneg	0.0	228191.0	228191.0	228191.0	228191.0	228191.0	228191.0	228191.0	228191.0	228191.0	228191.0	228191.0	228191.0	228191.0	228191.0	228191.0	228191.0	228191.0	228191.0	228191.0	228191.0	228191.0	228191.0	228191.0	228191.0	228191.0	228191.0	228191.0	228191.0	228191.0	228191.0	228191.0	228191.0	228191.0	228191.0	228191.0	228191.0	228191.0	228191.0	228191.0	228191.0	228191.0	228191.0	228191.0	228191.0	228191.0	228191.0	228191.0
338_TASK04_CON67_0.0_pos	pos	0.0	154268.0	154268.0	154268.0	154268.0	154268.0	154268.0	154268.0	154268.0	154268.0	154268.0	154268.0	154268.0	154268.0	154268.0	154268.0	154268.0	154268.0	154268.0	154268.0	154268.0	154268.0	154268.0	154268.0	154268.0	154268.0	154268.0	154268.0	154268.0	154268.0	154268.0	154268.0	154268.0	154268.0	154268.0	154268.0	154268.0	154268.0	154268.0	154268.0	154268.0	154268.0	154268.0	154268.0	154268.0	154268.0	154268.0	154268.0
338_TASK04_CON67_1.0_posneg	posneg	1.0	147673.0	147673.0	147673.0	147673.0	147673.0	147673.0	147673.0	147673.0	147673.0	147673.0	147673.0	147673.0	147673.0	147673.0	147673.0	147673.0	147673.0	147673.0	147673.0	147673.0	147673.0	147673.0	147673.0	147673.0	147673.0	147673.0	147673.0	147673.0	147673.0	147673.0	147673.0	147673.0	147673.0	147673.0	147673.0	147673.0	147673.0	147673.0	147673.0	147673.0	147673.0	147673.0	147673.0	147673.0	147673.0	147673.0	147673.0
338_TASK04_CON67_1.0_pos	pos	1.0	108797.0	108797.0	108797.0	108797.0	108797.0	108797.0	108797.0	108797.0	108797.0	108797.0	108797.0	108797.0	108797.0	108797.0	108797.0	108797.0	108797.0	108797.0	108797.0	108797.0	108797.0	108797.0	108797.0	108797.0	108797.0	108797.0	108797.0	108797.0	108797.0	108797.0	108797.0	108797.0	108797.0	108797.0	108797.0	108797.0	108797.0	108797.0	108797.0	108797.0	108797.0	108797.0	108797.0	108797.0	108797.0	108797.0	108797.0
338_TASK04_CON67_2.0_posneg	posneg	2.0	82467.0	82467.0	82467.0	82467.0	82467.0	82467.0	82467.0	82467.0	82467.0	82467.0	82467.0	82467.0	82467.0	82467.0	82467.0	82467.0	82467.0	82467.0	82467.0	82467.0	82467.0	82467.0	82467.0	82467.0	82467.0	82467.0	82467.0	82467.0	82467.0	82467.0	82467.0	82467.0	82467.0	82467.0	82467.0	82467.0	82467.0	82467.0	82467.0	82467.0	82467.0	82467.0	82467.0	82467.0	82467.0	82467.0	82467.0
338_TASK04_CON67_2.0_pos	pos	2.0	64741.0	64741.0	64741.0	64741.0	64741.0	64741.0	64741.0	64741.0	64741.0	64741.0	64741.0	64741.0	64741.0	64741.0	64741.0	64741.0	64741.0	64741.0	64741.0	64741.0	64741.0	64741.0	64741.0	64741.0	64741.0	64741.0	64741.0	64741.0	64741.0	64741.0	64741.0	64741.0	64741.0	64741.0	64741.0	64741.0	64741.0	64741.0	64741.0	64741.0	64741.0	64741.0	64741.0	64741.0	64741.0	64741.0	64741.0
338_TASK04_CON67_3.0_posneg	posneg	3.0	41852.0	41852.0	41852.0	41852.0	41852.0	41852.0	41852.0	41852.0	41852.0	41852.0	41852.0	41852.0	41852.0	41852.0	41852.0	41852.0	41852.0	41852.0	41852.0	41852.0	41852.0	41852.0	41852.0	41852.0	41852.0	41852.0	41852.0	41852.0	41852.0	41852.0	41852.0	41852.0	41852.0	41852.0	41852.0	41852.0	41852.0	41852.0	41852.0	41852.0	41852.0	41852.0	41852.0	41852.0	41852.0	41852.0	41852.0
338_TASK04_CON67_3.0_pos	pos	3.0	34698.0	34698.0	34698.0	34698.0	34698.0	34698.0	34698.0	34698.0	34698.0	34698.0	34698.0	34698.0	34698.0	34698.0	34698.0	34698.0	34698.0	34698.0	34698.0	34698.0	34698.0	34698.0	34698.0	34698.0	34698.0	34698.0	34698.0	34698.0	34698.0	34698.0	34698.0	34698.0	34698.0	34698.0	34698.0	34698.0	34698.0	34698.0	34698.0	34698.0	34698.0	34698.0	34698.0	34698.0	34698.0	34698.0	34698.0
338_TASK04_CON67_4.0_posneg	posneg	4.0	18728.0	18728.0	18728.0	18728.0	18728.0	18728.0	18728.0	18728.0	18728.0	18728.0	18728.0	18728.0	18728.0	18728.0	18728.0	18728.0	18728.0	18728.0	18728.0	18728.0	18728.0	18728.0	18728.0	18728.0	18728.0	18728.0	18728.0	18728.0	18728.0	18728.0	18728.0	18728.0	18728.0	18728.0	18728.0	18728.0	18728.0	18728.0	18728.0	18728.0	18728.0	18728.0	18728.0	18728.0	18728.0	18728.0	18728.0
338_TASK04_CON67_4.0_pos	pos	4.0	16487.0	16487.0	16487.0	16487.0	16487.0	16487.0	16487.0	16487.0	16487.0	16487.0	16487.0	16487.0	16487.0	16487.0	16487.0	16487.0	16487.0	16487.0	16487.0	16487.0	16487.0	16487.0	16487.0	16487.0	16487.0	16487.0	16487.0	16487.0	16487.0	16487.0	16487.0	16487.0	16487.0	16487.0	16487.0	16487.0	16487.0	16487.0	16487.0	16487.0	16487.0	16487.0	16487.0	16487.0	16487.0	16487.0	16487.0
338_TASK04_CON67_5.0_posneg	posneg	5.0	7116.0	7116.0	7116.0	7116.0	7116.0	7116.0	7116.0	7116.0	7116.0	7116.0	7116.0	7116.0	7116.0	7116.0	7116.0	7116.0	7116.0	7116.0	7116.0	7116.0	7116.0	7116.0	7116.0	7116.0	7116.0	7116.0	7116.0	7116.0	7116.0	7116.0	7116.0	7116.0	7116.0	7116.0	7116.0	7116.0	7116.0	7116.0	7116.0	7116.0	7116.0	7116.0	7116.0	7116.0	7116.0	7116.0	7116.0
338_TASK04_CON67_5.0_pos	pos	5.0	6386.0	6386.0	6386.0	6386.0	6386.0	6386.0	6386.0	6386.0	6386.0	6386.0	6386.0	6386.0	6386.0	6386.0	6386.0	6386.0	6386.0	6386.0	6386.0	6386.0	6386.0	6386.0	6386.0	6386.0	6386.0	6386.0	6386.0	6386.0	6386.0	6386.0	6386.0	6386.0	6386.0	6386.0	6386.0	6386.0	6386.0	6386.0	6386.0	6386.0	6386.0	6386.0	6386.0	6386.0	6386.0	6386.0	6386.0
338_TASK04_CON67_6.0_posneg	posneg	6.0	1778.0	1778.0	1778.0	1778.0	1778.0	1778.0	1778.0	1778.0	1778.0	1778.0	1778.0	1778.0	1778.0	1778.0	1778.0	1778.0	1778.0	1778.0	1778.0	1778.0	1778.0	1778.0	1778.0	1778.0	1778.0	1778.0	1778.0	1778.0	1778.0	1778.0	1778.0	1778.0	1778.0	1778.0	1778.0	1778.0	1778.0	1778.0	1778.0	1778.0	1778.0	1778.0	1778.0	1778.0	1778.0	1778.0	1778.0
338_TASK04_CON67_6.0_pos	pos	6.0	1520.0	1520.0	1520.0	1520.0	1520.0	1520.0	1520.0	1520.0	1520.0	1520.0	1520.0	1520.0	1520.0	1520.0	1520.0	1520.0	1520.0	1520.0	1520.0	1520.0	1520.0	1520.0	1520.0	1520.0	1520.0	1520.0	1520.0	1520.0	1520.0	1520.0	1520.0	1520.0	1520.0	1520.0	1520.0	1520.0	1520.0	1520.0	1520.0	1520.0	1520.0	1520.0	1520.0	1520.0	1520.0	1520.0	1520.0
338_TASK04_CON67_7.0_posneg	posneg	7.0	175.0	175.0	175.0	175.0	175.0	175.0	175.0	175.0	175.0	175.0	175.0	175.0	175.0	175.0	175.0	175.0	175.0	175.0	175.0	175.0	175.0	175.0	175.0	175.0	175.0	175.0	175.0	175.0	175.0	175.0	175.0	175.0	175.0	175.0	175.0	175.0	175.0	175.0	175.0	175.0	175.0	175.0	175.0	175.0	175.0	175.0	175.0
338_TASK04_CON67_7.0_pos	pos	7.0	139.0	139.0	139.0	139.0	139.0	139.0	139.0	139.0	139.0	139.0	139.0	139.0	139.0	139.0	139.0	139.0	139.0	139.0	139.0	139.0	139.0	139.0	139.0	139.0	139.0	139.0	139.0	139.0	139.0	139.0	139.0	139.0	139.0	139.0	139.0	139.0	139.0	139.0	139.0	139.0	139.0	139.0	139.0	139.0	139.0	139.0	139.0
338_TASK04_CON67_8.0_posneg	posneg	8.0	2.0	2.0	2.0	2.0	2.0	2.0	2.0	2.0	2.0	2.0	2.0	2.0	2.0	2.0	2.0	2.0	2.0	2.0	2.0	2.0	2.0	2.0	2.0	2.0	2.0	2.0	2.0	2.0	2.0	2.0	2.0	2.0	2.0	2.0	2.0	2.0	2.0	2.0	2.0	2.0	2.0	2.0	2.0	2.0	2.0	2.0	2.0
338_TASK04_CON67_8.0_pos	pos	8.0	0.0	0.0	0.0	0.0	0.0	0.0	0.0	0.0	0.0	0.0	0.0	0.0	0.0	0.0	0.0	0.0	0.0	0.0	0.0	0.0	0.0	0.0	0.0	0.0	0.0	0.0	0.0	0.0	0.0	0.0	0.0	0.0	0.0	0.0	0.0	0.0	0.0	0.0	0.0	0.0	0.0	0.0	0.0	0.0	0.0	0.0	0.0
338_TASK04_CON67_9.0_posneg	posneg	9.0	0.0	0.0	0.0	0.0	0.0	0.0	0.0	0.0	0.0	0.0	0.0	0.0	0.0	0.0	0.0	0.0	0.0	0.0	0.0	0.0	0.0	0.0	0.0	0.0	0.0	0.0	0.0	0.0	0.0	0.0	0.0	0.0	0.0	0.0	0.0	0.0	0.0	0.0	0.0	0.0	0.0	0.0	0.0	0.0	0.0	0.0	0.0
338_TASK04_CON67_9.0_pos	pos	9.0	0.0	0.0	0.0	0.0	0.0	0.0	0.0	0.0	0.0	0.0	0.0	0.0	0.0	0.0	0.0	0.0	0.0	0.0	0.0	0.0	0.0	0.0	0.0	0.0	0.0	0.0	0.0	0.0	0.0	0.0	0.0	0.0	0.0	0.0	0.0	0.0	0.0	0.0	0.0	0.0	0.0	0.0	0.0	0.0	0.0	0.0	0.0
338_TASK04_CON67_10.0_posneg	posneg	10.0	0.0	0.0	0.0	0.0	0.0	0.0	0.0	0.0	0.0	0.0	0.0	0.0	0.0	0.0	0.0	0.0	0.0	0.0	0.0	0.0	0.0	0.0	0.0	0.0	0.0	0.0	0.0	0.0	0.0	0.0	0.0	0.0	0.0	0.0	0.0	0.0	0.0	0.0	0.0	0.0	0.0	0.0	0.0	0.0	0.0	0.0	0.0
338_TASK04_CON67_10.0_pos	pos	10.0	0.0	0.0	0.0	0.0	0.0	0.0	0.0	0.0	0.0	0.0	0.0	0.0	0.0	0.0	0.0	0.0	0.0	0.0	0.0	0.0	0.0	0.0	0.0	0.0	0.0	0.0	0.0	0.0	0.0	0.0	0.0	0.0	0.0	0.0	0.0	0.0	0.0	0.0	0.0	0.0	0.0	0.0	0.0	0.0	0.0	0.0	0.0
338_TASK04_CON67_11.0_posneg	posneg	11.0	0.0	0.0	0.0	0.0	0.0	0.0	0.0	0.0	0.0	0.0	0.0	0.0	0.0	0.0	0.0	0.0	0.0	0.0	0.0	0.0	0.0	0.0	0.0	0.0	0.0	0.0	0.0	0.0	0.0	0.0	0.0	0.0	0.0	0.0	0.0	0.0	0.0	0.0	0.0	0.0	0.0	0.0	0.0	0.0	0.0	0.0	0.0
338_TASK04_CON67_11.0_pos	pos	11.0	0.0	0.0	0.0	0.0	0.0	0.0	0.0	0.0	0.0	0.0	0.0	0.0	0.0	0.0	0.0	0.0	0.0	0.0	0.0	0.0	0.0	0.0	0.0	0.0	0.0	0.0	0.0	0.0	0.0	0.0	0.0	0.0	0.0	0.0	0.0	0.0	0.0	0.0	0.0	0.0	0.0	0.0	0.0	0.0	0.0	0.0	0.0
338_TASK04_CON67_12.0_posneg	posneg	12.0	0.0	0.0	0.0	0.0	0.0	0.0	0.0	0.0	0.0	0.0	0.0	0.0	0.0	0.0	0.0	0.0	0.0	0.0	0.0	0.0	0.0	0.0	0.0	0.0	0.0	0.0	0.0	0.0	0.0	0.0	0.0	0.0	0.0	0.0	0.0	0.0	0.0	0.0	0.0	0.0	0.0	0.0	0.0	0.0	0.0	0.0	0.0
338_TASK04_CON67_12.0_pos	pos	12.0	0.0	0.0	0.0	0.0	0.0	0.0	0.0	0.0	0.0	0.0	0.0	0.0	0.0	0.0	0.0	0.0	0.0	0.0	0.0	0.0	0.0	0.0	0.0	0.0	0.0	0.0	0.0	0.0	0.0	0.0	0.0	0.0	0.0	0.0	0.0	0.0	0.0	0.0	0.0	0.0	0.0	0.0	0.0	0.0	0.0	0.0	0.0
338_TASK04_CON67_13.0_posneg	posneg	13.0	0.0	0.0	0.0	0.0	0.0	0.0	0.0	0.0	0.0	0.0	0.0	0.0	0.0	0.0	0.0	0.0	0.0	0.0	0.0	0.0	0.0	0.0	0.0	0.0	0.0	0.0	0.0	0.0	0.0	0.0	0.0	0.0	0.0	0.0	0.0	0.0	0.0	0.0	0.0	0.0	0.0	0.0	0.0	0.0	0.0	0.0	0.0
338_TASK04_CON67_13.0_pos	pos	13.0	0.0	0.0	0.0	0.0	0.0	0.0	0.0	0.0	0.0	0.0	0.0	0.0	0.0	0.0	0.0	0.0	0.0	0.0	0.0	0.0	0.0	0.0	0.0	0.0	0.0	0.0	0.0	0.0	0.0	0.0	0.0	0.0	0.0	0.0	0.0	0.0	0.0	0.0	0.0	0.0	0.0	0.0	0.0	0.0	0.0	0.0	0.0
338_TASK04_CON68_0.0_posneg	posneg	0.0	228191.0	228191.0	228191.0	228191.0	228191.0	228191.0	228191.0	228191.0	228191.0	228191.0	228191.0	228191.0	228191.0	228191.0	228191.0	228191.0	228191.0	228191.0	228191.0	228191.0	228191.0	228191.0	228191.0	228191.0	228191.0	228191.0	228191.0	228191.0	228191.0	228191.0	228191.0	228191.0	228191.0	228191.0	228191.0	228191.0	228191.0	228191.0	228191.0	228191.0	228191.0	228191.0	228191.0	228191.0	228191.0	228191.0	228191.0
338_TASK04_CON68_0.0_pos	pos	0.0	182311.0	182311.0	182311.0	182311.0	182311.0	182311.0	182311.0	182311.0	182311.0	182311.0	182311.0	182311.0	182311.0	182311.0	182311.0	182311.0	182311.0	182311.0	182311.0	182311.0	182311.0	182311.0	182311.0	182311.0	182311.0	182311.0	182311.0	182311.0	182311.0	182311.0	182311.0	182311.0	182311.0	182311.0	182311.0	182311.0	182311.0	182311.0	182311.0	182311.0	182311.0	182311.0	182311.0	182311.0	182311.0	182311.0	182311.0
338_TASK04_CON68_1.0_posneg	posneg	1.0	181980.0	181980.0	181980.0	181980.0	181980.0	181980.0	181980.0	181980.0	181980.0	181980.0	181980.0	181980.0	181980.0	181980.0	181980.0	181980.0	181980.0	181980.0	181980.0	181980.0	181980.0	181980.0	181980.0	181980.0	181980.0	181980.0	181980.0	181980.0	181980.0	181980.0	181980.0	181980.0	181980.0	181980.0	181980.0	181980.0	181980.0	181980.0	181980.0	181980.0	181980.0	181980.0	181980.0	181980.0	181980.0	181980.0	181980.0
338_TASK04_CON68_1.0_pos	pos	1.0	155601.0	155601.0	155601.0	155601.0	155601.0	155601.0	155601.0	155601.0	155601.0	155601.0	155601.0	155601.0	155601.0	155601.0	155601.0	155601.0	155601.0	155601.0	155601.0	155601.0	155601.0	155601.0	155601.0	155601.0	155601.0	155601.0	155601.0	155601.0	155601.0	155601.0	155601.0	155601.0	155601.0	155601.0	155601.0	155601.0	155601.0	155601.0	155601.0	155601.0	155601.0	155601.0	155601.0	155601.0	155601.0	155601.0	155601.0
338_TASK04_CON68_2.0_posneg	posneg	2.0	139655.0	139655.0	139655.0	139655.0	139655.0	139655.0	139655.0	139655.0	139655.0	139655.0	139655.0	139655.0	139655.0	139655.0	139655.0	139655.0	139655.0	139655.0	139655.0	139655.0	139655.0	139655.0	139655.0	139655.0	139655.0	139655.0	139655.0	139655.0	139655.0	139655.0	139655.0	139655.0	139655.0	139655.0	139655.0	139655.0	139655.0	139655.0	139655.0	139655.0	139655.0	139655.0	139655.0	139655.0	139655.0	139655.0	139655.0
338_TASK04_CON68_2.0_pos	pos	2.0	126007.0	126007.0	126007.0	126007.0	126007.0	126007.0	126007.0	126007.0	126007.0	126007.0	126007.0	126007.0	126007.0	126007.0	126007.0	126007.0	126007.0	126007.0	126007.0	126007.0	126007.0	126007.0	126007.0	126007.0	126007.0	126007.0	126007.0	126007.0	126007.0	126007.0	126007.0	126007.0	126007.0	126007.0	126007.0	126007.0	126007.0	126007.0	126007.0	126007.0	126007.0	126007.0	126007.0	126007.0	126007.0	126007.0	126007.0
338_TASK04_CON68_3.0_posneg	posneg	3.0	103121.0	103121.0	103121.0	103121.0	103121.0	103121.0	103121.0	103121.0	103121.0	103121.0	103121.0	103121.0	103121.0	103121.0	103121.0	103121.0	103121.0	103121.0	103121.0	103121.0	103121.0	103121.0	103121.0	103121.0	103121.0	103121.0	103121.0	103121.0	103121.0	103121.0	103121.0	103121.0	103121.0	103121.0	103121.0	103121.0	103121.0	103121.0	103121.0	103121.0	103121.0	103121.0	103121.0	103121.0	103121.0	103121.0	103121.0
338_TASK04_CON68_3.0_pos	pos	3.0	96965.0	96965.0	96965.0	96965.0	96965.0	96965.0	96965.0	96965.0	96965.0	96965.0	96965.0	96965.0	96965.0	96965.0	96965.0	96965.0	96965.0	96965.0	96965.0	96965.0	96965.0	96965.0	96965.0	96965.0	96965.0	96965.0	96965.0	96965.0	96965.0	96965.0	96965.0	96965.0	96965.0	96965.0	96965.0	96965.0	96965.0	96965.0	96965.0	96965.0	96965.0	96965.0	96965.0	96965.0	96965.0	96965.0	96965.0
338_TASK04_CON68_4.0_posneg	posneg	4.0	70227.0	70227.0	70227.0	70227.0	70227.0	70227.0	70227.0	70227.0	70227.0	70227.0	70227.0	70227.0	70227.0	70227.0	70227.0	70227.0	70227.0	70227.0	70227.0	70227.0	70227.0	70227.0	70227.0	70227.0	70227.0	70227.0	70227.0	70227.0	70227.0	70227.0	70227.0	70227.0	70227.0	70227.0	70227.0	70227.0	70227.0	70227.0	70227.0	70227.0	70227.0	70227.0	70227.0	70227.0	70227.0	70227.0	70227.0
338_TASK04_CON68_4.0_pos	pos	4.0	68228.0	68228.0	68228.0	68228.0	68228.0	68228.0	68228.0	68228.0	68228.0	68228.0	68228.0	68228.0	68228.0	68228.0	68228.0	68228.0	68228.0	68228.0	68228.0	68228.0	68228.0	68228.0	68228.0	68228.0	68228.0	68228.0	68228.0	68228.0	68228.0	68228.0	68228.0	68228.0	68228.0	68228.0	68228.0	68228.0	68228.0	68228.0	68228.0	68228.0	68228.0	68228.0	68228.0	68228.0	68228.0	68228.0	68228.0
338_TASK04_CON68_5.0_posneg	posneg	5.0	40156.0	40156.0	40156.0	40156.0	40156.0	40156.0	40156.0	40156.0	40156.0	40156.0	40156.0	40156.0	40156.0	40156.0	40156.0	40156.0	40156.0	40156.0	40156.0	40156.0	40156.0	40156.0	40156.0	40156.0	40156.0	40156.0	40156.0	40156.0	40156.0	40156.0	40156.0	40156.0	40156.0	40156.0	40156.0	40156.0	40156.0	40156.0	40156.0	40156.0	40156.0	40156.0	40156.0	40156.0	40156.0	40156.0	40156.0
338_TASK04_CON68_5.0_pos	pos	5.0	39789.0	39789.0	39789.0	39789.0	39789.0	39789.0	39789.0	39789.0	39789.0	39789.0	39789.0	39789.0	39789.0	39789.0	39789.0	39789.0	39789.0	39789.0	39789.0	39789.0	39789.0	39789.0	39789.0	39789.0	39789.0	39789.0	39789.0	39789.0	39789.0	39789.0	39789.0	39789.0	39789.0	39789.0	39789.0	39789.0	39789.0	39789.0	39789.0	39789.0	39789.0	39789.0	39789.0	39789.0	39789.0	39789.0	39789.0
338_TASK04_CON68_6.0_posneg	posneg	6.0	16605.0	16605.0	16605.0	16605.0	16605.0	16605.0	16605.0	16605.0	16605.0	16605.0	16605.0	16605.0	16605.0	16605.0	16605.0	16605.0	16605.0	16605.0	16605.0	16605.0	16605.0	16605.0	16605.0	16605.0	16605.0	16605.0	16605.0	16605.0	16605.0	16605.0	16605.0	16605.0	16605.0	16605.0	16605.0	16605.0	16605.0	16605.0	16605.0	16605.0	16605.0	16605.0	16605.0	16605.0	16605.0	16605.0	16605.0
338_TASK04_CON68_6.0_pos	pos	6.0	16593.0	16593.0	16593.0	16593.0	16593.0	16593.0	16593.0	16593.0	16593.0	16593.0	16593.0	16593.0	16593.0	16593.0	16593.0	16593.0	16593.0	16593.0	16593.0	16593.0	16593.0	16593.0	16593.0	16593.0	16593.0	16593.0	16593.0	16593.0	16593.0	16593.0	16593.0	16593.0	16593.0	16593.0	16593.0	16593.0	16593.0	16593.0	16593.0	16593.0	16593.0	16593.0	16593.0	16593.0	16593.0	16593.0	16593.0
338_TASK04_CON68_7.0_posneg	posneg	7.0	3926.0	3926.0	3926.0	3926.0	3926.0	3926.0	3926.0	3926.0	3926.0	3926.0	3926.0	3926.0	3926.0	3926.0	3926.0	3926.0	3926.0	3926.0	3926.0	3926.0	3926.0	3926.0	3926.0	3926.0	3926.0	3926.0	3926.0	3926.0	3926.0	3926.0	3926.0	3926.0	3926.0	3926.0	3926.0	3926.0	3926.0	3926.0	3926.0	3926.0	3926.0	3926.0	3926.0	3926.0	3926.0	3926.0	3926.0
338_TASK04_CON68_7.0_pos	pos	7.0	3926.0	3926.0	3926.0	3926.0	3926.0	3926.0	3926.0	3926.0	3926.0	3926.0	3926.0	3926.0	3926.0	3926.0	3926.0	3926.0	3926.0	3926.0	3926.0	3926.0	3926.0	3926.0	3926.0	3926.0	3926.0	3926.0	3926.0	3926.0	3926.0	3926.0	3926.0	3926.0	3926.0	3926.0	3926.0	3926.0	3926.0	3926.0	3926.0	3926.0	3926.0	3926.0	3926.0	3926.0	3926.0	3926.0	3926.0
338_TASK04_CON68_8.0_posneg	posneg	8.0	315.0	315.0	315.0	315.0	315.0	315.0	315.0	315.0	315.0	315.0	315.0	315.0	315.0	315.0	315.0	315.0	315.0	315.0	315.0	315.0	315.0	315.0	315.0	315.0	315.0	315.0	315.0	315.0	315.0	315.0	315.0	315.0	315.0	315.0	315.0	315.0	315.0	315.0	315.0	315.0	315.0	315.0	315.0	315.0	315.0	315.0	315.0
338_TASK04_CON68_8.0_pos	pos	8.0	315.0	315.0	315.0	315.0	315.0	315.0	315.0	315.0	315.0	315.0	315.0	315.0	315.0	315.0	315.0	315.0	315.0	315.0	315.0	315.0	315.0	315.0	315.0	315.0	315.0	315.0	315.0	315.0	315.0	315.0	315.0	315.0	315.0	315.0	315.0	315.0	315.0	315.0	315.0	315.0	315.0	315.0	315.0	315.0	315.0	315.0	315.0
338_TASK04_CON68_9.0_posneg	posneg	9.0	3.0	3.0	3.0	3.0	3.0	3.0	3.0	3.0	3.0	3.0	3.0	3.0	3.0	3.0	3.0	3.0	3.0	3.0	3.0	3.0	3.0	3.0	3.0	3.0	3.0	3.0	3.0	3.0	3.0	3.0	3.0	3.0	3.0	3.0	3.0	3.0	3.0	3.0	3.0	3.0	3.0	3.0	3.0	3.0	3.0	3.0	3.0
338_TASK04_CON68_9.0_pos	pos	9.0	3.0	3.0	3.0	3.0	3.0	3.0	3.0	3.0	3.0	3.0	3.0	3.0	3.0	3.0	3.0	3.0	3.0	3.0	3.0	3.0	3.0	3.0	3.0	3.0	3.0	3.0	3.0	3.0	3.0	3.0	3.0	3.0	3.0	3.0	3.0	3.0	3.0	3.0	3.0	3.0	3.0	3.0	3.0	3.0	3.0	3.0	3.0
338_TASK04_CON68_10.0_posneg	posneg	10.0	0.0	0.0	0.0	0.0	0.0	0.0	0.0	0.0	0.0	0.0	0.0	0.0	0.0	0.0	0.0	0.0	0.0	0.0	0.0	0.0	0.0	0.0	0.0	0.0	0.0	0.0	0.0	0.0	0.0	0.0	0.0	0.0	0.0	0.0	0.0	0.0	0.0	0.0	0.0	0.0	0.0	0.0	0.0	0.0	0.0	0.0	0.0
338_TASK04_CON68_10.0_pos	pos	10.0	0.0	0.0	0.0	0.0	0.0	0.0	0.0	0.0	0.0	0.0	0.0	0.0	0.0	0.0	0.0	0.0	0.0	0.0	0.0	0.0	0.0	0.0	0.0	0.0	0.0	0.0	0.0	0.0	0.0	0.0	0.0	0.0	0.0	0.0	0.0	0.0	0.0	0.0	0.0	0.0	0.0	0.0	0.0	0.0	0.0	0.0	0.0
338_TASK04_CON68_11.0_posneg	posneg	11.0	0.0	0.0	0.0	0.0	0.0	0.0	0.0	0.0	0.0	0.0	0.0	0.0	0.0	0.0	0.0	0.0	0.0	0.0	0.0	0.0	0.0	0.0	0.0	0.0	0.0	0.0	0.0	0.0	0.0	0.0	0.0	0.0	0.0	0.0	0.0	0.0	0.0	0.0	0.0	0.0	0.0	0.0	0.0	0.0	0.0	0.0	0.0
338_TASK04_CON68_11.0_pos	pos	11.0	0.0	0.0	0.0	0.0	0.0	0.0	0.0	0.0	0.0	0.0	0.0	0.0	0.0	0.0	0.0	0.0	0.0	0.0	0.0	0.0	0.0	0.0	0.0	0.0	0.0	0.0	0.0	0.0	0.0	0.0	0.0	0.0	0.0	0.0	0.0	0.0	0.0	0.0	0.0	0.0	0.0	0.0	0.0	0.0	0.0	0.0	0.0
338_TASK04_CON68_12.0_posneg	posneg	12.0	0.0	0.0	0.0	0.0	0.0	0.0	0.0	0.0	0.0	0.0	0.0	0.0	0.0	0.0	0.0	0.0	0.0	0.0	0.0	0.0	0.0	0.0	0.0	0.0	0.0	0.0	0.0	0.0	0.0	0.0	0.0	0.0	0.0	0.0	0.0	0.0	0.0	0.0	0.0	0.0	0.0	0.0	0.0	0.0	0.0	0.0	0.0
338_TASK04_CON68_12.0_pos	pos	12.0	0.0	0.0	0.0	0.0	0.0	0.0	0.0	0.0	0.0	0.0	0.0	0.0	0.0	0.0	0.0	0.0	0.0	0.0	0.0	0.0	0.0	0.0	0.0	0.0	0.0	0.0	0.0	0.0	0.0	0.0	0.0	0.0	0.0	0.0	0.0	0.0	0.0	0.0	0.0	0.0	0.0	0.0	0.0	0.0	0.0	0.0	0.0
338_TASK04_CON68_13.0_posneg	posneg	13.0	0.0	0.0	0.0	0.0	0.0	0.0	0.0	0.0	0.0	0.0	0.0	0.0	0.0	0.0	0.0	0.0	0.0	0.0	0.0	0.0	0.0	0.0	0.0	0.0	0.0	0.0	0.0	0.0	0.0	0.0	0.0	0.0	0.0	0.0	0.0	0.0	0.0	0.0	0.0	0.0	0.0	0.0	0.0	0.0	0.0	0.0	0.0
338_TASK04_CON68_13.0_pos	pos	13.0	0.0	0.0	0.0	0.0	0.0	0.0	0.0	0.0	0.0	0.0	0.0	0.0	0.0	0.0	0.0	0.0	0.0	0.0	0.0	0.0	0.0	0.0	0.0	0.0	0.0	0.0	0.0	0.0	0.0	0.0	0.0	0.0	0.0	0.0	0.0	0.0	0.0	0.0	0.0	0.0	0.0	0.0	0.0	0.0	0.0	0.0	0.0
338_TASK04_CON69_0.0_posneg	posneg	0.0	228191.0	228191.0	228191.0	228191.0	228191.0	228191.0	228191.0	228191.0	228191.0	228191.0	228191.0	228191.0	228191.0	228191.0	228191.0	228191.0	228191.0	228191.0	228191.0	228191.0	228191.0	228191.0	228191.0	228191.0	228191.0	228191.0	228191.0	228191.0	228191.0	228191.0	228191.0	228191.0	228191.0	228191.0	228191.0	228191.0	228191.0	228191.0	228191.0	228191.0	228191.0	228191.0	228191.0	228191.0	228191.0	228191.0	228191.0
338_TASK04_CON69_0.0_pos	pos	0.0	156327.0	156327.0	156327.0	156327.0	156327.0	156327.0	156327.0	156327.0	156327.0	156327.0	156327.0	156327.0	156327.0	156327.0	156327.0	156327.0	156327.0	156327.0	156327.0	156327.0	156327.0	156327.0	156327.0	156327.0	156327.0	156327.0	156327.0	156327.0	156327.0	156327.0	156327.0	156327.0	156327.0	156327.0	156327.0	156327.0	156327.0	156327.0	156327.0	156327.0	156327.0	156327.0	156327.0	156327.0	156327.0	156327.0	156327.0
338_TASK04_CON69_1.0_posneg	posneg	1.0	111210.0	111210.0	111210.0	111210.0	111210.0	111210.0	111210.0	111210.0	111210.0	111210.0	111210.0	111210.0	111210.0	111210.0	111210.0	111210.0	111210.0	111210.0	111210.0	111210.0	111210.0	111210.0	111210.0	111210.0	111210.0	111210.0	111210.0	111210.0	111210.0	111210.0	111210.0	111210.0	111210.0	111210.0	111210.0	111210.0	111210.0	111210.0	111210.0	111210.0	111210.0	111210.0	111210.0	111210.0	111210.0	111210.0	111210.0
338_TASK04_CON69_1.0_pos	pos	1.0	85876.0	85876.0	85876.0	85876.0	85876.0	85876.0	85876.0	85876.0	85876.0	85876.0	85876.0	85876.0	85876.0	85876.0	85876.0	85876.0	85876.0	85876.0	85876.0	85876.0	85876.0	85876.0	85876.0	85876.0	85876.0	85876.0	85876.0	85876.0	85876.0	85876.0	85876.0	85876.0	85876.0	85876.0	85876.0	85876.0	85876.0	85876.0	85876.0	85876.0	85876.0	85876.0	85876.0	85876.0	85876.0	85876.0	85876.0
338_TASK04_CON69_2.0_posneg	posneg	2.0	42113.0	42113.0	42113.0	42113.0	42113.0	42113.0	42113.0	42113.0	42113.0	42113.0	42113.0	42113.0	42113.0	42113.0	42113.0	42113.0	42113.0	42113.0	42113.0	42113.0	42113.0	42113.0	42113.0	42113.0	42113.0	42113.0	42113.0	42113.0	42113.0	42113.0	42113.0	42113.0	42113.0	42113.0	42113.0	42113.0	42113.0	42113.0	42113.0	42113.0	42113.0	42113.0	42113.0	42113.0	42113.0	42113.0	42113.0
338_TASK04_CON69_2.0_pos	pos	2.0	33179.0	33179.0	33179.0	33179.0	33179.0	33179.0	33179.0	33179.0	33179.0	33179.0	33179.0	33179.0	33179.0	33179.0	33179.0	33179.0	33179.0	33179.0	33179.0	33179.0	33179.0	33179.0	33179.0	33179.0	33179.0	33179.0	33179.0	33179.0	33179.0	33179.0	33179.0	33179.0	33179.0	33179.0	33179.0	33179.0	33179.0	33179.0	33179.0	33179.0	33179.0	33179.0	33179.0	33179.0	33179.0	33179.0	33179.0
338_TASK04_CON69_3.0_posneg	posneg	3.0	16116.0	16116.0	16116.0	16116.0	16116.0	16116.0	16116.0	16116.0	16116.0	16116.0	16116.0	16116.0	16116.0	16116.0	16116.0	16116.0	16116.0	16116.0	16116.0	16116.0	16116.0	16116.0	16116.0	16116.0	16116.0	16116.0	16116.0	16116.0	16116.0	16116.0	16116.0	16116.0	16116.0	16116.0	16116.0	16116.0	16116.0	16116.0	16116.0	16116.0	16116.0	16116.0	16116.0	16116.0	16116.0	16116.0	16116.0
338_TASK04_CON69_3.0_pos	pos	3.0	11579.0	11579.0	11579.0	11579.0	11579.0	11579.0	11579.0	11579.0	11579.0	11579.0	11579.0	11579.0	11579.0	11579.0	11579.0	11579.0	11579.0	11579.0	11579.0	11579.0	11579.0	11579.0	11579.0	11579.0	11579.0	11579.0	11579.0	11579.0	11579.0	11579.0	11579.0	11579.0	11579.0	11579.0	11579.0	11579.0	11579.0	11579.0	11579.0	11579.0	11579.0	11579.0	11579.0	11579.0	11579.0	11579.0	11579.0
338_TASK04_CON69_4.0_posneg	posneg	4.0	7604.0	7604.0	7604.0	7604.0	7604.0	7604.0	7604.0	7604.0	7604.0	7604.0	7604.0	7604.0	7604.0	7604.0	7604.0	7604.0	7604.0	7604.0	7604.0	7604.0	7604.0	7604.0	7604.0	7604.0	7604.0	7604.0	7604.0	7604.0	7604.0	7604.0	7604.0	7604.0	7604.0	7604.0	7604.0	7604.0	7604.0	7604.0	7604.0	7604.0	7604.0	7604.0	7604.0	7604.0	7604.0	7604.0	7604.0
338_TASK04_CON69_4.0_pos	pos	4.0	5165.0	5165.0	5165.0	5165.0	5165.0	5165.0	5165.0	5165.0	5165.0	5165.0	5165.0	5165.0	5165.0	5165.0	5165.0	5165.0	5165.0	5165.0	5165.0	5165.0	5165.0	5165.0	5165.0	5165.0	5165.0	5165.0	5165.0	5165.0	5165.0	5165.0	5165.0	5165.0	5165.0	5165.0	5165.0	5165.0	5165.0	5165.0	5165.0	5165.0	5165.0	5165.0	5165.0	5165.0	5165.0	5165.0	5165.0
338_TASK04_CON69_5.0_posneg	posneg	5.0	3795.0	3795.0	3795.0	3795.0	3795.0	3795.0	3795.0	3795.0	3795.0	3795.0	3795.0	3795.0	3795.0	3795.0	3795.0	3795.0	3795.0	3795.0	3795.0	3795.0	3795.0	3795.0	3795.0	3795.0	3795.0	3795.0	3795.0	3795.0	3795.0	3795.0	3795.0	3795.0	3795.0	3795.0	3795.0	3795.0	3795.0	3795.0	3795.0	3795.0	3795.0	3795.0	3795.0	3795.0	3795.0	3795.0	3795.0
338_TASK04_CON69_5.0_pos	pos	5.0	2819.0	2819.0	2819.0	2819.0	2819.0	2819.0	2819.0	2819.0	2819.0	2819.0	2819.0	2819.0	2819.0	2819.0	2819.0	2819.0	2819.0	2819.0	2819.0	2819.0	2819.0	2819.0	2819.0	2819.0	2819.0	2819.0	2819.0	2819.0	2819.0	2819.0	2819.0	2819.0	2819.0	2819.0	2819.0	2819.0	2819.0	2819.0	2819.0	2819.0	2819.0	2819.0	2819.0	2819.0	2819.0	2819.0	2819.0
338_TASK04_CON69_6.0_posneg	posneg	6.0	1740.0	1740.0	1740.0	1740.0	1740.0	1740.0	1740.0	1740.0	1740.0	1740.0	1740.0	1740.0	1740.0	1740.0	1740.0	1740.0	1740.0	1740.0	1740.0	1740.0	1740.0	1740.0	1740.0	1740.0	1740.0	1740.0	1740.0	1740.0	1740.0	1740.0	1740.0	1740.0	1740.0	1740.0	1740.0	1740.0	1740.0	1740.0	1740.0	1740.0	1740.0	1740.0	1740.0	1740.0	1740.0	1740.0	1740.0
338_TASK04_CON69_6.0_pos	pos	6.0	1531.0	1531.0	1531.0	1531.0	1531.0	1531.0	1531.0	1531.0	1531.0	1531.0	1531.0	1531.0	1531.0	1531.0	1531.0	1531.0	1531.0	1531.0	1531.0	1531.0	1531.0	1531.0	1531.0	1531.0	1531.0	1531.0	1531.0	1531.0	1531.0	1531.0	1531.0	1531.0	1531.0	1531.0	1531.0	1531.0	1531.0	1531.0	1531.0	1531.0	1531.0	1531.0	1531.0	1531.0	1531.0	1531.0	1531.0
338_TASK04_CON69_7.0_posneg	posneg	7.0	803.0	803.0	803.0	803.0	803.0	803.0	803.0	803.0	803.0	803.0	803.0	803.0	803.0	803.0	803.0	803.0	803.0	803.0	803.0	803.0	803.0	803.0	803.0	803.0	803.0	803.0	803.0	803.0	803.0	803.0	803.0	803.0	803.0	803.0	803.0	803.0	803.0	803.0	803.0	803.0	803.0	803.0	803.0	803.0	803.0	803.0	803.0
338_TASK04_CON69_7.0_pos	pos	7.0	777.0	777.0	777.0	777.0	777.0	777.0	777.0	777.0	777.0	777.0	777.0	777.0	777.0	777.0	777.0	777.0	777.0	777.0	777.0	777.0	777.0	777.0	777.0	777.0	777.0	777.0	777.0	777.0	777.0	777.0	777.0	777.0	777.0	777.0	777.0	777.0	777.0	777.0	777.0	777.0	777.0	777.0	777.0	777.0	777.0	777.0	777.0
338_TASK04_CON69_8.0_posneg	posneg	8.0	263.0	263.0	263.0	263.0	263.0	263.0	263.0	263.0	263.0	263.0	263.0	263.0	263.0	263.0	263.0	263.0	263.0	263.0	263.0	263.0	263.0	263.0	263.0	263.0	263.0	263.0	263.0	263.0	263.0	263.0	263.0	263.0	263.0	263.0	263.0	263.0	263.0	263.0	263.0	263.0	263.0	263.0	263.0	263.0	263.0	263.0	263.0
338_TASK04_CON69_8.0_pos	pos	8.0	263.0	263.0	263.0	263.0	263.0	263.0	263.0	263.0	263.0	263.0	263.0	263.0	263.0	263.0	263.0	263.0	263.0	263.0	263.0	263.0	263.0	263.0	263.0	263.0	263.0	263.0	263.0	263.0	263.0	263.0	263.0	263.0	263.0	263.0	263.0	263.0	263.0	263.0	263.0	263.0	263.0	263.0	263.0	263.0	263.0	263.0	263.0
338_TASK04_CON69_9.0_posneg	posneg	9.0	18.0	18.0	18.0	18.0	18.0	18.0	18.0	18.0	18.0	18.0	18.0	18.0	18.0	18.0	18.0	18.0	18.0	18.0	18.0	18.0	18.0	18.0	18.0	18.0	18.0	18.0	18.0	18.0	18.0	18.0	18.0	18.0	18.0	18.0	18.0	18.0	18.0	18.0	18.0	18.0	18.0	18.0	18.0	18.0	18.0	18.0	18.0
338_TASK04_CON69_9.0_pos	pos	9.0	18.0	18.0	18.0	18.0	18.0	18.0	18.0	18.0	18.0	18.0	18.0	18.0	18.0	18.0	18.0	18.0	18.0	18.0	18.0	18.0	18.0	18.0	18.0	18.0	18.0	18.0	18.0	18.0	18.0	18.0	18.0	18.0	18.0	18.0	18.0	18.0	18.0	18.0	18.0	18.0	18.0	18.0	18.0	18.0	18.0	18.0	18.0
338_TASK04_CON69_10.0_posneg	posneg	10.0	0.0	0.0	0.0	0.0	0.0	0.0	0.0	0.0	0.0	0.0	0.0	0.0	0.0	0.0	0.0	0.0	0.0	0.0	0.0	0.0	0.0	0.0	0.0	0.0	0.0	0.0	0.0	0.0	0.0	0.0	0.0	0.0	0.0	0.0	0.0	0.0	0.0	0.0	0.0	0.0	0.0	0.0	0.0	0.0	0.0	0.0	0.0
338_TASK04_CON69_10.0_pos	pos	10.0	0.0	0.0	0.0	0.0	0.0	0.0	0.0	0.0	0.0	0.0	0.0	0.0	0.0	0.0	0.0	0.0	0.0	0.0	0.0	0.0	0.0	0.0	0.0	0.0	0.0	0.0	0.0	0.0	0.0	0.0	0.0	0.0	0.0	0.0	0.0	0.0	0.0	0.0	0.0	0.0	0.0	0.0	0.0	0.0	0.0	0.0	0.0
338_TASK04_CON69_11.0_posneg	posneg	11.0	0.0	0.0	0.0	0.0	0.0	0.0	0.0	0.0	0.0	0.0	0.0	0.0	0.0	0.0	0.0	0.0	0.0	0.0	0.0	0.0	0.0	0.0	0.0	0.0	0.0	0.0	0.0	0.0	0.0	0.0	0.0	0.0	0.0	0.0	0.0	0.0	0.0	0.0	0.0	0.0	0.0	0.0	0.0	0.0	0.0	0.0	0.0
338_TASK04_CON69_11.0_pos	pos	11.0	0.0	0.0	0.0	0.0	0.0	0.0	0.0	0.0	0.0	0.0	0.0	0.0	0.0	0.0	0.0	0.0	0.0	0.0	0.0	0.0	0.0	0.0	0.0	0.0	0.0	0.0	0.0	0.0	0.0	0.0	0.0	0.0	0.0	0.0	0.0	0.0	0.0	0.0	0.0	0.0	0.0	0.0	0.0	0.0	0.0	0.0	0.0
338_TASK04_CON69_12.0_posneg	posneg	12.0	0.0	0.0	0.0	0.0	0.0	0.0	0.0	0.0	0.0	0.0	0.0	0.0	0.0	0.0	0.0	0.0	0.0	0.0	0.0	0.0	0.0	0.0	0.0	0.0	0.0	0.0	0.0	0.0	0.0	0.0	0.0	0.0	0.0	0.0	0.0	0.0	0.0	0.0	0.0	0.0	0.0	0.0	0.0	0.0	0.0	0.0	0.0
338_TASK04_CON69_12.0_pos	pos	12.0	0.0	0.0	0.0	0.0	0.0	0.0	0.0	0.0	0.0	0.0	0.0	0.0	0.0	0.0	0.0	0.0	0.0	0.0	0.0	0.0	0.0	0.0	0.0	0.0	0.0	0.0	0.0	0.0	0.0	0.0	0.0	0.0	0.0	0.0	0.0	0.0	0.0	0.0	0.0	0.0	0.0	0.0	0.0	0.0	0.0	0.0	0.0
338_TASK04_CON69_13.0_posneg	posneg	13.0	0.0	0.0	0.0	0.0	0.0	0.0	0.0	0.0	0.0	0.0	0.0	0.0	0.0	0.0	0.0	0.0	0.0	0.0	0.0	0.0	0.0	0.0	0.0	0.0	0.0	0.0	0.0	0.0	0.0	0.0	0.0	0.0	0.0	0.0	0.0	0.0	0.0	0.0	0.0	0.0	0.0	0.0	0.0	0.0	0.0	0.0	0.0
338_TASK04_CON69_13.0_pos	pos	13.0	0.0	0.0	0.0	0.0	0.0	0.0	0.0	0.0	0.0	0.0	0.0	0.0	0.0	0.0	0.0	0.0	0.0	0.0	0.0	0.0	0.0	0.0	0.0	0.0	0.0	0.0	0.0	0.0	0.0	0.0	0.0	0.0	0.0	0.0	0.0	0.0	0.0	0.0	0.0	0.0	0.0	0.0	0.0	0.0	0.0	0.0	0.0
338_TASK04_CON70_0.0_posneg	posneg	0.0	228191.0	228191.0	228191.0	228191.0	228191.0	228191.0	228191.0	228191.0	228191.0	228191.0	228191.0	228191.0	228191.0	228191.0	228191.0	228191.0	228191.0	228191.0	228191.0	228191.0	228191.0	228191.0	228191.0	228191.0	228191.0	228191.0	228191.0	228191.0	228191.0	228191.0	228191.0	228191.0	228191.0	228191.0	228191.0	228191.0	228191.0	228191.0	228191.0	228191.0	228191.0	228191.0	228191.0	228191.0	228191.0	228191.0	228191.0
338_TASK04_CON70_0.0_pos	pos	0.0	65863.0	65863.0	65863.0	65863.0	65863.0	65863.0	65863.0	65863.0	65863.0	65863.0	65863.0	65863.0	65863.0	65863.0	65863.0	65863.0	65863.0	65863.0	65863.0	65863.0	65863.0	65863.0	65863.0	65863.0	65863.0	65863.0	65863.0	65863.0	65863.0	65863.0	65863.0	65863.0	65863.0	65863.0	65863.0	65863.0	65863.0	65863.0	65863.0	65863.0	65863.0	65863.0	65863.0	65863.0	65863.0	65863.0	65863.0
338_TASK04_CON70_1.0_posneg	posneg	1.0	132958.0	132958.0	132958.0	132958.0	132958.0	132958.0	132958.0	132958.0	132958.0	132958.0	132958.0	132958.0	132958.0	132958.0	132958.0	132958.0	132958.0	132958.0	132958.0	132958.0	132958.0	132958.0	132958.0	132958.0	132958.0	132958.0	132958.0	132958.0	132958.0	132958.0	132958.0	132958.0	132958.0	132958.0	132958.0	132958.0	132958.0	132958.0	132958.0	132958.0	132958.0	132958.0	132958.0	132958.0	132958.0	132958.0	132958.0
338_TASK04_CON70_1.0_pos	pos	1.0	27240.0	27240.0	27240.0	27240.0	27240.0	27240.0	27240.0	27240.0	27240.0	27240.0	27240.0	27240.0	27240.0	27240.0	27240.0	27240.0	27240.0	27240.0	27240.0	27240.0	27240.0	27240.0	27240.0	27240.0	27240.0	27240.0	27240.0	27240.0	27240.0	27240.0	27240.0	27240.0	27240.0	27240.0	27240.0	27240.0	27240.0	27240.0	27240.0	27240.0	27240.0	27240.0	27240.0	27240.0	27240.0	27240.0	27240.0
338_TASK04_CON70_2.0_posneg	posneg	2.0	67353.0	67353.0	67353.0	67353.0	67353.0	67353.0	67353.0	67353.0	67353.0	67353.0	67353.0	67353.0	67353.0	67353.0	67353.0	67353.0	67353.0	67353.0	67353.0	67353.0	67353.0	67353.0	67353.0	67353.0	67353.0	67353.0	67353.0	67353.0	67353.0	67353.0	67353.0	67353.0	67353.0	67353.0	67353.0	67353.0	67353.0	67353.0	67353.0	67353.0	67353.0	67353.0	67353.0	67353.0	67353.0	67353.0	67353.0
338_TASK04_CON70_2.0_pos	pos	2.0	11036.0	11036.0	11036.0	11036.0	11036.0	11036.0	11036.0	11036.0	11036.0	11036.0	11036.0	11036.0	11036.0	11036.0	11036.0	11036.0	11036.0	11036.0	11036.0	11036.0	11036.0	11036.0	11036.0	11036.0	11036.0	11036.0	11036.0	11036.0	11036.0	11036.0	11036.0	11036.0	11036.0	11036.0	11036.0	11036.0	11036.0	11036.0	11036.0	11036.0	11036.0	11036.0	11036.0	11036.0	11036.0	11036.0	11036.0
338_TASK04_CON70_3.0_posneg	posneg	3.0	32930.0	32930.0	32930.0	32930.0	32930.0	32930.0	32930.0	32930.0	32930.0	32930.0	32930.0	32930.0	32930.0	32930.0	32930.0	32930.0	32930.0	32930.0	32930.0	32930.0	32930.0	32930.0	32930.0	32930.0	32930.0	32930.0	32930.0	32930.0	32930.0	32930.0	32930.0	32930.0	32930.0	32930.0	32930.0	32930.0	32930.0	32930.0	32930.0	32930.0	32930.0	32930.0	32930.0	32930.0	32930.0	32930.0	32930.0
338_TASK04_CON70_3.0_pos	pos	3.0	5191.0	5191.0	5191.0	5191.0	5191.0	5191.0	5191.0	5191.0	5191.0	5191.0	5191.0	5191.0	5191.0	5191.0	5191.0	5191.0	5191.0	5191.0	5191.0	5191.0	5191.0	5191.0	5191.0	5191.0	5191.0	5191.0	5191.0	5191.0	5191.0	5191.0	5191.0	5191.0	5191.0	5191.0	5191.0	5191.0	5191.0	5191.0	5191.0	5191.0	5191.0	5191.0	5191.0	5191.0	5191.0	5191.0	5191.0
338_TASK04_CON70_4.0_posneg	posneg	4.0	16816.0	16816.0	16816.0	16816.0	16816.0	16816.0	16816.0	16816.0	16816.0	16816.0	16816.0	16816.0	16816.0	16816.0	16816.0	16816.0	16816.0	16816.0	16816.0	16816.0	16816.0	16816.0	16816.0	16816.0	16816.0	16816.0	16816.0	16816.0	16816.0	16816.0	16816.0	16816.0	16816.0	16816.0	16816.0	16816.0	16816.0	16816.0	16816.0	16816.0	16816.0	16816.0	16816.0	16816.0	16816.0	16816.0	16816.0
338_TASK04_CON70_4.0_pos	pos	4.0	2756.0	2756.0	2756.0	2756.0	2756.0	2756.0	2756.0	2756.0	2756.0	2756.0	2756.0	2756.0	2756.0	2756.0	2756.0	2756.0	2756.0	2756.0	2756.0	2756.0	2756.0	2756.0	2756.0	2756.0	2756.0	2756.0	2756.0	2756.0	2756.0	2756.0	2756.0	2756.0	2756.0	2756.0	2756.0	2756.0	2756.0	2756.0	2756.0	2756.0	2756.0	2756.0	2756.0	2756.0	2756.0	2756.0	2756.0
338_TASK04_CON70_5.0_posneg	posneg	5.0	8411.0	8411.0	8411.0	8411.0	8411.0	8411.0	8411.0	8411.0	8411.0	8411.0	8411.0	8411.0	8411.0	8411.0	8411.0	8411.0	8411.0	8411.0	8411.0	8411.0	8411.0	8411.0	8411.0	8411.0	8411.0	8411.0	8411.0	8411.0	8411.0	8411.0	8411.0	8411.0	8411.0	8411.0	8411.0	8411.0	8411.0	8411.0	8411.0	8411.0	8411.0	8411.0	8411.0	8411.0	8411.0	8411.0	8411.0
338_TASK04_CON70_5.0_pos	pos	5.0	1798.0	1798.0	1798.0	1798.0	1798.0	1798.0	1798.0	1798.0	1798.0	1798.0	1798.0	1798.0	1798.0	1798.0	1798.0	1798.0	1798.0	1798.0	1798.0	1798.0	1798.0	1798.0	1798.0	1798.0	1798.0	1798.0	1798.0	1798.0	1798.0	1798.0	1798.0	1798.0	1798.0	1798.0	1798.0	1798.0	1798.0	1798.0	1798.0	1798.0	1798.0	1798.0	1798.0	1798.0	1798.0	1798.0	1798.0
338_TASK04_CON70_6.0_posneg	posneg	6.0	3617.0	3617.0	3617.0	3617.0	3617.0	3617.0	3617.0	3617.0	3617.0	3617.0	3617.0	3617.0	3617.0	3617.0	3617.0	3617.0	3617.0	3617.0	3617.0	3617.0	3617.0	3617.0	3617.0	3617.0	3617.0	3617.0	3617.0	3617.0	3617.0	3617.0	3617.0	3617.0	3617.0	3617.0	3617.0	3617.0	3617.0	3617.0	3617.0	3617.0	3617.0	3617.0	3617.0	3617.0	3617.0	3617.0	3617.0
338_TASK04_CON70_6.0_pos	pos	6.0	1123.0	1123.0	1123.0	1123.0	1123.0	1123.0	1123.0	1123.0	1123.0	1123.0	1123.0	1123.0	1123.0	1123.0	1123.0	1123.0	1123.0	1123.0	1123.0	1123.0	1123.0	1123.0	1123.0	1123.0	1123.0	1123.0	1123.0	1123.0	1123.0	1123.0	1123.0	1123.0	1123.0	1123.0	1123.0	1123.0	1123.0	1123.0	1123.0	1123.0	1123.0	1123.0	1123.0	1123.0	1123.0	1123.0	1123.0
338_TASK04_CON70_7.0_posneg	posneg	7.0	1040.0	1040.0	1040.0	1040.0	1040.0	1040.0	1040.0	1040.0	1040.0	1040.0	1040.0	1040.0	1040.0	1040.0	1040.0	1040.0	1040.0	1040.0	1040.0	1040.0	1040.0	1040.0	1040.0	1040.0	1040.0	1040.0	1040.0	1040.0	1040.0	1040.0	1040.0	1040.0	1040.0	1040.0	1040.0	1040.0	1040.0	1040.0	1040.0	1040.0	1040.0	1040.0	1040.0	1040.0	1040.0	1040.0	1040.0
338_TASK04_CON70_7.0_pos	pos	7.0	486.0	486.0	486.0	486.0	486.0	486.0	486.0	486.0	486.0	486.0	486.0	486.0	486.0	486.0	486.0	486.0	486.0	486.0	486.0	486.0	486.0	486.0	486.0	486.0	486.0	486.0	486.0	486.0	486.0	486.0	486.0	486.0	486.0	486.0	486.0	486.0	486.0	486.0	486.0	486.0	486.0	486.0	486.0	486.0	486.0	486.0	486.0
338_TASK04_CON70_8.0_posneg	posneg	8.0	187.0	187.0	187.0	187.0	187.0	187.0	187.0	187.0	187.0	187.0	187.0	187.0	187.0	187.0	187.0	187.0	187.0	187.0	187.0	187.0	187.0	187.0	187.0	187.0	187.0	187.0	187.0	187.0	187.0	187.0	187.0	187.0	187.0	187.0	187.0	187.0	187.0	187.0	187.0	187.0	187.0	187.0	187.0	187.0	187.0	187.0	187.0
338_TASK04_CON70_8.0_pos	pos	8.0	145.0	145.0	145.0	145.0	145.0	145.0	145.0	145.0	145.0	145.0	145.0	145.0	145.0	145.0	145.0	145.0	145.0	145.0	145.0	145.0	145.0	145.0	145.0	145.0	145.0	145.0	145.0	145.0	145.0	145.0	145.0	145.0	145.0	145.0	145.0	145.0	145.0	145.0	145.0	145.0	145.0	145.0	145.0	145.0	145.0	145.0	145.0
338_TASK04_CON70_9.0_posneg	posneg	9.0	21.0	21.0	21.0	21.0	21.0	21.0	21.0	21.0	21.0	21.0	21.0	21.0	21.0	21.0	21.0	21.0	21.0	21.0	21.0	21.0	21.0	21.0	21.0	21.0	21.0	21.0	21.0	21.0	21.0	21.0	21.0	21.0	21.0	21.0	21.0	21.0	21.0	21.0	21.0	21.0	21.0	21.0	21.0	21.0	21.0	21.0	21.0
338_TASK04_CON70_9.0_pos	pos	9.0	21.0	21.0	21.0	21.0	21.0	21.0	21.0	21.0	21.0	21.0	21.0	21.0	21.0	21.0	21.0	21.0	21.0	21.0	21.0	21.0	21.0	21.0	21.0	21.0	21.0	21.0	21.0	21.0	21.0	21.0	21.0	21.0	21.0	21.0	21.0	21.0	21.0	21.0	21.0	21.0	21.0	21.0	21.0	21.0	21.0	21.0	21.0
338_TASK04_CON70_10.0_posneg	posneg	10.0	0.0	0.0	0.0	0.0	0.0	0.0	0.0	0.0	0.0	0.0	0.0	0.0	0.0	0.0	0.0	0.0	0.0	0.0	0.0	0.0	0.0	0.0	0.0	0.0	0.0	0.0	0.0	0.0	0.0	0.0	0.0	0.0	0.0	0.0	0.0	0.0	0.0	0.0	0.0	0.0	0.0	0.0	0.0	0.0	0.0	0.0	0.0
338_TASK04_CON70_10.0_pos	pos	10.0	0.0	0.0	0.0	0.0	0.0	0.0	0.0	0.0	0.0	0.0	0.0	0.0	0.0	0.0	0.0	0.0	0.0	0.0	0.0	0.0	0.0	0.0	0.0	0.0	0.0	0.0	0.0	0.0	0.0	0.0	0.0	0.0	0.0	0.0	0.0	0.0	0.0	0.0	0.0	0.0	0.0	0.0	0.0	0.0	0.0	0.0	0.0
338_TASK04_CON70_11.0_posneg	posneg	11.0	0.0	0.0	0.0	0.0	0.0	0.0	0.0	0.0	0.0	0.0	0.0	0.0	0.0	0.0	0.0	0.0	0.0	0.0	0.0	0.0	0.0	0.0	0.0	0.0	0.0	0.0	0.0	0.0	0.0	0.0	0.0	0.0	0.0	0.0	0.0	0.0	0.0	0.0	0.0	0.0	0.0	0.0	0.0	0.0	0.0	0.0	0.0
338_TASK04_CON70_11.0_pos	pos	11.0	0.0	0.0	0.0	0.0	0.0	0.0	0.0	0.0	0.0	0.0	0.0	0.0	0.0	0.0	0.0	0.0	0.0	0.0	0.0	0.0	0.0	0.0	0.0	0.0	0.0	0.0	0.0	0.0	0.0	0.0	0.0	0.0	0.0	0.0	0.0	0.0	0.0	0.0	0.0	0.0	0.0	0.0	0.0	0.0	0.0	0.0	0.0
338_TASK04_CON70_12.0_posneg	posneg	12.0	0.0	0.0	0.0	0.0	0.0	0.0	0.0	0.0	0.0	0.0	0.0	0.0	0.0	0.0	0.0	0.0	0.0	0.0	0.0	0.0	0.0	0.0	0.0	0.0	0.0	0.0	0.0	0.0	0.0	0.0	0.0	0.0	0.0	0.0	0.0	0.0	0.0	0.0	0.0	0.0	0.0	0.0	0.0	0.0	0.0	0.0	0.0
338_TASK04_CON70_12.0_pos	pos	12.0	0.0	0.0	0.0	0.0	0.0	0.0	0.0	0.0	0.0	0.0	0.0	0.0	0.0	0.0	0.0	0.0	0.0	0.0	0.0	0.0	0.0	0.0	0.0	0.0	0.0	0.0	0.0	0.0	0.0	0.0	0.0	0.0	0.0	0.0	0.0	0.0	0.0	0.0	0.0	0.0	0.0	0.0	0.0	0.0	0.0	0.0	0.0
338_TASK04_CON70_13.0_posneg	posneg	13.0	0.0	0.0	0.0	0.0	0.0	0.0	0.0	0.0	0.0	0.0	0.0	0.0	0.0	0.0	0.0	0.0	0.0	0.0	0.0	0.0	0.0	0.0	0.0	0.0	0.0	0.0	0.0	0.0	0.0	0.0	0.0	0.0	0.0	0.0	0.0	0.0	0.0	0.0	0.0	0.0	0.0	0.0	0.0	0.0	0.0	0.0	0.0
338_TASK04_CON70_13.0_pos	pos	13.0	0.0	0.0	0.0	0.0	0.0	0.0	0.0	0.0	0.0	0.0	0.0	0.0	0.0	0.0	0.0	0.0	0.0	0.0	0.0	0.0	0.0	0.0	0.0	0.0	0.0	0.0	0.0	0.0	0.0	0.0	0.0	0.0	0.0	0.0	0.0	0.0	0.0	0.0	0.0	0.0	0.0	0.0	0.0	0.0	0.0	0.0	0.0
338_TASK04_CON71_0.0_posneg	posneg	0.0	228191.0	228191.0	228191.0	228191.0	228191.0	228191.0	228191.0	228191.0	228191.0	228191.0	228191.0	228191.0	228191.0	228191.0	228191.0	228191.0	228191.0	228191.0	228191.0	228191.0	228191.0	228191.0	228191.0	228191.0	228191.0	228191.0	228191.0	228191.0	228191.0	228191.0	228191.0	228191.0	228191.0	228191.0	228191.0	228191.0	228191.0	228191.0	228191.0	228191.0	228191.0	228191.0	228191.0	228191.0	228191.0	228191.0	228191.0
338_TASK04_CON71_0.0_pos	pos	0.0	175589.0	175589.0	175589.0	175589.0	175589.0	175589.0	175589.0	175589.0	175589.0	175589.0	175589.0	175589.0	175589.0	175589.0	175589.0	175589.0	175589.0	175589.0	175589.0	175589.0	175589.0	175589.0	175589.0	175589.0	175589.0	175589.0	175589.0	175589.0	175589.0	175589.0	175589.0	175589.0	175589.0	175589.0	175589.0	175589.0	175589.0	175589.0	175589.0	175589.0	175589.0	175589.0	175589.0	175589.0	175589.0	175589.0	175589.0
338_TASK04_CON71_1.0_posneg	posneg	1.0	133205.0	133205.0	133205.0	133205.0	133205.0	133205.0	133205.0	133205.0	133205.0	133205.0	133205.0	133205.0	133205.0	133205.0	133205.0	133205.0	133205.0	133205.0	133205.0	133205.0	133205.0	133205.0	133205.0	133205.0	133205.0	133205.0	133205.0	133205.0	133205.0	133205.0	133205.0	133205.0	133205.0	133205.0	133205.0	133205.0	133205.0	133205.0	133205.0	133205.0	133205.0	133205.0	133205.0	133205.0	133205.0	133205.0	133205.0
338_TASK04_CON71_1.0_pos	pos	1.0	114675.0	114675.0	114675.0	114675.0	114675.0	114675.0	114675.0	114675.0	114675.0	114675.0	114675.0	114675.0	114675.0	114675.0	114675.0	114675.0	114675.0	114675.0	114675.0	114675.0	114675.0	114675.0	114675.0	114675.0	114675.0	114675.0	114675.0	114675.0	114675.0	114675.0	114675.0	114675.0	114675.0	114675.0	114675.0	114675.0	114675.0	114675.0	114675.0	114675.0	114675.0	114675.0	114675.0	114675.0	114675.0	114675.0	114675.0
338_TASK04_CON71_2.0_posneg	posneg	2.0	59468.0	59468.0	59468.0	59468.0	59468.0	59468.0	59468.0	59468.0	59468.0	59468.0	59468.0	59468.0	59468.0	59468.0	59468.0	59468.0	59468.0	59468.0	59468.0	59468.0	59468.0	59468.0	59468.0	59468.0	59468.0	59468.0	59468.0	59468.0	59468.0	59468.0	59468.0	59468.0	59468.0	59468.0	59468.0	59468.0	59468.0	59468.0	59468.0	59468.0	59468.0	59468.0	59468.0	59468.0	59468.0	59468.0	59468.0
338_TASK04_CON71_2.0_pos	pos	2.0	51809.0	51809.0	51809.0	51809.0	51809.0	51809.0	51809.0	51809.0	51809.0	51809.0	51809.0	51809.0	51809.0	51809.0	51809.0	51809.0	51809.0	51809.0	51809.0	51809.0	51809.0	51809.0	51809.0	51809.0	51809.0	51809.0	51809.0	51809.0	51809.0	51809.0	51809.0	51809.0	51809.0	51809.0	51809.0	51809.0	51809.0	51809.0	51809.0	51809.0	51809.0	51809.0	51809.0	51809.0	51809.0	51809.0	51809.0
338_TASK04_CON71_3.0_posneg	posneg	3.0	22065.0	22065.0	22065.0	22065.0	22065.0	22065.0	22065.0	22065.0	22065.0	22065.0	22065.0	22065.0	22065.0	22065.0	22065.0	22065.0	22065.0	22065.0	22065.0	22065.0	22065.0	22065.0	22065.0	22065.0	22065.0	22065.0	22065.0	22065.0	22065.0	22065.0	22065.0	22065.0	22065.0	22065.0	22065.0	22065.0	22065.0	22065.0	22065.0	22065.0	22065.0	22065.0	22065.0	22065.0	22065.0	22065.0	22065.0
338_TASK04_CON71_3.0_pos	pos	3.0	17883.0	17883.0	17883.0	17883.0	17883.0	17883.0	17883.0	17883.0	17883.0	17883.0	17883.0	17883.0	17883.0	17883.0	17883.0	17883.0	17883.0	17883.0	17883.0	17883.0	17883.0	17883.0	17883.0	17883.0	17883.0	17883.0	17883.0	17883.0	17883.0	17883.0	17883.0	17883.0	17883.0	17883.0	17883.0	17883.0	17883.0	17883.0	17883.0	17883.0	17883.0	17883.0	17883.0	17883.0	17883.0	17883.0	17883.0
338_TASK04_CON71_4.0_posneg	posneg	4.0	9471.0	9471.0	9471.0	9471.0	9471.0	9471.0	9471.0	9471.0	9471.0	9471.0	9471.0	9471.0	9471.0	9471.0	9471.0	9471.0	9471.0	9471.0	9471.0	9471.0	9471.0	9471.0	9471.0	9471.0	9471.0	9471.0	9471.0	9471.0	9471.0	9471.0	9471.0	9471.0	9471.0	9471.0	9471.0	9471.0	9471.0	9471.0	9471.0	9471.0	9471.0	9471.0	9471.0	9471.0	9471.0	9471.0	9471.0
338_TASK04_CON71_4.0_pos	pos	4.0	7029.0	7029.0	7029.0	7029.0	7029.0	7029.0	7029.0	7029.0	7029.0	7029.0	7029.0	7029.0	7029.0	7029.0	7029.0	7029.0	7029.0	7029.0	7029.0	7029.0	7029.0	7029.0	7029.0	7029.0	7029.0	7029.0	7029.0	7029.0	7029.0	7029.0	7029.0	7029.0	7029.0	7029.0	7029.0	7029.0	7029.0	7029.0	7029.0	7029.0	7029.0	7029.0	7029.0	7029.0	7029.0	7029.0	7029.0
338_TASK04_CON71_5.0_posneg	posneg	5.0	4637.0	4637.0	4637.0	4637.0	4637.0	4637.0	4637.0	4637.0	4637.0	4637.0	4637.0	4637.0	4637.0	4637.0	4637.0	4637.0	4637.0	4637.0	4637.0	4637.0	4637.0	4637.0	4637.0	4637.0	4637.0	4637.0	4637.0	4637.0	4637.0	4637.0	4637.0	4637.0	4637.0	4637.0	4637.0	4637.0	4637.0	4637.0	4637.0	4637.0	4637.0	4637.0	4637.0	4637.0	4637.0	4637.0	4637.0
338_TASK04_CON71_5.0_pos	pos	5.0	3297.0	3297.0	3297.0	3297.0	3297.0	3297.0	3297.0	3297.0	3297.0	3297.0	3297.0	3297.0	3297.0	3297.0	3297.0	3297.0	3297.0	3297.0	3297.0	3297.0	3297.0	3297.0	3297.0	3297.0	3297.0	3297.0	3297.0	3297.0	3297.0	3297.0	3297.0	3297.0	3297.0	3297.0	3297.0	3297.0	3297.0	3297.0	3297.0	3297.0	3297.0	3297.0	3297.0	3297.0	3297.0	3297.0	3297.0
338_TASK04_CON71_6.0_posneg	posneg	6.0	2240.0	2240.0	2240.0	2240.0	2240.0	2240.0	2240.0	2240.0	2240.0	2240.0	2240.0	2240.0	2240.0	2240.0	2240.0	2240.0	2240.0	2240.0	2240.0	2240.0	2240.0	2240.0	2240.0	2240.0	2240.0	2240.0	2240.0	2240.0	2240.0	2240.0	2240.0	2240.0	2240.0	2240.0	2240.0	2240.0	2240.0	2240.0	2240.0	2240.0	2240.0	2240.0	2240.0	2240.0	2240.0	2240.0	2240.0
338_TASK04_CON71_6.0_pos	pos	6.0	1688.0	1688.0	1688.0	1688.0	1688.0	1688.0	1688.0	1688.0	1688.0	1688.0	1688.0	1688.0	1688.0	1688.0	1688.0	1688.0	1688.0	1688.0	1688.0	1688.0	1688.0	1688.0	1688.0	1688.0	1688.0	1688.0	1688.0	1688.0	1688.0	1688.0	1688.0	1688.0	1688.0	1688.0	1688.0	1688.0	1688.0	1688.0	1688.0	1688.0	1688.0	1688.0	1688.0	1688.0	1688.0	1688.0	1688.0
338_TASK04_CON71_7.0_posneg	posneg	7.0	899.0	899.0	899.0	899.0	899.0	899.0	899.0	899.0	899.0	899.0	899.0	899.0	899.0	899.0	899.0	899.0	899.0	899.0	899.0	899.0	899.0	899.0	899.0	899.0	899.0	899.0	899.0	899.0	899.0	899.0	899.0	899.0	899.0	899.0	899.0	899.0	899.0	899.0	899.0	899.0	899.0	899.0	899.0	899.0	899.0	899.0	899.0
338_TASK04_CON71_7.0_pos	pos	7.0	815.0	815.0	815.0	815.0	815.0	815.0	815.0	815.0	815.0	815.0	815.0	815.0	815.0	815.0	815.0	815.0	815.0	815.0	815.0	815.0	815.0	815.0	815.0	815.0	815.0	815.0	815.0	815.0	815.0	815.0	815.0	815.0	815.0	815.0	815.0	815.0	815.0	815.0	815.0	815.0	815.0	815.0	815.0	815.0	815.0	815.0	815.0
338_TASK04_CON71_8.0_posneg	posneg	8.0	304.0	304.0	304.0	304.0	304.0	304.0	304.0	304.0	304.0	304.0	304.0	304.0	304.0	304.0	304.0	304.0	304.0	304.0	304.0	304.0	304.0	304.0	304.0	304.0	304.0	304.0	304.0	304.0	304.0	304.0	304.0	304.0	304.0	304.0	304.0	304.0	304.0	304.0	304.0	304.0	304.0	304.0	304.0	304.0	304.0	304.0	304.0
338_TASK04_CON71_8.0_pos	pos	8.0	296.0	296.0	296.0	296.0	296.0	296.0	296.0	296.0	296.0	296.0	296.0	296.0	296.0	296.0	296.0	296.0	296.0	296.0	296.0	296.0	296.0	296.0	296.0	296.0	296.0	296.0	296.0	296.0	296.0	296.0	296.0	296.0	296.0	296.0	296.0	296.0	296.0	296.0	296.0	296.0	296.0	296.0	296.0	296.0	296.0	296.0	296.0
338_TASK04_CON71_9.0_posneg	posneg	9.0	42.0	42.0	42.0	42.0	42.0	42.0	42.0	42.0	42.0	42.0	42.0	42.0	42.0	42.0	42.0	42.0	42.0	42.0	42.0	42.0	42.0	42.0	42.0	42.0	42.0	42.0	42.0	42.0	42.0	42.0	42.0	42.0	42.0	42.0	42.0	42.0	42.0	42.0	42.0	42.0	42.0	42.0	42.0	42.0	42.0	42.0	42.0
338_TASK04_CON71_9.0_pos	pos	9.0	42.0	42.0	42.0	42.0	42.0	42.0	42.0	42.0	42.0	42.0	42.0	42.0	42.0	42.0	42.0	42.0	42.0	42.0	42.0	42.0	42.0	42.0	42.0	42.0	42.0	42.0	42.0	42.0	42.0	42.0	42.0	42.0	42.0	42.0	42.0	42.0	42.0	42.0	42.0	42.0	42.0	42.0	42.0	42.0	42.0	42.0	42.0
338_TASK04_CON71_10.0_posneg	posneg	10.0	0.0	0.0	0.0	0.0	0.0	0.0	0.0	0.0	0.0	0.0	0.0	0.0	0.0	0.0	0.0	0.0	0.0	0.0	0.0	0.0	0.0	0.0	0.0	0.0	0.0	0.0	0.0	0.0	0.0	0.0	0.0	0.0	0.0	0.0	0.0	0.0	0.0	0.0	0.0	0.0	0.0	0.0	0.0	0.0	0.0	0.0	0.0
338_TASK04_CON71_10.0_pos	pos	10.0	0.0	0.0	0.0	0.0	0.0	0.0	0.0	0.0	0.0	0.0	0.0	0.0	0.0	0.0	0.0	0.0	0.0	0.0	0.0	0.0	0.0	0.0	0.0	0.0	0.0	0.0	0.0	0.0	0.0	0.0	0.0	0.0	0.0	0.0	0.0	0.0	0.0	0.0	0.0	0.0	0.0	0.0	0.0	0.0	0.0	0.0	0.0
338_TASK04_CON71_11.0_posneg	posneg	11.0	0.0	0.0	0.0	0.0	0.0	0.0	0.0	0.0	0.0	0.0	0.0	0.0	0.0	0.0	0.0	0.0	0.0	0.0	0.0	0.0	0.0	0.0	0.0	0.0	0.0	0.0	0.0	0.0	0.0	0.0	0.0	0.0	0.0	0.0	0.0	0.0	0.0	0.0	0.0	0.0	0.0	0.0	0.0	0.0	0.0	0.0	0.0
338_TASK04_CON71_11.0_pos	pos	11.0	0.0	0.0	0.0	0.0	0.0	0.0	0.0	0.0	0.0	0.0	0.0	0.0	0.0	0.0	0.0	0.0	0.0	0.0	0.0	0.0	0.0	0.0	0.0	0.0	0.0	0.0	0.0	0.0	0.0	0.0	0.0	0.0	0.0	0.0	0.0	0.0	0.0	0.0	0.0	0.0	0.0	0.0	0.0	0.0	0.0	0.0	0.0
338_TASK04_CON71_12.0_posneg	posneg	12.0	0.0	0.0	0.0	0.0	0.0	0.0	0.0	0.0	0.0	0.0	0.0	0.0	0.0	0.0	0.0	0.0	0.0	0.0	0.0	0.0	0.0	0.0	0.0	0.0	0.0	0.0	0.0	0.0	0.0	0.0	0.0	0.0	0.0	0.0	0.0	0.0	0.0	0.0	0.0	0.0	0.0	0.0	0.0	0.0	0.0	0.0	0.0
338_TASK04_CON71_12.0_pos	pos	12.0	0.0	0.0	0.0	0.0	0.0	0.0	0.0	0.0	0.0	0.0	0.0	0.0	0.0	0.0	0.0	0.0	0.0	0.0	0.0	0.0	0.0	0.0	0.0	0.0	0.0	0.0	0.0	0.0	0.0	0.0	0.0	0.0	0.0	0.0	0.0	0.0	0.0	0.0	0.0	0.0	0.0	0.0	0.0	0.0	0.0	0.0	0.0
338_TASK04_CON71_13.0_posneg	posneg	13.0	0.0	0.0	0.0	0.0	0.0	0.0	0.0	0.0	0.0	0.0	0.0	0.0	0.0	0.0	0.0	0.0	0.0	0.0	0.0	0.0	0.0	0.0	0.0	0.0	0.0	0.0	0.0	0.0	0.0	0.0	0.0	0.0	0.0	0.0	0.0	0.0	0.0	0.0	0.0	0.0	0.0	0.0	0.0	0.0	0.0	0.0	0.0
338_TASK04_CON71_13.0_pos	pos	13.0	0.0	0.0	0.0	0.0	0.0	0.0	0.0	0.0	0.0	0.0	0.0	0.0	0.0	0.0	0.0	0.0	0.0	0.0	0.0	0.0	0.0	0.0	0.0	0.0	0.0	0.0	0.0	0.0	0.0	0.0	0.0	0.0	0.0	0.0	0.0	0.0	0.0	0.0	0.0	0.0	0.0	0.0	0.0	0.0	0.0	0.0	0.0
338_TASK04_CON72_0.0_posneg	posneg	0.0	228191.0	228191.0	228191.0	228191.0	228191.0	228191.0	228191.0	228191.0	228191.0	228191.0	228191.0	228191.0	228191.0	228191.0	228191.0	228191.0	228191.0	228191.0	228191.0	228191.0	228191.0	228191.0	228191.0	228191.0	228191.0	228191.0	228191.0	228191.0	228191.0	228191.0	228191.0	228191.0	228191.0	228191.0	228191.0	228191.0	228191.0	228191.0	228191.0	228191.0	228191.0	228191.0	228191.0	228191.0	228191.0	228191.0	228191.0
338_TASK04_CON72_0.0_pos	pos	0.0	75685.0	75685.0	75685.0	75685.0	75685.0	75685.0	75685.0	75685.0	75685.0	75685.0	75685.0	75685.0	75685.0	75685.0	75685.0	75685.0	75685.0	75685.0	75685.0	75685.0	75685.0	75685.0	75685.0	75685.0	75685.0	75685.0	75685.0	75685.0	75685.0	75685.0	75685.0	75685.0	75685.0	75685.0	75685.0	75685.0	75685.0	75685.0	75685.0	75685.0	75685.0	75685.0	75685.0	75685.0	75685.0	75685.0	75685.0
338_TASK04_CON72_1.0_posneg	posneg	1.0	122064.0	122064.0	122064.0	122064.0	122064.0	122064.0	122064.0	122064.0	122064.0	122064.0	122064.0	122064.0	122064.0	122064.0	122064.0	122064.0	122064.0	122064.0	122064.0	122064.0	122064.0	122064.0	122064.0	122064.0	122064.0	122064.0	122064.0	122064.0	122064.0	122064.0	122064.0	122064.0	122064.0	122064.0	122064.0	122064.0	122064.0	122064.0	122064.0	122064.0	122064.0	122064.0	122064.0	122064.0	122064.0	122064.0	122064.0
338_TASK04_CON72_1.0_pos	pos	1.0	31433.0	31433.0	31433.0	31433.0	31433.0	31433.0	31433.0	31433.0	31433.0	31433.0	31433.0	31433.0	31433.0	31433.0	31433.0	31433.0	31433.0	31433.0	31433.0	31433.0	31433.0	31433.0	31433.0	31433.0	31433.0	31433.0	31433.0	31433.0	31433.0	31433.0	31433.0	31433.0	31433.0	31433.0	31433.0	31433.0	31433.0	31433.0	31433.0	31433.0	31433.0	31433.0	31433.0	31433.0	31433.0	31433.0	31433.0
338_TASK04_CON72_2.0_posneg	posneg	2.0	48779.0	48779.0	48779.0	48779.0	48779.0	48779.0	48779.0	48779.0	48779.0	48779.0	48779.0	48779.0	48779.0	48779.0	48779.0	48779.0	48779.0	48779.0	48779.0	48779.0	48779.0	48779.0	48779.0	48779.0	48779.0	48779.0	48779.0	48779.0	48779.0	48779.0	48779.0	48779.0	48779.0	48779.0	48779.0	48779.0	48779.0	48779.0	48779.0	48779.0	48779.0	48779.0	48779.0	48779.0	48779.0	48779.0	48779.0
338_TASK04_CON72_2.0_pos	pos	2.0	10014.0	10014.0	10014.0	10014.0	10014.0	10014.0	10014.0	10014.0	10014.0	10014.0	10014.0	10014.0	10014.0	10014.0	10014.0	10014.0	10014.0	10014.0	10014.0	10014.0	10014.0	10014.0	10014.0	10014.0	10014.0	10014.0	10014.0	10014.0	10014.0	10014.0	10014.0	10014.0	10014.0	10014.0	10014.0	10014.0	10014.0	10014.0	10014.0	10014.0	10014.0	10014.0	10014.0	10014.0	10014.0	10014.0	10014.0
338_TASK04_CON72_3.0_posneg	posneg	3.0	19634.0	19634.0	19634.0	19634.0	19634.0	19634.0	19634.0	19634.0	19634.0	19634.0	19634.0	19634.0	19634.0	19634.0	19634.0	19634.0	19634.0	19634.0	19634.0	19634.0	19634.0	19634.0	19634.0	19634.0	19634.0	19634.0	19634.0	19634.0	19634.0	19634.0	19634.0	19634.0	19634.0	19634.0	19634.0	19634.0	19634.0	19634.0	19634.0	19634.0	19634.0	19634.0	19634.0	19634.0	19634.0	19634.0	19634.0
338_TASK04_CON72_3.0_pos	pos	3.0	3860.0	3860.0	3860.0	3860.0	3860.0	3860.0	3860.0	3860.0	3860.0	3860.0	3860.0	3860.0	3860.0	3860.0	3860.0	3860.0	3860.0	3860.0	3860.0	3860.0	3860.0	3860.0	3860.0	3860.0	3860.0	3860.0	3860.0	3860.0	3860.0	3860.0	3860.0	3860.0	3860.0	3860.0	3860.0	3860.0	3860.0	3860.0	3860.0	3860.0	3860.0	3860.0	3860.0	3860.0	3860.0	3860.0	3860.0
338_TASK04_CON72_4.0_posneg	posneg	4.0	10018.0	10018.0	10018.0	10018.0	10018.0	10018.0	10018.0	10018.0	10018.0	10018.0	10018.0	10018.0	10018.0	10018.0	10018.0	10018.0	10018.0	10018.0	10018.0	10018.0	10018.0	10018.0	10018.0	10018.0	10018.0	10018.0	10018.0	10018.0	10018.0	10018.0	10018.0	10018.0	10018.0	10018.0	10018.0	10018.0	10018.0	10018.0	10018.0	10018.0	10018.0	10018.0	10018.0	10018.0	10018.0	10018.0	10018.0
338_TASK04_CON72_4.0_pos	pos	4.0	2424.0	2424.0	2424.0	2424.0	2424.0	2424.0	2424.0	2424.0	2424.0	2424.0	2424.0	2424.0	2424.0	2424.0	2424.0	2424.0	2424.0	2424.0	2424.0	2424.0	2424.0	2424.0	2424.0	2424.0	2424.0	2424.0	2424.0	2424.0	2424.0	2424.0	2424.0	2424.0	2424.0	2424.0	2424.0	2424.0	2424.0	2424.0	2424.0	2424.0	2424.0	2424.0	2424.0	2424.0	2424.0	2424.0	2424.0
338_TASK04_CON72_5.0_posneg	posneg	5.0	5185.0	5185.0	5185.0	5185.0	5185.0	5185.0	5185.0	5185.0	5185.0	5185.0	5185.0	5185.0	5185.0	5185.0	5185.0	5185.0	5185.0	5185.0	5185.0	5185.0	5185.0	5185.0	5185.0	5185.0	5185.0	5185.0	5185.0	5185.0	5185.0	5185.0	5185.0	5185.0	5185.0	5185.0	5185.0	5185.0	5185.0	5185.0	5185.0	5185.0	5185.0	5185.0	5185.0	5185.0	5185.0	5185.0	5185.0
338_TASK04_CON72_5.0_pos	pos	5.0	1659.0	1659.0	1659.0	1659.0	1659.0	1659.0	1659.0	1659.0	1659.0	1659.0	1659.0	1659.0	1659.0	1659.0	1659.0	1659.0	1659.0	1659.0	1659.0	1659.0	1659.0	1659.0	1659.0	1659.0	1659.0	1659.0	1659.0	1659.0	1659.0	1659.0	1659.0	1659.0	1659.0	1659.0	1659.0	1659.0	1659.0	1659.0	1659.0	1659.0	1659.0	1659.0	1659.0	1659.0	1659.0	1659.0	1659.0
338_TASK04_CON72_6.0_posneg	posneg	6.0	2164.0	2164.0	2164.0	2164.0	2164.0	2164.0	2164.0	2164.0	2164.0	2164.0	2164.0	2164.0	2164.0	2164.0	2164.0	2164.0	2164.0	2164.0	2164.0	2164.0	2164.0	2164.0	2164.0	2164.0	2164.0	2164.0	2164.0	2164.0	2164.0	2164.0	2164.0	2164.0	2164.0	2164.0	2164.0	2164.0	2164.0	2164.0	2164.0	2164.0	2164.0	2164.0	2164.0	2164.0	2164.0	2164.0	2164.0
338_TASK04_CON72_6.0_pos	pos	6.0	910.0	910.0	910.0	910.0	910.0	910.0	910.0	910.0	910.0	910.0	910.0	910.0	910.0	910.0	910.0	910.0	910.0	910.0	910.0	910.0	910.0	910.0	910.0	910.0	910.0	910.0	910.0	910.0	910.0	910.0	910.0	910.0	910.0	910.0	910.0	910.0	910.0	910.0	910.0	910.0	910.0	910.0	910.0	910.0	910.0	910.0	910.0
338_TASK04_CON72_7.0_posneg	posneg	7.0	668.0	668.0	668.0	668.0	668.0	668.0	668.0	668.0	668.0	668.0	668.0	668.0	668.0	668.0	668.0	668.0	668.0	668.0	668.0	668.0	668.0	668.0	668.0	668.0	668.0	668.0	668.0	668.0	668.0	668.0	668.0	668.0	668.0	668.0	668.0	668.0	668.0	668.0	668.0	668.0	668.0	668.0	668.0	668.0	668.0	668.0	668.0
338_TASK04_CON72_7.0_pos	pos	7.0	291.0	291.0	291.0	291.0	291.0	291.0	291.0	291.0	291.0	291.0	291.0	291.0	291.0	291.0	291.0	291.0	291.0	291.0	291.0	291.0	291.0	291.0	291.0	291.0	291.0	291.0	291.0	291.0	291.0	291.0	291.0	291.0	291.0	291.0	291.0	291.0	291.0	291.0	291.0	291.0	291.0	291.0	291.0	291.0	291.0	291.0	291.0
338_TASK04_CON72_8.0_posneg	posneg	8.0	111.0	111.0	111.0	111.0	111.0	111.0	111.0	111.0	111.0	111.0	111.0	111.0	111.0	111.0	111.0	111.0	111.0	111.0	111.0	111.0	111.0	111.0	111.0	111.0	111.0	111.0	111.0	111.0	111.0	111.0	111.0	111.0	111.0	111.0	111.0	111.0	111.0	111.0	111.0	111.0	111.0	111.0	111.0	111.0	111.0	111.0	111.0
338_TASK04_CON72_8.0_pos	pos	8.0	39.0	39.0	39.0	39.0	39.0	39.0	39.0	39.0	39.0	39.0	39.0	39.0	39.0	39.0	39.0	39.0	39.0	39.0	39.0	39.0	39.0	39.0	39.0	39.0	39.0	39.0	39.0	39.0	39.0	39.0	39.0	39.0	39.0	39.0	39.0	39.0	39.0	39.0	39.0	39.0	39.0	39.0	39.0	39.0	39.0	39.0	39.0
338_TASK04_CON72_9.0_posneg	posneg	9.0	0.0	0.0	0.0	0.0	0.0	0.0	0.0	0.0	0.0	0.0	0.0	0.0	0.0	0.0	0.0	0.0	0.0	0.0	0.0	0.0	0.0	0.0	0.0	0.0	0.0	0.0	0.0	0.0	0.0	0.0	0.0	0.0	0.0	0.0	0.0	0.0	0.0	0.0	0.0	0.0	0.0	0.0	0.0	0.0	0.0	0.0	0.0
338_TASK04_CON72_9.0_pos	pos	9.0	0.0	0.0	0.0	0.0	0.0	0.0	0.0	0.0	0.0	0.0	0.0	0.0	0.0	0.0	0.0	0.0	0.0	0.0	0.0	0.0	0.0	0.0	0.0	0.0	0.0	0.0	0.0	0.0	0.0	0.0	0.0	0.0	0.0	0.0	0.0	0.0	0.0	0.0	0.0	0.0	0.0	0.0	0.0	0.0	0.0	0.0	0.0
338_TASK04_CON72_10.0_posneg	posneg	10.0	0.0	0.0	0.0	0.0	0.0	0.0	0.0	0.0	0.0	0.0	0.0	0.0	0.0	0.0	0.0	0.0	0.0	0.0	0.0	0.0	0.0	0.0	0.0	0.0	0.0	0.0	0.0	0.0	0.0	0.0	0.0	0.0	0.0	0.0	0.0	0.0	0.0	0.0	0.0	0.0	0.0	0.0	0.0	0.0	0.0	0.0	0.0
338_TASK04_CON72_10.0_pos	pos	10.0	0.0	0.0	0.0	0.0	0.0	0.0	0.0	0.0	0.0	0.0	0.0	0.0	0.0	0.0	0.0	0.0	0.0	0.0	0.0	0.0	0.0	0.0	0.0	0.0	0.0	0.0	0.0	0.0	0.0	0.0	0.0	0.0	0.0	0.0	0.0	0.0	0.0	0.0	0.0	0.0	0.0	0.0	0.0	0.0	0.0	0.0	0.0
338_TASK04_CON72_11.0_posneg	posneg	11.0	0.0	0.0	0.0	0.0	0.0	0.0	0.0	0.0	0.0	0.0	0.0	0.0	0.0	0.0	0.0	0.0	0.0	0.0	0.0	0.0	0.0	0.0	0.0	0.0	0.0	0.0	0.0	0.0	0.0	0.0	0.0	0.0	0.0	0.0	0.0	0.0	0.0	0.0	0.0	0.0	0.0	0.0	0.0	0.0	0.0	0.0	0.0
338_TASK04_CON72_11.0_pos	pos	11.0	0.0	0.0	0.0	0.0	0.0	0.0	0.0	0.0	0.0	0.0	0.0	0.0	0.0	0.0	0.0	0.0	0.0	0.0	0.0	0.0	0.0	0.0	0.0	0.0	0.0	0.0	0.0	0.0	0.0	0.0	0.0	0.0	0.0	0.0	0.0	0.0	0.0	0.0	0.0	0.0	0.0	0.0	0.0	0.0	0.0	0.0	0.0
338_TASK04_CON72_12.0_posneg	posneg	12.0	0.0	0.0	0.0	0.0	0.0	0.0	0.0	0.0	0.0	0.0	0.0	0.0	0.0	0.0	0.0	0.0	0.0	0.0	0.0	0.0	0.0	0.0	0.0	0.0	0.0	0.0	0.0	0.0	0.0	0.0	0.0	0.0	0.0	0.0	0.0	0.0	0.0	0.0	0.0	0.0	0.0	0.0	0.0	0.0	0.0	0.0	0.0
338_TASK04_CON72_12.0_pos	pos	12.0	0.0	0.0	0.0	0.0	0.0	0.0	0.0	0.0	0.0	0.0	0.0	0.0	0.0	0.0	0.0	0.0	0.0	0.0	0.0	0.0	0.0	0.0	0.0	0.0	0.0	0.0	0.0	0.0	0.0	0.0	0.0	0.0	0.0	0.0	0.0	0.0	0.0	0.0	0.0	0.0	0.0	0.0	0.0	0.0	0.0	0.0	0.0
338_TASK04_CON72_13.0_posneg	posneg	13.0	0.0	0.0	0.0	0.0	0.0	0.0	0.0	0.0	0.0	0.0	0.0	0.0	0.0	0.0	0.0	0.0	0.0	0.0	0.0	0.0	0.0	0.0	0.0	0.0	0.0	0.0	0.0	0.0	0.0	0.0	0.0	0.0	0.0	0.0	0.0	0.0	0.0	0.0	0.0	0.0	0.0	0.0	0.0	0.0	0.0	0.0	0.0
338_TASK04_CON72_13.0_pos	pos	13.0	0.0	0.0	0.0	0.0	0.0	0.0	0.0	0.0	0.0	0.0	0.0	0.0	0.0	0.0	0.0	0.0	0.0	0.0	0.0	0.0	0.0	0.0	0.0	0.0	0.0	0.0	0.0	0.0	0.0	0.0	0.0	0.0	0.0	0.0	0.0	0.0	0.0	0.0	0.0	0.0	0.0	0.0	0.0	0.0	0.0	0.0	0.0
338_TASK04_CON73_0.0_posneg	posneg	0.0	228191.0	228191.0	228191.0	228191.0	228191.0	228191.0	228191.0	228191.0	228191.0	228191.0	228191.0	228191.0	228191.0	228191.0	228191.0	228191.0	228191.0	228191.0	228191.0	228191.0	228191.0	228191.0	228191.0	228191.0	228191.0	228191.0	228191.0	228191.0	228191.0	228191.0	228191.0	228191.0	228191.0	228191.0	228191.0	228191.0	228191.0	228191.0	228191.0	228191.0	228191.0	228191.0	228191.0	228191.0	228191.0	228191.0	228191.0
338_TASK04_CON73_0.0_pos	pos	0.0	107413.0	107413.0	107413.0	107413.0	107413.0	107413.0	107413.0	107413.0	107413.0	107413.0	107413.0	107413.0	107413.0	107413.0	107413.0	107413.0	107413.0	107413.0	107413.0	107413.0	107413.0	107413.0	107413.0	107413.0	107413.0	107413.0	107413.0	107413.0	107413.0	107413.0	107413.0	107413.0	107413.0	107413.0	107413.0	107413.0	107413.0	107413.0	107413.0	107413.0	107413.0	107413.0	107413.0	107413.0	107413.0	107413.0	107413.0
338_TASK04_CON73_1.0_posneg	posneg	1.0	117550.0	117550.0	117550.0	117550.0	117550.0	117550.0	117550.0	117550.0	117550.0	117550.0	117550.0	117550.0	117550.0	117550.0	117550.0	117550.0	117550.0	117550.0	117550.0	117550.0	117550.0	117550.0	117550.0	117550.0	117550.0	117550.0	117550.0	117550.0	117550.0	117550.0	117550.0	117550.0	117550.0	117550.0	117550.0	117550.0	117550.0	117550.0	117550.0	117550.0	117550.0	117550.0	117550.0	117550.0	117550.0	117550.0	117550.0
338_TASK04_CON73_1.0_pos	pos	1.0	52539.0	52539.0	52539.0	52539.0	52539.0	52539.0	52539.0	52539.0	52539.0	52539.0	52539.0	52539.0	52539.0	52539.0	52539.0	52539.0	52539.0	52539.0	52539.0	52539.0	52539.0	52539.0	52539.0	52539.0	52539.0	52539.0	52539.0	52539.0	52539.0	52539.0	52539.0	52539.0	52539.0	52539.0	52539.0	52539.0	52539.0	52539.0	52539.0	52539.0	52539.0	52539.0	52539.0	52539.0	52539.0	52539.0	52539.0
338_TASK04_CON73_2.0_posneg	posneg	2.0	47486.0	47486.0	47486.0	47486.0	47486.0	47486.0	47486.0	47486.0	47486.0	47486.0	47486.0	47486.0	47486.0	47486.0	47486.0	47486.0	47486.0	47486.0	47486.0	47486.0	47486.0	47486.0	47486.0	47486.0	47486.0	47486.0	47486.0	47486.0	47486.0	47486.0	47486.0	47486.0	47486.0	47486.0	47486.0	47486.0	47486.0	47486.0	47486.0	47486.0	47486.0	47486.0	47486.0	47486.0	47486.0	47486.0	47486.0
338_TASK04_CON73_2.0_pos	pos	2.0	19244.0	19244.0	19244.0	19244.0	19244.0	19244.0	19244.0	19244.0	19244.0	19244.0	19244.0	19244.0	19244.0	19244.0	19244.0	19244.0	19244.0	19244.0	19244.0	19244.0	19244.0	19244.0	19244.0	19244.0	19244.0	19244.0	19244.0	19244.0	19244.0	19244.0	19244.0	19244.0	19244.0	19244.0	19244.0	19244.0	19244.0	19244.0	19244.0	19244.0	19244.0	19244.0	19244.0	19244.0	19244.0	19244.0	19244.0
338_TASK04_CON73_3.0_posneg	posneg	3.0	19282.0	19282.0	19282.0	19282.0	19282.0	19282.0	19282.0	19282.0	19282.0	19282.0	19282.0	19282.0	19282.0	19282.0	19282.0	19282.0	19282.0	19282.0	19282.0	19282.0	19282.0	19282.0	19282.0	19282.0	19282.0	19282.0	19282.0	19282.0	19282.0	19282.0	19282.0	19282.0	19282.0	19282.0	19282.0	19282.0	19282.0	19282.0	19282.0	19282.0	19282.0	19282.0	19282.0	19282.0	19282.0	19282.0	19282.0
338_TASK04_CON73_3.0_pos	pos	3.0	8375.0	8375.0	8375.0	8375.0	8375.0	8375.0	8375.0	8375.0	8375.0	8375.0	8375.0	8375.0	8375.0	8375.0	8375.0	8375.0	8375.0	8375.0	8375.0	8375.0	8375.0	8375.0	8375.0	8375.0	8375.0	8375.0	8375.0	8375.0	8375.0	8375.0	8375.0	8375.0	8375.0	8375.0	8375.0	8375.0	8375.0	8375.0	8375.0	8375.0	8375.0	8375.0	8375.0	8375.0	8375.0	8375.0	8375.0
338_TASK04_CON73_4.0_posneg	posneg	4.0	8551.0	8551.0	8551.0	8551.0	8551.0	8551.0	8551.0	8551.0	8551.0	8551.0	8551.0	8551.0	8551.0	8551.0	8551.0	8551.0	8551.0	8551.0	8551.0	8551.0	8551.0	8551.0	8551.0	8551.0	8551.0	8551.0	8551.0	8551.0	8551.0	8551.0	8551.0	8551.0	8551.0	8551.0	8551.0	8551.0	8551.0	8551.0	8551.0	8551.0	8551.0	8551.0	8551.0	8551.0	8551.0	8551.0	8551.0
338_TASK04_CON73_4.0_pos	pos	4.0	5030.0	5030.0	5030.0	5030.0	5030.0	5030.0	5030.0	5030.0	5030.0	5030.0	5030.0	5030.0	5030.0	5030.0	5030.0	5030.0	5030.0	5030.0	5030.0	5030.0	5030.0	5030.0	5030.0	5030.0	5030.0	5030.0	5030.0	5030.0	5030.0	5030.0	5030.0	5030.0	5030.0	5030.0	5030.0	5030.0	5030.0	5030.0	5030.0	5030.0	5030.0	5030.0	5030.0	5030.0	5030.0	5030.0	5030.0
338_TASK04_CON73_5.0_posneg	posneg	5.0	4119.0	4119.0	4119.0	4119.0	4119.0	4119.0	4119.0	4119.0	4119.0	4119.0	4119.0	4119.0	4119.0	4119.0	4119.0	4119.0	4119.0	4119.0	4119.0	4119.0	4119.0	4119.0	4119.0	4119.0	4119.0	4119.0	4119.0	4119.0	4119.0	4119.0	4119.0	4119.0	4119.0	4119.0	4119.0	4119.0	4119.0	4119.0	4119.0	4119.0	4119.0	4119.0	4119.0	4119.0	4119.0	4119.0	4119.0
338_TASK04_CON73_5.0_pos	pos	5.0	3314.0	3314.0	3314.0	3314.0	3314.0	3314.0	3314.0	3314.0	3314.0	3314.0	3314.0	3314.0	3314.0	3314.0	3314.0	3314.0	3314.0	3314.0	3314.0	3314.0	3314.0	3314.0	3314.0	3314.0	3314.0	3314.0	3314.0	3314.0	3314.0	3314.0	3314.0	3314.0	3314.0	3314.0	3314.0	3314.0	3314.0	3314.0	3314.0	3314.0	3314.0	3314.0	3314.0	3314.0	3314.0	3314.0	3314.0
338_TASK04_CON73_6.0_posneg	posneg	6.0	2118.0	2118.0	2118.0	2118.0	2118.0	2118.0	2118.0	2118.0	2118.0	2118.0	2118.0	2118.0	2118.0	2118.0	2118.0	2118.0	2118.0	2118.0	2118.0	2118.0	2118.0	2118.0	2118.0	2118.0	2118.0	2118.0	2118.0	2118.0	2118.0	2118.0	2118.0	2118.0	2118.0	2118.0	2118.0	2118.0	2118.0	2118.0	2118.0	2118.0	2118.0	2118.0	2118.0	2118.0	2118.0	2118.0	2118.0
338_TASK04_CON73_6.0_pos	pos	6.0	2013.0	2013.0	2013.0	2013.0	2013.0	2013.0	2013.0	2013.0	2013.0	2013.0	2013.0	2013.0	2013.0	2013.0	2013.0	2013.0	2013.0	2013.0	2013.0	2013.0	2013.0	2013.0	2013.0	2013.0	2013.0	2013.0	2013.0	2013.0	2013.0	2013.0	2013.0	2013.0	2013.0	2013.0	2013.0	2013.0	2013.0	2013.0	2013.0	2013.0	2013.0	2013.0	2013.0	2013.0	2013.0	2013.0	2013.0
338_TASK04_CON73_7.0_posneg	posneg	7.0	893.0	893.0	893.0	893.0	893.0	893.0	893.0	893.0	893.0	893.0	893.0	893.0	893.0	893.0	893.0	893.0	893.0	893.0	893.0	893.0	893.0	893.0	893.0	893.0	893.0	893.0	893.0	893.0	893.0	893.0	893.0	893.0	893.0	893.0	893.0	893.0	893.0	893.0	893.0	893.0	893.0	893.0	893.0	893.0	893.0	893.0	893.0
338_TASK04_CON73_7.0_pos	pos	7.0	893.0	893.0	893.0	893.0	893.0	893.0	893.0	893.0	893.0	893.0	893.0	893.0	893.0	893.0	893.0	893.0	893.0	893.0	893.0	893.0	893.0	893.0	893.0	893.0	893.0	893.0	893.0	893.0	893.0	893.0	893.0	893.0	893.0	893.0	893.0	893.0	893.0	893.0	893.0	893.0	893.0	893.0	893.0	893.0	893.0	893.0	893.0
338_TASK04_CON73_8.0_posneg	posneg	8.0	227.0	227.0	227.0	227.0	227.0	227.0	227.0	227.0	227.0	227.0	227.0	227.0	227.0	227.0	227.0	227.0	227.0	227.0	227.0	227.0	227.0	227.0	227.0	227.0	227.0	227.0	227.0	227.0	227.0	227.0	227.0	227.0	227.0	227.0	227.0	227.0	227.0	227.0	227.0	227.0	227.0	227.0	227.0	227.0	227.0	227.0	227.0
338_TASK04_CON73_8.0_pos	pos	8.0	227.0	227.0	227.0	227.0	227.0	227.0	227.0	227.0	227.0	227.0	227.0	227.0	227.0	227.0	227.0	227.0	227.0	227.0	227.0	227.0	227.0	227.0	227.0	227.0	227.0	227.0	227.0	227.0	227.0	227.0	227.0	227.0	227.0	227.0	227.0	227.0	227.0	227.0	227.0	227.0	227.0	227.0	227.0	227.0	227.0	227.0	227.0
338_TASK04_CON73_9.0_posneg	posneg	9.0	22.0	22.0	22.0	22.0	22.0	22.0	22.0	22.0	22.0	22.0	22.0	22.0	22.0	22.0	22.0	22.0	22.0	22.0	22.0	22.0	22.0	22.0	22.0	22.0	22.0	22.0	22.0	22.0	22.0	22.0	22.0	22.0	22.0	22.0	22.0	22.0	22.0	22.0	22.0	22.0	22.0	22.0	22.0	22.0	22.0	22.0	22.0
338_TASK04_CON73_9.0_pos	pos	9.0	22.0	22.0	22.0	22.0	22.0	22.0	22.0	22.0	22.0	22.0	22.0	22.0	22.0	22.0	22.0	22.0	22.0	22.0	22.0	22.0	22.0	22.0	22.0	22.0	22.0	22.0	22.0	22.0	22.0	22.0	22.0	22.0	22.0	22.0	22.0	22.0	22.0	22.0	22.0	22.0	22.0	22.0	22.0	22.0	22.0	22.0	22.0
338_TASK04_CON73_10.0_posneg	posneg	10.0	2.0	2.0	2.0	2.0	2.0	2.0	2.0	2.0	2.0	2.0	2.0	2.0	2.0	2.0	2.0	2.0	2.0	2.0	2.0	2.0	2.0	2.0	2.0	2.0	2.0	2.0	2.0	2.0	2.0	2.0	2.0	2.0	2.0	2.0	2.0	2.0	2.0	2.0	2.0	2.0	2.0	2.0	2.0	2.0	2.0	2.0	2.0
338_TASK04_CON73_10.0_pos	pos	10.0	2.0	2.0	2.0	2.0	2.0	2.0	2.0	2.0	2.0	2.0	2.0	2.0	2.0	2.0	2.0	2.0	2.0	2.0	2.0	2.0	2.0	2.0	2.0	2.0	2.0	2.0	2.0	2.0	2.0	2.0	2.0	2.0	2.0	2.0	2.0	2.0	2.0	2.0	2.0	2.0	2.0	2.0	2.0	2.0	2.0	2.0	2.0
338_TASK04_CON73_11.0_posneg	posneg	11.0	0.0	0.0	0.0	0.0	0.0	0.0	0.0	0.0	0.0	0.0	0.0	0.0	0.0	0.0	0.0	0.0	0.0	0.0	0.0	0.0	0.0	0.0	0.0	0.0	0.0	0.0	0.0	0.0	0.0	0.0	0.0	0.0	0.0	0.0	0.0	0.0	0.0	0.0	0.0	0.0	0.0	0.0	0.0	0.0	0.0	0.0	0.0
338_TASK04_CON73_11.0_pos	pos	11.0	0.0	0.0	0.0	0.0	0.0	0.0	0.0	0.0	0.0	0.0	0.0	0.0	0.0	0.0	0.0	0.0	0.0	0.0	0.0	0.0	0.0	0.0	0.0	0.0	0.0	0.0	0.0	0.0	0.0	0.0	0.0	0.0	0.0	0.0	0.0	0.0	0.0	0.0	0.0	0.0	0.0	0.0	0.0	0.0	0.0	0.0	0.0
338_TASK04_CON73_12.0_posneg	posneg	12.0	0.0	0.0	0.0	0.0	0.0	0.0	0.0	0.0	0.0	0.0	0.0	0.0	0.0	0.0	0.0	0.0	0.0	0.0	0.0	0.0	0.0	0.0	0.0	0.0	0.0	0.0	0.0	0.0	0.0	0.0	0.0	0.0	0.0	0.0	0.0	0.0	0.0	0.0	0.0	0.0	0.0	0.0	0.0	0.0	0.0	0.0	0.0
338_TASK04_CON73_12.0_pos	pos	12.0	0.0	0.0	0.0	0.0	0.0	0.0	0.0	0.0	0.0	0.0	0.0	0.0	0.0	0.0	0.0	0.0	0.0	0.0	0.0	0.0	0.0	0.0	0.0	0.0	0.0	0.0	0.0	0.0	0.0	0.0	0.0	0.0	0.0	0.0	0.0	0.0	0.0	0.0	0.0	0.0	0.0	0.0	0.0	0.0	0.0	0.0	0.0
338_TASK04_CON73_13.0_posneg	posneg	13.0	0.0	0.0	0.0	0.0	0.0	0.0	0.0	0.0	0.0	0.0	0.0	0.0	0.0	0.0	0.0	0.0	0.0	0.0	0.0	0.0	0.0	0.0	0.0	0.0	0.0	0.0	0.0	0.0	0.0	0.0	0.0	0.0	0.0	0.0	0.0	0.0	0.0	0.0	0.0	0.0	0.0	0.0	0.0	0.0	0.0	0.0	0.0
338_TASK04_CON73_13.0_pos	pos	13.0	0.0	0.0	0.0	0.0	0.0	0.0	0.0	0.0	0.0	0.0	0.0	0.0	0.0	0.0	0.0	0.0	0.0	0.0	0.0	0.0	0.0	0.0	0.0	0.0	0.0	0.0	0.0	0.0	0.0	0.0	0.0	0.0	0.0	0.0	0.0	0.0	0.0	0.0	0.0	0.0	0.0	0.0	0.0	0.0	0.0	0.0	0.0
338_TASK05_CON13_0.0_posneg	posneg	0.0	228191.0	228191.0	228191.0	228191.0	228191.0	228191.0	228191.0	228191.0	228191.0	228191.0	228191.0	228191.0	228191.0	228191.0	228191.0	228191.0	228191.0	228191.0	228191.0	228191.0	228191.0	228191.0	228191.0	228191.0	228191.0	228191.0	228191.0	228191.0	228191.0	228191.0	228191.0	228191.0	228191.0	228191.0	228191.0	228191.0	228191.0	228191.0	228191.0	228191.0	228191.0	228191.0	228191.0	228191.0	228191.0	228191.0	228191.0
338_TASK05_CON13_0.0_pos	pos	0.0	137516.0	137516.0	137516.0	137516.0	137516.0	137516.0	137516.0	137516.0	137516.0	137516.0	137516.0	137516.0	137516.0	137516.0	137516.0	137516.0	137516.0	137516.0	137516.0	137516.0	137516.0	137516.0	137516.0	137516.0	137516.0	137516.0	137516.0	137516.0	137516.0	137516.0	137516.0	137516.0	137516.0	137516.0	137516.0	137516.0	137516.0	137516.0	137516.0	137516.0	137516.0	137516.0	137516.0	137516.0	137516.0	137516.0	137516.0
338_TASK05_CON13_1.0_posneg	posneg	1.0	175024.0	175024.0	175024.0	175024.0	175024.0	175024.0	175024.0	175024.0	175024.0	175024.0	175024.0	175024.0	175024.0	175024.0	175024.0	175024.0	175024.0	175024.0	175024.0	175024.0	175024.0	175024.0	175024.0	175024.0	175024.0	175024.0	175024.0	175024.0	175024.0	175024.0	175024.0	175024.0	175024.0	175024.0	175024.0	175024.0	175024.0	175024.0	175024.0	175024.0	175024.0	175024.0	175024.0	175024.0	175024.0	175024.0	175024.0
338_TASK05_CON13_1.0_pos	pos	1.0	110108.0	110108.0	110108.0	110108.0	110108.0	110108.0	110108.0	110108.0	110108.0	110108.0	110108.0	110108.0	110108.0	110108.0	110108.0	110108.0	110108.0	110108.0	110108.0	110108.0	110108.0	110108.0	110108.0	110108.0	110108.0	110108.0	110108.0	110108.0	110108.0	110108.0	110108.0	110108.0	110108.0	110108.0	110108.0	110108.0	110108.0	110108.0	110108.0	110108.0	110108.0	110108.0	110108.0	110108.0	110108.0	110108.0	110108.0
338_TASK05_CON13_2.0_posneg	posneg	2.0	128285.0	128285.0	128285.0	128285.0	128285.0	128285.0	128285.0	128285.0	128285.0	128285.0	128285.0	128285.0	128285.0	128285.0	128285.0	128285.0	128285.0	128285.0	128285.0	128285.0	128285.0	128285.0	128285.0	128285.0	128285.0	128285.0	128285.0	128285.0	128285.0	128285.0	128285.0	128285.0	128285.0	128285.0	128285.0	128285.0	128285.0	128285.0	128285.0	128285.0	128285.0	128285.0	128285.0	128285.0	128285.0	128285.0	128285.0
338_TASK05_CON13_2.0_pos	pos	2.0	85541.0	85541.0	85541.0	85541.0	85541.0	85541.0	85541.0	85541.0	85541.0	85541.0	85541.0	85541.0	85541.0	85541.0	85541.0	85541.0	85541.0	85541.0	85541.0	85541.0	85541.0	85541.0	85541.0	85541.0	85541.0	85541.0	85541.0	85541.0	85541.0	85541.0	85541.0	85541.0	85541.0	85541.0	85541.0	85541.0	85541.0	85541.0	85541.0	85541.0	85541.0	85541.0	85541.0	85541.0	85541.0	85541.0	85541.0
338_TASK05_CON13_3.0_posneg	posneg	3.0	89961.0	89961.0	89961.0	89961.0	89961.0	89961.0	89961.0	89961.0	89961.0	89961.0	89961.0	89961.0	89961.0	89961.0	89961.0	89961.0	89961.0	89961.0	89961.0	89961.0	89961.0	89961.0	89961.0	89961.0	89961.0	89961.0	89961.0	89961.0	89961.0	89961.0	89961.0	89961.0	89961.0	89961.0	89961.0	89961.0	89961.0	89961.0	89961.0	89961.0	89961.0	89961.0	89961.0	89961.0	89961.0	89961.0	89961.0
338_TASK05_CON13_3.0_pos	pos	3.0	64570.0	64570.0	64570.0	64570.0	64570.0	64570.0	64570.0	64570.0	64570.0	64570.0	64570.0	64570.0	64570.0	64570.0	64570.0	64570.0	64570.0	64570.0	64570.0	64570.0	64570.0	64570.0	64570.0	64570.0	64570.0	64570.0	64570.0	64570.0	64570.0	64570.0	64570.0	64570.0	64570.0	64570.0	64570.0	64570.0	64570.0	64570.0	64570.0	64570.0	64570.0	64570.0	64570.0	64570.0	64570.0	64570.0	64570.0
338_TASK05_CON13_4.0_posneg	posneg	4.0	58524.0	58524.0	58524.0	58524.0	58524.0	58524.0	58524.0	58524.0	58524.0	58524.0	58524.0	58524.0	58524.0	58524.0	58524.0	58524.0	58524.0	58524.0	58524.0	58524.0	58524.0	58524.0	58524.0	58524.0	58524.0	58524.0	58524.0	58524.0	58524.0	58524.0	58524.0	58524.0	58524.0	58524.0	58524.0	58524.0	58524.0	58524.0	58524.0	58524.0	58524.0	58524.0	58524.0	58524.0	58524.0	58524.0	58524.0
338_TASK05_CON13_4.0_pos	pos	4.0	46197.0	46197.0	46197.0	46197.0	46197.0	46197.0	46197.0	46197.0	46197.0	46197.0	46197.0	46197.0	46197.0	46197.0	46197.0	46197.0	46197.0	46197.0	46197.0	46197.0	46197.0	46197.0	46197.0	46197.0	46197.0	46197.0	46197.0	46197.0	46197.0	46197.0	46197.0	46197.0	46197.0	46197.0	46197.0	46197.0	46197.0	46197.0	46197.0	46197.0	46197.0	46197.0	46197.0	46197.0	46197.0	46197.0	46197.0
338_TASK05_CON13_5.0_posneg	posneg	5.0	34275.0	34275.0	34275.0	34275.0	34275.0	34275.0	34275.0	34275.0	34275.0	34275.0	34275.0	34275.0	34275.0	34275.0	34275.0	34275.0	34275.0	34275.0	34275.0	34275.0	34275.0	34275.0	34275.0	34275.0	34275.0	34275.0	34275.0	34275.0	34275.0	34275.0	34275.0	34275.0	34275.0	34275.0	34275.0	34275.0	34275.0	34275.0	34275.0	34275.0	34275.0	34275.0	34275.0	34275.0	34275.0	34275.0	34275.0
338_TASK05_CON13_5.0_pos	pos	5.0	30014.0	30014.0	30014.0	30014.0	30014.0	30014.0	30014.0	30014.0	30014.0	30014.0	30014.0	30014.0	30014.0	30014.0	30014.0	30014.0	30014.0	30014.0	30014.0	30014.0	30014.0	30014.0	30014.0	30014.0	30014.0	30014.0	30014.0	30014.0	30014.0	30014.0	30014.0	30014.0	30014.0	30014.0	30014.0	30014.0	30014.0	30014.0	30014.0	30014.0	30014.0	30014.0	30014.0	30014.0	30014.0	30014.0	30014.0
338_TASK05_CON13_6.0_posneg	posneg	6.0	17360.0	17360.0	17360.0	17360.0	17360.0	17360.0	17360.0	17360.0	17360.0	17360.0	17360.0	17360.0	17360.0	17360.0	17360.0	17360.0	17360.0	17360.0	17360.0	17360.0	17360.0	17360.0	17360.0	17360.0	17360.0	17360.0	17360.0	17360.0	17360.0	17360.0	17360.0	17360.0	17360.0	17360.0	17360.0	17360.0	17360.0	17360.0	17360.0	17360.0	17360.0	17360.0	17360.0	17360.0	17360.0	17360.0	17360.0
338_TASK05_CON13_6.0_pos	pos	6.0	16500.0	16500.0	16500.0	16500.0	16500.0	16500.0	16500.0	16500.0	16500.0	16500.0	16500.0	16500.0	16500.0	16500.0	16500.0	16500.0	16500.0	16500.0	16500.0	16500.0	16500.0	16500.0	16500.0	16500.0	16500.0	16500.0	16500.0	16500.0	16500.0	16500.0	16500.0	16500.0	16500.0	16500.0	16500.0	16500.0	16500.0	16500.0	16500.0	16500.0	16500.0	16500.0	16500.0	16500.0	16500.0	16500.0	16500.0
338_TASK05_CON13_7.0_posneg	posneg	7.0	6163.0	6163.0	6163.0	6163.0	6163.0	6163.0	6163.0	6163.0	6163.0	6163.0	6163.0	6163.0	6163.0	6163.0	6163.0	6163.0	6163.0	6163.0	6163.0	6163.0	6163.0	6163.0	6163.0	6163.0	6163.0	6163.0	6163.0	6163.0	6163.0	6163.0	6163.0	6163.0	6163.0	6163.0	6163.0	6163.0	6163.0	6163.0	6163.0	6163.0	6163.0	6163.0	6163.0	6163.0	6163.0	6163.0	6163.0
338_TASK05_CON13_7.0_pos	pos	7.0	6097.0	6097.0	6097.0	6097.0	6097.0	6097.0	6097.0	6097.0	6097.0	6097.0	6097.0	6097.0	6097.0	6097.0	6097.0	6097.0	6097.0	6097.0	6097.0	6097.0	6097.0	6097.0	6097.0	6097.0	6097.0	6097.0	6097.0	6097.0	6097.0	6097.0	6097.0	6097.0	6097.0	6097.0	6097.0	6097.0	6097.0	6097.0	6097.0	6097.0	6097.0	6097.0	6097.0	6097.0	6097.0	6097.0	6097.0
338_TASK05_CON13_8.0_posneg	posneg	8.0	1040.0	1040.0	1040.0	1040.0	1040.0	1040.0	1040.0	1040.0	1040.0	1040.0	1040.0	1040.0	1040.0	1040.0	1040.0	1040.0	1040.0	1040.0	1040.0	1040.0	1040.0	1040.0	1040.0	1040.0	1040.0	1040.0	1040.0	1040.0	1040.0	1040.0	1040.0	1040.0	1040.0	1040.0	1040.0	1040.0	1040.0	1040.0	1040.0	1040.0	1040.0	1040.0	1040.0	1040.0	1040.0	1040.0	1040.0
338_TASK05_CON13_8.0_pos	pos	8.0	1038.0	1038.0	1038.0	1038.0	1038.0	1038.0	1038.0	1038.0	1038.0	1038.0	1038.0	1038.0	1038.0	1038.0	1038.0	1038.0	1038.0	1038.0	1038.0	1038.0	1038.0	1038.0	1038.0	1038.0	1038.0	1038.0	1038.0	1038.0	1038.0	1038.0	1038.0	1038.0	1038.0	1038.0	1038.0	1038.0	1038.0	1038.0	1038.0	1038.0	1038.0	1038.0	1038.0	1038.0	1038.0	1038.0	1038.0
338_TASK05_CON13_9.0_posneg	posneg	9.0	57.0	57.0	57.0	57.0	57.0	57.0	57.0	57.0	57.0	57.0	57.0	57.0	57.0	57.0	57.0	57.0	57.0	57.0	57.0	57.0	57.0	57.0	57.0	57.0	57.0	57.0	57.0	57.0	57.0	57.0	57.0	57.0	57.0	57.0	57.0	57.0	57.0	57.0	57.0	57.0	57.0	57.0	57.0	57.0	57.0	57.0	57.0
338_TASK05_CON13_9.0_pos	pos	9.0	57.0	57.0	57.0	57.0	57.0	57.0	57.0	57.0	57.0	57.0	57.0	57.0	57.0	57.0	57.0	57.0	57.0	57.0	57.0	57.0	57.0	57.0	57.0	57.0	57.0	57.0	57.0	57.0	57.0	57.0	57.0	57.0	57.0	57.0	57.0	57.0	57.0	57.0	57.0	57.0	57.0	57.0	57.0	57.0	57.0	57.0	57.0
338_TASK05_CON13_10.0_posneg	posneg	10.0	1.0	1.0	1.0	1.0	1.0	1.0	1.0	1.0	1.0	1.0	1.0	1.0	1.0	1.0	1.0	1.0	1.0	1.0	1.0	1.0	1.0	1.0	1.0	1.0	1.0	1.0	1.0	1.0	1.0	1.0	1.0	1.0	1.0	1.0	1.0	1.0	1.0	1.0	1.0	1.0	1.0	1.0	1.0	1.0	1.0	1.0	1.0
338_TASK05_CON13_10.0_pos	pos	10.0	1.0	1.0	1.0	1.0	1.0	1.0	1.0	1.0	1.0	1.0	1.0	1.0	1.0	1.0	1.0	1.0	1.0	1.0	1.0	1.0	1.0	1.0	1.0	1.0	1.0	1.0	1.0	1.0	1.0	1.0	1.0	1.0	1.0	1.0	1.0	1.0	1.0	1.0	1.0	1.0	1.0	1.0	1.0	1.0	1.0	1.0	1.0
338_TASK05_CON13_11.0_posneg	posneg	11.0	0.0	0.0	0.0	0.0	0.0	0.0	0.0	0.0	0.0	0.0	0.0	0.0	0.0	0.0	0.0	0.0	0.0	0.0	0.0	0.0	0.0	0.0	0.0	0.0	0.0	0.0	0.0	0.0	0.0	0.0	0.0	0.0	0.0	0.0	0.0	0.0	0.0	0.0	0.0	0.0	0.0	0.0	0.0	0.0	0.0	0.0	0.0
338_TASK05_CON13_11.0_pos	pos	11.0	0.0	0.0	0.0	0.0	0.0	0.0	0.0	0.0	0.0	0.0	0.0	0.0	0.0	0.0	0.0	0.0	0.0	0.0	0.0	0.0	0.0	0.0	0.0	0.0	0.0	0.0	0.0	0.0	0.0	0.0	0.0	0.0	0.0	0.0	0.0	0.0	0.0	0.0	0.0	0.0	0.0	0.0	0.0	0.0	0.0	0.0	0.0
338_TASK05_CON13_12.0_posneg	posneg	12.0	0.0	0.0	0.0	0.0	0.0	0.0	0.0	0.0	0.0	0.0	0.0	0.0	0.0	0.0	0.0	0.0	0.0	0.0	0.0	0.0	0.0	0.0	0.0	0.0	0.0	0.0	0.0	0.0	0.0	0.0	0.0	0.0	0.0	0.0	0.0	0.0	0.0	0.0	0.0	0.0	0.0	0.0	0.0	0.0	0.0	0.0	0.0
338_TASK05_CON13_12.0_pos	pos	12.0	0.0	0.0	0.0	0.0	0.0	0.0	0.0	0.0	0.0	0.0	0.0	0.0	0.0	0.0	0.0	0.0	0.0	0.0	0.0	0.0	0.0	0.0	0.0	0.0	0.0	0.0	0.0	0.0	0.0	0.0	0.0	0.0	0.0	0.0	0.0	0.0	0.0	0.0	0.0	0.0	0.0	0.0	0.0	0.0	0.0	0.0	0.0
338_TASK05_CON13_13.0_posneg	posneg	13.0	0.0	0.0	0.0	0.0	0.0	0.0	0.0	0.0	0.0	0.0	0.0	0.0	0.0	0.0	0.0	0.0	0.0	0.0	0.0	0.0	0.0	0.0	0.0	0.0	0.0	0.0	0.0	0.0	0.0	0.0	0.0	0.0	0.0	0.0	0.0	0.0	0.0	0.0	0.0	0.0	0.0	0.0	0.0	0.0	0.0	0.0	0.0
338_TASK05_CON13_13.0_pos	pos	13.0	0.0	0.0	0.0	0.0	0.0	0.0	0.0	0.0	0.0	0.0	0.0	0.0	0.0	0.0	0.0	0.0	0.0	0.0	0.0	0.0	0.0	0.0	0.0	0.0	0.0	0.0	0.0	0.0	0.0	0.0	0.0	0.0	0.0	0.0	0.0	0.0	0.0	0.0	0.0	0.0	0.0	0.0	0.0	0.0	0.0	0.0	0.0
338_TASK05_CON14_0.0_posneg	posneg	0.0	228191.0	228191.0	228191.0	228191.0	228191.0	228191.0	228191.0	228191.0	228191.0	228191.0	228191.0	228191.0	228191.0	228191.0	228191.0	228191.0	228191.0	228191.0	228191.0	228191.0	228191.0	228191.0	228191.0	228191.0	228191.0	228191.0	228191.0	228191.0	228191.0	228191.0	228191.0	228191.0	228191.0	228191.0	228191.0	228191.0	228191.0	228191.0	228191.0	228191.0	228191.0	228191.0	228191.0	228191.0	228191.0	228191.0	228191.0
338_TASK05_CON14_0.0_pos	pos	0.0	135691.0	135691.0	135691.0	135691.0	135691.0	135691.0	135691.0	135691.0	135691.0	135691.0	135691.0	135691.0	135691.0	135691.0	135691.0	135691.0	135691.0	135691.0	135691.0	135691.0	135691.0	135691.0	135691.0	135691.0	135691.0	135691.0	135691.0	135691.0	135691.0	135691.0	135691.0	135691.0	135691.0	135691.0	135691.0	135691.0	135691.0	135691.0	135691.0	135691.0	135691.0	135691.0	135691.0	135691.0	135691.0	135691.0	135691.0
338_TASK05_CON14_1.0_posneg	posneg	1.0	175070.0	175070.0	175070.0	175070.0	175070.0	175070.0	175070.0	175070.0	175070.0	175070.0	175070.0	175070.0	175070.0	175070.0	175070.0	175070.0	175070.0	175070.0	175070.0	175070.0	175070.0	175070.0	175070.0	175070.0	175070.0	175070.0	175070.0	175070.0	175070.0	175070.0	175070.0	175070.0	175070.0	175070.0	175070.0	175070.0	175070.0	175070.0	175070.0	175070.0	175070.0	175070.0	175070.0	175070.0	175070.0	175070.0	175070.0
338_TASK05_CON14_1.0_pos	pos	1.0	108063.0	108063.0	108063.0	108063.0	108063.0	108063.0	108063.0	108063.0	108063.0	108063.0	108063.0	108063.0	108063.0	108063.0	108063.0	108063.0	108063.0	108063.0	108063.0	108063.0	108063.0	108063.0	108063.0	108063.0	108063.0	108063.0	108063.0	108063.0	108063.0	108063.0	108063.0	108063.0	108063.0	108063.0	108063.0	108063.0	108063.0	108063.0	108063.0	108063.0	108063.0	108063.0	108063.0	108063.0	108063.0	108063.0	108063.0
338_TASK05_CON14_2.0_posneg	posneg	2.0	128651.0	128651.0	128651.0	128651.0	128651.0	128651.0	128651.0	128651.0	128651.0	128651.0	128651.0	128651.0	128651.0	128651.0	128651.0	128651.0	128651.0	128651.0	128651.0	128651.0	128651.0	128651.0	128651.0	128651.0	128651.0	128651.0	128651.0	128651.0	128651.0	128651.0	128651.0	128651.0	128651.0	128651.0	128651.0	128651.0	128651.0	128651.0	128651.0	128651.0	128651.0	128651.0	128651.0	128651.0	128651.0	128651.0	128651.0
338_TASK05_CON14_2.0_pos	pos	2.0	83389.0	83389.0	83389.0	83389.0	83389.0	83389.0	83389.0	83389.0	83389.0	83389.0	83389.0	83389.0	83389.0	83389.0	83389.0	83389.0	83389.0	83389.0	83389.0	83389.0	83389.0	83389.0	83389.0	83389.0	83389.0	83389.0	83389.0	83389.0	83389.0	83389.0	83389.0	83389.0	83389.0	83389.0	83389.0	83389.0	83389.0	83389.0	83389.0	83389.0	83389.0	83389.0	83389.0	83389.0	83389.0	83389.0	83389.0
338_TASK05_CON14_3.0_posneg	posneg	3.0	89546.0	89546.0	89546.0	89546.0	89546.0	89546.0	89546.0	89546.0	89546.0	89546.0	89546.0	89546.0	89546.0	89546.0	89546.0	89546.0	89546.0	89546.0	89546.0	89546.0	89546.0	89546.0	89546.0	89546.0	89546.0	89546.0	89546.0	89546.0	89546.0	89546.0	89546.0	89546.0	89546.0	89546.0	89546.0	89546.0	89546.0	89546.0	89546.0	89546.0	89546.0	89546.0	89546.0	89546.0	89546.0	89546.0	89546.0
338_TASK05_CON14_3.0_pos	pos	3.0	62626.0	62626.0	62626.0	62626.0	62626.0	62626.0	62626.0	62626.0	62626.0	62626.0	62626.0	62626.0	62626.0	62626.0	62626.0	62626.0	62626.0	62626.0	62626.0	62626.0	62626.0	62626.0	62626.0	62626.0	62626.0	62626.0	62626.0	62626.0	62626.0	62626.0	62626.0	62626.0	62626.0	62626.0	62626.0	62626.0	62626.0	62626.0	62626.0	62626.0	62626.0	62626.0	62626.0	62626.0	62626.0	62626.0	62626.0
338_TASK05_CON14_4.0_posneg	posneg	4.0	58145.0	58145.0	58145.0	58145.0	58145.0	58145.0	58145.0	58145.0	58145.0	58145.0	58145.0	58145.0	58145.0	58145.0	58145.0	58145.0	58145.0	58145.0	58145.0	58145.0	58145.0	58145.0	58145.0	58145.0	58145.0	58145.0	58145.0	58145.0	58145.0	58145.0	58145.0	58145.0	58145.0	58145.0	58145.0	58145.0	58145.0	58145.0	58145.0	58145.0	58145.0	58145.0	58145.0	58145.0	58145.0	58145.0	58145.0
338_TASK05_CON14_4.0_pos	pos	4.0	44790.0	44790.0	44790.0	44790.0	44790.0	44790.0	44790.0	44790.0	44790.0	44790.0	44790.0	44790.0	44790.0	44790.0	44790.0	44790.0	44790.0	44790.0	44790.0	44790.0	44790.0	44790.0	44790.0	44790.0	44790.0	44790.0	44790.0	44790.0	44790.0	44790.0	44790.0	44790.0	44790.0	44790.0	44790.0	44790.0	44790.0	44790.0	44790.0	44790.0	44790.0	44790.0	44790.0	44790.0	44790.0	44790.0	44790.0
338_TASK05_CON14_5.0_posneg	posneg	5.0	33886.0	33886.0	33886.0	33886.0	33886.0	33886.0	33886.0	33886.0	33886.0	33886.0	33886.0	33886.0	33886.0	33886.0	33886.0	33886.0	33886.0	33886.0	33886.0	33886.0	33886.0	33886.0	33886.0	33886.0	33886.0	33886.0	33886.0	33886.0	33886.0	33886.0	33886.0	33886.0	33886.0	33886.0	33886.0	33886.0	33886.0	33886.0	33886.0	33886.0	33886.0	33886.0	33886.0	33886.0	33886.0	33886.0	33886.0
338_TASK05_CON14_5.0_pos	pos	5.0	28813.0	28813.0	28813.0	28813.0	28813.0	28813.0	28813.0	28813.0	28813.0	28813.0	28813.0	28813.0	28813.0	28813.0	28813.0	28813.0	28813.0	28813.0	28813.0	28813.0	28813.0	28813.0	28813.0	28813.0	28813.0	28813.0	28813.0	28813.0	28813.0	28813.0	28813.0	28813.0	28813.0	28813.0	28813.0	28813.0	28813.0	28813.0	28813.0	28813.0	28813.0	28813.0	28813.0	28813.0	28813.0	28813.0	28813.0
338_TASK05_CON14_6.0_posneg	posneg	6.0	17167.0	17167.0	17167.0	17167.0	17167.0	17167.0	17167.0	17167.0	17167.0	17167.0	17167.0	17167.0	17167.0	17167.0	17167.0	17167.0	17167.0	17167.0	17167.0	17167.0	17167.0	17167.0	17167.0	17167.0	17167.0	17167.0	17167.0	17167.0	17167.0	17167.0	17167.0	17167.0	17167.0	17167.0	17167.0	17167.0	17167.0	17167.0	17167.0	17167.0	17167.0	17167.0	17167.0	17167.0	17167.0	17167.0	17167.0
338_TASK05_CON14_6.0_pos	pos	6.0	16043.0	16043.0	16043.0	16043.0	16043.0	16043.0	16043.0	16043.0	16043.0	16043.0	16043.0	16043.0	16043.0	16043.0	16043.0	16043.0	16043.0	16043.0	16043.0	16043.0	16043.0	16043.0	16043.0	16043.0	16043.0	16043.0	16043.0	16043.0	16043.0	16043.0	16043.0	16043.0	16043.0	16043.0	16043.0	16043.0	16043.0	16043.0	16043.0	16043.0	16043.0	16043.0	16043.0	16043.0	16043.0	16043.0	16043.0
338_TASK05_CON14_7.0_posneg	posneg	7.0	6306.0	6306.0	6306.0	6306.0	6306.0	6306.0	6306.0	6306.0	6306.0	6306.0	6306.0	6306.0	6306.0	6306.0	6306.0	6306.0	6306.0	6306.0	6306.0	6306.0	6306.0	6306.0	6306.0	6306.0	6306.0	6306.0	6306.0	6306.0	6306.0	6306.0	6306.0	6306.0	6306.0	6306.0	6306.0	6306.0	6306.0	6306.0	6306.0	6306.0	6306.0	6306.0	6306.0	6306.0	6306.0	6306.0	6306.0
338_TASK05_CON14_7.0_pos	pos	7.0	6170.0	6170.0	6170.0	6170.0	6170.0	6170.0	6170.0	6170.0	6170.0	6170.0	6170.0	6170.0	6170.0	6170.0	6170.0	6170.0	6170.0	6170.0	6170.0	6170.0	6170.0	6170.0	6170.0	6170.0	6170.0	6170.0	6170.0	6170.0	6170.0	6170.0	6170.0	6170.0	6170.0	6170.0	6170.0	6170.0	6170.0	6170.0	6170.0	6170.0	6170.0	6170.0	6170.0	6170.0	6170.0	6170.0	6170.0
338_TASK05_CON14_8.0_posneg	posneg	8.0	982.0	982.0	982.0	982.0	982.0	982.0	982.0	982.0	982.0	982.0	982.0	982.0	982.0	982.0	982.0	982.0	982.0	982.0	982.0	982.0	982.0	982.0	982.0	982.0	982.0	982.0	982.0	982.0	982.0	982.0	982.0	982.0	982.0	982.0	982.0	982.0	982.0	982.0	982.0	982.0	982.0	982.0	982.0	982.0	982.0	982.0	982.0
338_TASK05_CON14_8.0_pos	pos	8.0	973.0	973.0	973.0	973.0	973.0	973.0	973.0	973.0	973.0	973.0	973.0	973.0	973.0	973.0	973.0	973.0	973.0	973.0	973.0	973.0	973.0	973.0	973.0	973.0	973.0	973.0	973.0	973.0	973.0	973.0	973.0	973.0	973.0	973.0	973.0	973.0	973.0	973.0	973.0	973.0	973.0	973.0	973.0	973.0	973.0	973.0	973.0
338_TASK05_CON14_9.0_posneg	posneg	9.0	60.0	60.0	60.0	60.0	60.0	60.0	60.0	60.0	60.0	60.0	60.0	60.0	60.0	60.0	60.0	60.0	60.0	60.0	60.0	60.0	60.0	60.0	60.0	60.0	60.0	60.0	60.0	60.0	60.0	60.0	60.0	60.0	60.0	60.0	60.0	60.0	60.0	60.0	60.0	60.0	60.0	60.0	60.0	60.0	60.0	60.0	60.0
338_TASK05_CON14_9.0_pos	pos	9.0	60.0	60.0	60.0	60.0	60.0	60.0	60.0	60.0	60.0	60.0	60.0	60.0	60.0	60.0	60.0	60.0	60.0	60.0	60.0	60.0	60.0	60.0	60.0	60.0	60.0	60.0	60.0	60.0	60.0	60.0	60.0	60.0	60.0	60.0	60.0	60.0	60.0	60.0	60.0	60.0	60.0	60.0	60.0	60.0	60.0	60.0	60.0
338_TASK05_CON14_10.0_posneg	posneg	10.0	0.0	0.0	0.0	0.0	0.0	0.0	0.0	0.0	0.0	0.0	0.0	0.0	0.0	0.0	0.0	0.0	0.0	0.0	0.0	0.0	0.0	0.0	0.0	0.0	0.0	0.0	0.0	0.0	0.0	0.0	0.0	0.0	0.0	0.0	0.0	0.0	0.0	0.0	0.0	0.0	0.0	0.0	0.0	0.0	0.0	0.0	0.0
338_TASK05_CON14_10.0_pos	pos	10.0	0.0	0.0	0.0	0.0	0.0	0.0	0.0	0.0	0.0	0.0	0.0	0.0	0.0	0.0	0.0	0.0	0.0	0.0	0.0	0.0	0.0	0.0	0.0	0.0	0.0	0.0	0.0	0.0	0.0	0.0	0.0	0.0	0.0	0.0	0.0	0.0	0.0	0.0	0.0	0.0	0.0	0.0	0.0	0.0	0.0	0.0	0.0
338_TASK05_CON14_11.0_posneg	posneg	11.0	0.0	0.0	0.0	0.0	0.0	0.0	0.0	0.0	0.0	0.0	0.0	0.0	0.0	0.0	0.0	0.0	0.0	0.0	0.0	0.0	0.0	0.0	0.0	0.0	0.0	0.0	0.0	0.0	0.0	0.0	0.0	0.0	0.0	0.0	0.0	0.0	0.0	0.0	0.0	0.0	0.0	0.0	0.0	0.0	0.0	0.0	0.0
338_TASK05_CON14_11.0_pos	pos	11.0	0.0	0.0	0.0	0.0	0.0	0.0	0.0	0.0	0.0	0.0	0.0	0.0	0.0	0.0	0.0	0.0	0.0	0.0	0.0	0.0	0.0	0.0	0.0	0.0	0.0	0.0	0.0	0.0	0.0	0.0	0.0	0.0	0.0	0.0	0.0	0.0	0.0	0.0	0.0	0.0	0.0	0.0	0.0	0.0	0.0	0.0	0.0
338_TASK05_CON14_12.0_posneg	posneg	12.0	0.0	0.0	0.0	0.0	0.0	0.0	0.0	0.0	0.0	0.0	0.0	0.0	0.0	0.0	0.0	0.0	0.0	0.0	0.0	0.0	0.0	0.0	0.0	0.0	0.0	0.0	0.0	0.0	0.0	0.0	0.0	0.0	0.0	0.0	0.0	0.0	0.0	0.0	0.0	0.0	0.0	0.0	0.0	0.0	0.0	0.0	0.0
338_TASK05_CON14_12.0_pos	pos	12.0	0.0	0.0	0.0	0.0	0.0	0.0	0.0	0.0	0.0	0.0	0.0	0.0	0.0	0.0	0.0	0.0	0.0	0.0	0.0	0.0	0.0	0.0	0.0	0.0	0.0	0.0	0.0	0.0	0.0	0.0	0.0	0.0	0.0	0.0	0.0	0.0	0.0	0.0	0.0	0.0	0.0	0.0	0.0	0.0	0.0	0.0	0.0
338_TASK05_CON14_13.0_posneg	posneg	13.0	0.0	0.0	0.0	0.0	0.0	0.0	0.0	0.0	0.0	0.0	0.0	0.0	0.0	0.0	0.0	0.0	0.0	0.0	0.0	0.0	0.0	0.0	0.0	0.0	0.0	0.0	0.0	0.0	0.0	0.0	0.0	0.0	0.0	0.0	0.0	0.0	0.0	0.0	0.0	0.0	0.0	0.0	0.0	0.0	0.0	0.0	0.0
338_TASK05_CON14_13.0_pos	pos	13.0	0.0	0.0	0.0	0.0	0.0	0.0	0.0	0.0	0.0	0.0	0.0	0.0	0.0	0.0	0.0	0.0	0.0	0.0	0.0	0.0	0.0	0.0	0.0	0.0	0.0	0.0	0.0	0.0	0.0	0.0	0.0	0.0	0.0	0.0	0.0	0.0	0.0	0.0	0.0	0.0	0.0	0.0	0.0	0.0	0.0	0.0	0.0
338_TASK05_CON15_0.0_posneg	posneg	0.0	228191.0	228191.0	228191.0	228191.0	228191.0	228191.0	228191.0	228191.0	228191.0	228191.0	228191.0	228191.0	228191.0	228191.0	228191.0	228191.0	228191.0	228191.0	228191.0	228191.0	228191.0	228191.0	228191.0	228191.0	228191.0	228191.0	228191.0	228191.0	228191.0	228191.0	228191.0	228191.0	228191.0	228191.0	228191.0	228191.0	228191.0	228191.0	228191.0	228191.0	228191.0	228191.0	228191.0	228191.0	228191.0	228191.0	228191.0
338_TASK05_CON15_0.0_pos	pos	0.0	124695.0	124695.0	124695.0	124695.0	124695.0	124695.0	124695.0	124695.0	124695.0	124695.0	124695.0	124695.0	124695.0	124695.0	124695.0	124695.0	124695.0	124695.0	124695.0	124695.0	124695.0	124695.0	124695.0	124695.0	124695.0	124695.0	124695.0	124695.0	124695.0	124695.0	124695.0	124695.0	124695.0	124695.0	124695.0	124695.0	124695.0	124695.0	124695.0	124695.0	124695.0	124695.0	124695.0	124695.0	124695.0	124695.0	124695.0
338_TASK05_CON15_1.0_posneg	posneg	1.0	118888.0	118888.0	118888.0	118888.0	118888.0	118888.0	118888.0	118888.0	118888.0	118888.0	118888.0	118888.0	118888.0	118888.0	118888.0	118888.0	118888.0	118888.0	118888.0	118888.0	118888.0	118888.0	118888.0	118888.0	118888.0	118888.0	118888.0	118888.0	118888.0	118888.0	118888.0	118888.0	118888.0	118888.0	118888.0	118888.0	118888.0	118888.0	118888.0	118888.0	118888.0	118888.0	118888.0	118888.0	118888.0	118888.0	118888.0
338_TASK05_CON15_1.0_pos	pos	1.0	64560.0	64560.0	64560.0	64560.0	64560.0	64560.0	64560.0	64560.0	64560.0	64560.0	64560.0	64560.0	64560.0	64560.0	64560.0	64560.0	64560.0	64560.0	64560.0	64560.0	64560.0	64560.0	64560.0	64560.0	64560.0	64560.0	64560.0	64560.0	64560.0	64560.0	64560.0	64560.0	64560.0	64560.0	64560.0	64560.0	64560.0	64560.0	64560.0	64560.0	64560.0	64560.0	64560.0	64560.0	64560.0	64560.0	64560.0
338_TASK05_CON15_2.0_posneg	posneg	2.0	46222.0	46222.0	46222.0	46222.0	46222.0	46222.0	46222.0	46222.0	46222.0	46222.0	46222.0	46222.0	46222.0	46222.0	46222.0	46222.0	46222.0	46222.0	46222.0	46222.0	46222.0	46222.0	46222.0	46222.0	46222.0	46222.0	46222.0	46222.0	46222.0	46222.0	46222.0	46222.0	46222.0	46222.0	46222.0	46222.0	46222.0	46222.0	46222.0	46222.0	46222.0	46222.0	46222.0	46222.0	46222.0	46222.0	46222.0
338_TASK05_CON15_2.0_pos	pos	2.0	20699.0	20699.0	20699.0	20699.0	20699.0	20699.0	20699.0	20699.0	20699.0	20699.0	20699.0	20699.0	20699.0	20699.0	20699.0	20699.0	20699.0	20699.0	20699.0	20699.0	20699.0	20699.0	20699.0	20699.0	20699.0	20699.0	20699.0	20699.0	20699.0	20699.0	20699.0	20699.0	20699.0	20699.0	20699.0	20699.0	20699.0	20699.0	20699.0	20699.0	20699.0	20699.0	20699.0	20699.0	20699.0	20699.0	20699.0
338_TASK05_CON15_3.0_posneg	posneg	3.0	13117.0	13117.0	13117.0	13117.0	13117.0	13117.0	13117.0	13117.0	13117.0	13117.0	13117.0	13117.0	13117.0	13117.0	13117.0	13117.0	13117.0	13117.0	13117.0	13117.0	13117.0	13117.0	13117.0	13117.0	13117.0	13117.0	13117.0	13117.0	13117.0	13117.0	13117.0	13117.0	13117.0	13117.0	13117.0	13117.0	13117.0	13117.0	13117.0	13117.0	13117.0	13117.0	13117.0	13117.0	13117.0	13117.0	13117.0
338_TASK05_CON15_3.0_pos	pos	3.0	3269.0	3269.0	3269.0	3269.0	3269.0	3269.0	3269.0	3269.0	3269.0	3269.0	3269.0	3269.0	3269.0	3269.0	3269.0	3269.0	3269.0	3269.0	3269.0	3269.0	3269.0	3269.0	3269.0	3269.0	3269.0	3269.0	3269.0	3269.0	3269.0	3269.0	3269.0	3269.0	3269.0	3269.0	3269.0	3269.0	3269.0	3269.0	3269.0	3269.0	3269.0	3269.0	3269.0	3269.0	3269.0	3269.0	3269.0
338_TASK05_CON15_4.0_posneg	posneg	4.0	2469.0	2469.0	2469.0	2469.0	2469.0	2469.0	2469.0	2469.0	2469.0	2469.0	2469.0	2469.0	2469.0	2469.0	2469.0	2469.0	2469.0	2469.0	2469.0	2469.0	2469.0	2469.0	2469.0	2469.0	2469.0	2469.0	2469.0	2469.0	2469.0	2469.0	2469.0	2469.0	2469.0	2469.0	2469.0	2469.0	2469.0	2469.0	2469.0	2469.0	2469.0	2469.0	2469.0	2469.0	2469.0	2469.0	2469.0
338_TASK05_CON15_4.0_pos	pos	4.0	144.0	144.0	144.0	144.0	144.0	144.0	144.0	144.0	144.0	144.0	144.0	144.0	144.0	144.0	144.0	144.0	144.0	144.0	144.0	144.0	144.0	144.0	144.0	144.0	144.0	144.0	144.0	144.0	144.0	144.0	144.0	144.0	144.0	144.0	144.0	144.0	144.0	144.0	144.0	144.0	144.0	144.0	144.0	144.0	144.0	144.0	144.0
338_TASK05_CON15_5.0_posneg	posneg	5.0	310.0	310.0	310.0	310.0	310.0	310.0	310.0	310.0	310.0	310.0	310.0	310.0	310.0	310.0	310.0	310.0	310.0	310.0	310.0	310.0	310.0	310.0	310.0	310.0	310.0	310.0	310.0	310.0	310.0	310.0	310.0	310.0	310.0	310.0	310.0	310.0	310.0	310.0	310.0	310.0	310.0	310.0	310.0	310.0	310.0	310.0	310.0
338_TASK05_CON15_5.0_pos	pos	5.0	1.0	1.0	1.0	1.0	1.0	1.0	1.0	1.0	1.0	1.0	1.0	1.0	1.0	1.0	1.0	1.0	1.0	1.0	1.0	1.0	1.0	1.0	1.0	1.0	1.0	1.0	1.0	1.0	1.0	1.0	1.0	1.0	1.0	1.0	1.0	1.0	1.0	1.0	1.0	1.0	1.0	1.0	1.0	1.0	1.0	1.0	1.0
338_TASK05_CON15_6.0_posneg	posneg	6.0	19.0	19.0	19.0	19.0	19.0	19.0	19.0	19.0	19.0	19.0	19.0	19.0	19.0	19.0	19.0	19.0	19.0	19.0	19.0	19.0	19.0	19.0	19.0	19.0	19.0	19.0	19.0	19.0	19.0	19.0	19.0	19.0	19.0	19.0	19.0	19.0	19.0	19.0	19.0	19.0	19.0	19.0	19.0	19.0	19.0	19.0	19.0
338_TASK05_CON15_6.0_pos	pos	6.0	0.0	0.0	0.0	0.0	0.0	0.0	0.0	0.0	0.0	0.0	0.0	0.0	0.0	0.0	0.0	0.0	0.0	0.0	0.0	0.0	0.0	0.0	0.0	0.0	0.0	0.0	0.0	0.0	0.0	0.0	0.0	0.0	0.0	0.0	0.0	0.0	0.0	0.0	0.0	0.0	0.0	0.0	0.0	0.0	0.0	0.0	0.0
338_TASK05_CON15_7.0_posneg	posneg	7.0	0.0	0.0	0.0	0.0	0.0	0.0	0.0	0.0	0.0	0.0	0.0	0.0	0.0	0.0	0.0	0.0	0.0	0.0	0.0	0.0	0.0	0.0	0.0	0.0	0.0	0.0	0.0	0.0	0.0	0.0	0.0	0.0	0.0	0.0	0.0	0.0	0.0	0.0	0.0	0.0	0.0	0.0	0.0	0.0	0.0	0.0	0.0
338_TASK05_CON15_7.0_pos	pos	7.0	0.0	0.0	0.0	0.0	0.0	0.0	0.0	0.0	0.0	0.0	0.0	0.0	0.0	0.0	0.0	0.0	0.0	0.0	0.0	0.0	0.0	0.0	0.0	0.0	0.0	0.0	0.0	0.0	0.0	0.0	0.0	0.0	0.0	0.0	0.0	0.0	0.0	0.0	0.0	0.0	0.0	0.0	0.0	0.0	0.0	0.0	0.0
338_TASK05_CON15_8.0_posneg	posneg	8.0	0.0	0.0	0.0	0.0	0.0	0.0	0.0	0.0	0.0	0.0	0.0	0.0	0.0	0.0	0.0	0.0	0.0	0.0	0.0	0.0	0.0	0.0	0.0	0.0	0.0	0.0	0.0	0.0	0.0	0.0	0.0	0.0	0.0	0.0	0.0	0.0	0.0	0.0	0.0	0.0	0.0	0.0	0.0	0.0	0.0	0.0	0.0
338_TASK05_CON15_8.0_pos	pos	8.0	0.0	0.0	0.0	0.0	0.0	0.0	0.0	0.0	0.0	0.0	0.0	0.0	0.0	0.0	0.0	0.0	0.0	0.0	0.0	0.0	0.0	0.0	0.0	0.0	0.0	0.0	0.0	0.0	0.0	0.0	0.0	0.0	0.0	0.0	0.0	0.0	0.0	0.0	0.0	0.0	0.0	0.0	0.0	0.0	0.0	0.0	0.0
338_TASK05_CON15_9.0_posneg	posneg	9.0	0.0	0.0	0.0	0.0	0.0	0.0	0.0	0.0	0.0	0.0	0.0	0.0	0.0	0.0	0.0	0.0	0.0	0.0	0.0	0.0	0.0	0.0	0.0	0.0	0.0	0.0	0.0	0.0	0.0	0.0	0.0	0.0	0.0	0.0	0.0	0.0	0.0	0.0	0.0	0.0	0.0	0.0	0.0	0.0	0.0	0.0	0.0
338_TASK05_CON15_9.0_pos	pos	9.0	0.0	0.0	0.0	0.0	0.0	0.0	0.0	0.0	0.0	0.0	0.0	0.0	0.0	0.0	0.0	0.0	0.0	0.0	0.0	0.0	0.0	0.0	0.0	0.0	0.0	0.0	0.0	0.0	0.0	0.0	0.0	0.0	0.0	0.0	0.0	0.0	0.0	0.0	0.0	0.0	0.0	0.0	0.0	0.0	0.0	0.0	0.0
338_TASK05_CON15_10.0_posneg	posneg	10.0	0.0	0.0	0.0	0.0	0.0	0.0	0.0	0.0	0.0	0.0	0.0	0.0	0.0	0.0	0.0	0.0	0.0	0.0	0.0	0.0	0.0	0.0	0.0	0.0	0.0	0.0	0.0	0.0	0.0	0.0	0.0	0.0	0.0	0.0	0.0	0.0	0.0	0.0	0.0	0.0	0.0	0.0	0.0	0.0	0.0	0.0	0.0
338_TASK05_CON15_10.0_pos	pos	10.0	0.0	0.0	0.0	0.0	0.0	0.0	0.0	0.0	0.0	0.0	0.0	0.0	0.0	0.0	0.0	0.0	0.0	0.0	0.0	0.0	0.0	0.0	0.0	0.0	0.0	0.0	0.0	0.0	0.0	0.0	0.0	0.0	0.0	0.0	0.0	0.0	0.0	0.0	0.0	0.0	0.0	0.0	0.0	0.0	0.0	0.0	0.0
338_TASK05_CON15_11.0_posneg	posneg	11.0	0.0	0.0	0.0	0.0	0.0	0.0	0.0	0.0	0.0	0.0	0.0	0.0	0.0	0.0	0.0	0.0	0.0	0.0	0.0	0.0	0.0	0.0	0.0	0.0	0.0	0.0	0.0	0.0	0.0	0.0	0.0	0.0	0.0	0.0	0.0	0.0	0.0	0.0	0.0	0.0	0.0	0.0	0.0	0.0	0.0	0.0	0.0
338_TASK05_CON15_11.0_pos	pos	11.0	0.0	0.0	0.0	0.0	0.0	0.0	0.0	0.0	0.0	0.0	0.0	0.0	0.0	0.0	0.0	0.0	0.0	0.0	0.0	0.0	0.0	0.0	0.0	0.0	0.0	0.0	0.0	0.0	0.0	0.0	0.0	0.0	0.0	0.0	0.0	0.0	0.0	0.0	0.0	0.0	0.0	0.0	0.0	0.0	0.0	0.0	0.0
338_TASK05_CON15_12.0_posneg	posneg	12.0	0.0	0.0	0.0	0.0	0.0	0.0	0.0	0.0	0.0	0.0	0.0	0.0	0.0	0.0	0.0	0.0	0.0	0.0	0.0	0.0	0.0	0.0	0.0	0.0	0.0	0.0	0.0	0.0	0.0	0.0	0.0	0.0	0.0	0.0	0.0	0.0	0.0	0.0	0.0	0.0	0.0	0.0	0.0	0.0	0.0	0.0	0.0
338_TASK05_CON15_12.0_pos	pos	12.0	0.0	0.0	0.0	0.0	0.0	0.0	0.0	0.0	0.0	0.0	0.0	0.0	0.0	0.0	0.0	0.0	0.0	0.0	0.0	0.0	0.0	0.0	0.0	0.0	0.0	0.0	0.0	0.0	0.0	0.0	0.0	0.0	0.0	0.0	0.0	0.0	0.0	0.0	0.0	0.0	0.0	0.0	0.0	0.0	0.0	0.0	0.0
338_TASK05_CON15_13.0_posneg	posneg	13.0	0.0	0.0	0.0	0.0	0.0	0.0	0.0	0.0	0.0	0.0	0.0	0.0	0.0	0.0	0.0	0.0	0.0	0.0	0.0	0.0	0.0	0.0	0.0	0.0	0.0	0.0	0.0	0.0	0.0	0.0	0.0	0.0	0.0	0.0	0.0	0.0	0.0	0.0	0.0	0.0	0.0	0.0	0.0	0.0	0.0	0.0	0.0
338_TASK05_CON15_13.0_pos	pos	13.0	0.0	0.0	0.0	0.0	0.0	0.0	0.0	0.0	0.0	0.0	0.0	0.0	0.0	0.0	0.0	0.0	0.0	0.0	0.0	0.0	0.0	0.0	0.0	0.0	0.0	0.0	0.0	0.0	0.0	0.0	0.0	0.0	0.0	0.0	0.0	0.0	0.0	0.0	0.0	0.0	0.0	0.0	0.0	0.0	0.0	0.0	0.0
338_TASK06_CON01_0.0_posneg	posneg	0.0	228191.0	228191.0	228191.0	228191.0	228191.0	228191.0	228191.0	228191.0	228191.0	228191.0	228191.0	228191.0	228191.0	228191.0	228191.0	228191.0	228191.0	228191.0	228191.0	228191.0	228191.0	228191.0	228191.0	228191.0	228191.0	228191.0	228191.0	228191.0	228191.0	228191.0	228191.0	228191.0	228191.0	228191.0	228191.0	228191.0	228191.0	228191.0	228191.0	228191.0	228191.0	228191.0	228191.0	228191.0	228191.0	228191.0	228191.0
338_TASK06_CON01_0.0_pos	pos	0.0	171654.0	171654.0	171654.0	171654.0	171654.0	171654.0	171654.0	171654.0	171654.0	171654.0	171654.0	171654.0	171654.0	171654.0	171654.0	171654.0	171654.0	171654.0	171654.0	171654.0	171654.0	171654.0	171654.0	171654.0	171654.0	171654.0	171654.0	171654.0	171654.0	171654.0	171654.0	171654.0	171654.0	171654.0	171654.0	171654.0	171654.0	171654.0	171654.0	171654.0	171654.0	171654.0	171654.0	171654.0	171654.0	171654.0	171654.0
338_TASK06_CON01_1.0_posneg	posneg	1.0	170504.0	170504.0	170504.0	170504.0	170504.0	170504.0	170504.0	170504.0	170504.0	170504.0	170504.0	170504.0	170504.0	170504.0	170504.0	170504.0	170504.0	170504.0	170504.0	170504.0	170504.0	170504.0	170504.0	170504.0	170504.0	170504.0	170504.0	170504.0	170504.0	170504.0	170504.0	170504.0	170504.0	170504.0	170504.0	170504.0	170504.0	170504.0	170504.0	170504.0	170504.0	170504.0	170504.0	170504.0	170504.0	170504.0	170504.0
338_TASK06_CON01_1.0_pos	pos	1.0	139046.0	139046.0	139046.0	139046.0	139046.0	139046.0	139046.0	139046.0	139046.0	139046.0	139046.0	139046.0	139046.0	139046.0	139046.0	139046.0	139046.0	139046.0	139046.0	139046.0	139046.0	139046.0	139046.0	139046.0	139046.0	139046.0	139046.0	139046.0	139046.0	139046.0	139046.0	139046.0	139046.0	139046.0	139046.0	139046.0	139046.0	139046.0	139046.0	139046.0	139046.0	139046.0	139046.0	139046.0	139046.0	139046.0	139046.0
338_TASK06_CON01_2.0_posneg	posneg	2.0	122225.0	122225.0	122225.0	122225.0	122225.0	122225.0	122225.0	122225.0	122225.0	122225.0	122225.0	122225.0	122225.0	122225.0	122225.0	122225.0	122225.0	122225.0	122225.0	122225.0	122225.0	122225.0	122225.0	122225.0	122225.0	122225.0	122225.0	122225.0	122225.0	122225.0	122225.0	122225.0	122225.0	122225.0	122225.0	122225.0	122225.0	122225.0	122225.0	122225.0	122225.0	122225.0	122225.0	122225.0	122225.0	122225.0	122225.0
338_TASK06_CON01_2.0_pos	pos	2.0	106276.0	106276.0	106276.0	106276.0	106276.0	106276.0	106276.0	106276.0	106276.0	106276.0	106276.0	106276.0	106276.0	106276.0	106276.0	106276.0	106276.0	106276.0	106276.0	106276.0	106276.0	106276.0	106276.0	106276.0	106276.0	106276.0	106276.0	106276.0	106276.0	106276.0	106276.0	106276.0	106276.0	106276.0	106276.0	106276.0	106276.0	106276.0	106276.0	106276.0	106276.0	106276.0	106276.0	106276.0	106276.0	106276.0	106276.0
338_TASK06_CON01_3.0_posneg	posneg	3.0	85884.0	85884.0	85884.0	85884.0	85884.0	85884.0	85884.0	85884.0	85884.0	85884.0	85884.0	85884.0	85884.0	85884.0	85884.0	85884.0	85884.0	85884.0	85884.0	85884.0	85884.0	85884.0	85884.0	85884.0	85884.0	85884.0	85884.0	85884.0	85884.0	85884.0	85884.0	85884.0	85884.0	85884.0	85884.0	85884.0	85884.0	85884.0	85884.0	85884.0	85884.0	85884.0	85884.0	85884.0	85884.0	85884.0	85884.0
338_TASK06_CON01_3.0_pos	pos	3.0	78503.0	78503.0	78503.0	78503.0	78503.0	78503.0	78503.0	78503.0	78503.0	78503.0	78503.0	78503.0	78503.0	78503.0	78503.0	78503.0	78503.0	78503.0	78503.0	78503.0	78503.0	78503.0	78503.0	78503.0	78503.0	78503.0	78503.0	78503.0	78503.0	78503.0	78503.0	78503.0	78503.0	78503.0	78503.0	78503.0	78503.0	78503.0	78503.0	78503.0	78503.0	78503.0	78503.0	78503.0	78503.0	78503.0	78503.0
338_TASK06_CON01_4.0_posneg	posneg	4.0	58146.0	58146.0	58146.0	58146.0	58146.0	58146.0	58146.0	58146.0	58146.0	58146.0	58146.0	58146.0	58146.0	58146.0	58146.0	58146.0	58146.0	58146.0	58146.0	58146.0	58146.0	58146.0	58146.0	58146.0	58146.0	58146.0	58146.0	58146.0	58146.0	58146.0	58146.0	58146.0	58146.0	58146.0	58146.0	58146.0	58146.0	58146.0	58146.0	58146.0	58146.0	58146.0	58146.0	58146.0	58146.0	58146.0	58146.0
338_TASK06_CON01_4.0_pos	pos	4.0	55283.0	55283.0	55283.0	55283.0	55283.0	55283.0	55283.0	55283.0	55283.0	55283.0	55283.0	55283.0	55283.0	55283.0	55283.0	55283.0	55283.0	55283.0	55283.0	55283.0	55283.0	55283.0	55283.0	55283.0	55283.0	55283.0	55283.0	55283.0	55283.0	55283.0	55283.0	55283.0	55283.0	55283.0	55283.0	55283.0	55283.0	55283.0	55283.0	55283.0	55283.0	55283.0	55283.0	55283.0	55283.0	55283.0	55283.0
338_TASK06_CON01_5.0_posneg	posneg	5.0	35831.0	35831.0	35831.0	35831.0	35831.0	35831.0	35831.0	35831.0	35831.0	35831.0	35831.0	35831.0	35831.0	35831.0	35831.0	35831.0	35831.0	35831.0	35831.0	35831.0	35831.0	35831.0	35831.0	35831.0	35831.0	35831.0	35831.0	35831.0	35831.0	35831.0	35831.0	35831.0	35831.0	35831.0	35831.0	35831.0	35831.0	35831.0	35831.0	35831.0	35831.0	35831.0	35831.0	35831.0	35831.0	35831.0	35831.0
338_TASK06_CON01_5.0_pos	pos	5.0	35167.0	35167.0	35167.0	35167.0	35167.0	35167.0	35167.0	35167.0	35167.0	35167.0	35167.0	35167.0	35167.0	35167.0	35167.0	35167.0	35167.0	35167.0	35167.0	35167.0	35167.0	35167.0	35167.0	35167.0	35167.0	35167.0	35167.0	35167.0	35167.0	35167.0	35167.0	35167.0	35167.0	35167.0	35167.0	35167.0	35167.0	35167.0	35167.0	35167.0	35167.0	35167.0	35167.0	35167.0	35167.0	35167.0	35167.0
338_TASK06_CON01_6.0_posneg	posneg	6.0	18149.0	18149.0	18149.0	18149.0	18149.0	18149.0	18149.0	18149.0	18149.0	18149.0	18149.0	18149.0	18149.0	18149.0	18149.0	18149.0	18149.0	18149.0	18149.0	18149.0	18149.0	18149.0	18149.0	18149.0	18149.0	18149.0	18149.0	18149.0	18149.0	18149.0	18149.0	18149.0	18149.0	18149.0	18149.0	18149.0	18149.0	18149.0	18149.0	18149.0	18149.0	18149.0	18149.0	18149.0	18149.0	18149.0	18149.0
338_TASK06_CON01_6.0_pos	pos	6.0	18071.0	18071.0	18071.0	18071.0	18071.0	18071.0	18071.0	18071.0	18071.0	18071.0	18071.0	18071.0	18071.0	18071.0	18071.0	18071.0	18071.0	18071.0	18071.0	18071.0	18071.0	18071.0	18071.0	18071.0	18071.0	18071.0	18071.0	18071.0	18071.0	18071.0	18071.0	18071.0	18071.0	18071.0	18071.0	18071.0	18071.0	18071.0	18071.0	18071.0	18071.0	18071.0	18071.0	18071.0	18071.0	18071.0	18071.0
338_TASK06_CON01_7.0_posneg	posneg	7.0	5356.0	5356.0	5356.0	5356.0	5356.0	5356.0	5356.0	5356.0	5356.0	5356.0	5356.0	5356.0	5356.0	5356.0	5356.0	5356.0	5356.0	5356.0	5356.0	5356.0	5356.0	5356.0	5356.0	5356.0	5356.0	5356.0	5356.0	5356.0	5356.0	5356.0	5356.0	5356.0	5356.0	5356.0	5356.0	5356.0	5356.0	5356.0	5356.0	5356.0	5356.0	5356.0	5356.0	5356.0	5356.0	5356.0	5356.0
338_TASK06_CON01_7.0_pos	pos	7.0	5352.0	5352.0	5352.0	5352.0	5352.0	5352.0	5352.0	5352.0	5352.0	5352.0	5352.0	5352.0	5352.0	5352.0	5352.0	5352.0	5352.0	5352.0	5352.0	5352.0	5352.0	5352.0	5352.0	5352.0	5352.0	5352.0	5352.0	5352.0	5352.0	5352.0	5352.0	5352.0	5352.0	5352.0	5352.0	5352.0	5352.0	5352.0	5352.0	5352.0	5352.0	5352.0	5352.0	5352.0	5352.0	5352.0	5352.0
338_TASK06_CON01_8.0_posneg	posneg	8.0	564.0	564.0	564.0	564.0	564.0	564.0	564.0	564.0	564.0	564.0	564.0	564.0	564.0	564.0	564.0	564.0	564.0	564.0	564.0	564.0	564.0	564.0	564.0	564.0	564.0	564.0	564.0	564.0	564.0	564.0	564.0	564.0	564.0	564.0	564.0	564.0	564.0	564.0	564.0	564.0	564.0	564.0	564.0	564.0	564.0	564.0	564.0
338_TASK06_CON01_8.0_pos	pos	8.0	564.0	564.0	564.0	564.0	564.0	564.0	564.0	564.0	564.0	564.0	564.0	564.0	564.0	564.0	564.0	564.0	564.0	564.0	564.0	564.0	564.0	564.0	564.0	564.0	564.0	564.0	564.0	564.0	564.0	564.0	564.0	564.0	564.0	564.0	564.0	564.0	564.0	564.0	564.0	564.0	564.0	564.0	564.0	564.0	564.0	564.0	564.0
338_TASK06_CON01_9.0_posneg	posneg	9.0	10.0	10.0	10.0	10.0	10.0	10.0	10.0	10.0	10.0	10.0	10.0	10.0	10.0	10.0	10.0	10.0	10.0	10.0	10.0	10.0	10.0	10.0	10.0	10.0	10.0	10.0	10.0	10.0	10.0	10.0	10.0	10.0	10.0	10.0	10.0	10.0	10.0	10.0	10.0	10.0	10.0	10.0	10.0	10.0	10.0	10.0	10.0
338_TASK06_CON01_9.0_pos	pos	9.0	10.0	10.0	10.0	10.0	10.0	10.0	10.0	10.0	10.0	10.0	10.0	10.0	10.0	10.0	10.0	10.0	10.0	10.0	10.0	10.0	10.0	10.0	10.0	10.0	10.0	10.0	10.0	10.0	10.0	10.0	10.0	10.0	10.0	10.0	10.0	10.0	10.0	10.0	10.0	10.0	10.0	10.0	10.0	10.0	10.0	10.0	10.0
338_TASK06_CON01_10.0_posneg	posneg	10.0	0.0	0.0	0.0	0.0	0.0	0.0	0.0	0.0	0.0	0.0	0.0	0.0	0.0	0.0	0.0	0.0	0.0	0.0	0.0	0.0	0.0	0.0	0.0	0.0	0.0	0.0	0.0	0.0	0.0	0.0	0.0	0.0	0.0	0.0	0.0	0.0	0.0	0.0	0.0	0.0	0.0	0.0	0.0	0.0	0.0	0.0	0.0
338_TASK06_CON01_10.0_pos	pos	10.0	0.0	0.0	0.0	0.0	0.0	0.0	0.0	0.0	0.0	0.0	0.0	0.0	0.0	0.0	0.0	0.0	0.0	0.0	0.0	0.0	0.0	0.0	0.0	0.0	0.0	0.0	0.0	0.0	0.0	0.0	0.0	0.0	0.0	0.0	0.0	0.0	0.0	0.0	0.0	0.0	0.0	0.0	0.0	0.0	0.0	0.0	0.0
338_TASK06_CON01_11.0_posneg	posneg	11.0	0.0	0.0	0.0	0.0	0.0	0.0	0.0	0.0	0.0	0.0	0.0	0.0	0.0	0.0	0.0	0.0	0.0	0.0	0.0	0.0	0.0	0.0	0.0	0.0	0.0	0.0	0.0	0.0	0.0	0.0	0.0	0.0	0.0	0.0	0.0	0.0	0.0	0.0	0.0	0.0	0.0	0.0	0.0	0.0	0.0	0.0	0.0
338_TASK06_CON01_11.0_pos	pos	11.0	0.0	0.0	0.0	0.0	0.0	0.0	0.0	0.0	0.0	0.0	0.0	0.0	0.0	0.0	0.0	0.0	0.0	0.0	0.0	0.0	0.0	0.0	0.0	0.0	0.0	0.0	0.0	0.0	0.0	0.0	0.0	0.0	0.0	0.0	0.0	0.0	0.0	0.0	0.0	0.0	0.0	0.0	0.0	0.0	0.0	0.0	0.0
338_TASK06_CON01_12.0_posneg	posneg	12.0	0.0	0.0	0.0	0.0	0.0	0.0	0.0	0.0	0.0	0.0	0.0	0.0	0.0	0.0	0.0	0.0	0.0	0.0	0.0	0.0	0.0	0.0	0.0	0.0	0.0	0.0	0.0	0.0	0.0	0.0	0.0	0.0	0.0	0.0	0.0	0.0	0.0	0.0	0.0	0.0	0.0	0.0	0.0	0.0	0.0	0.0	0.0
338_TASK06_CON01_12.0_pos	pos	12.0	0.0	0.0	0.0	0.0	0.0	0.0	0.0	0.0	0.0	0.0	0.0	0.0	0.0	0.0	0.0	0.0	0.0	0.0	0.0	0.0	0.0	0.0	0.0	0.0	0.0	0.0	0.0	0.0	0.0	0.0	0.0	0.0	0.0	0.0	0.0	0.0	0.0	0.0	0.0	0.0	0.0	0.0	0.0	0.0	0.0	0.0	0.0
338_TASK06_CON01_13.0_posneg	posneg	13.0	0.0	0.0	0.0	0.0	0.0	0.0	0.0	0.0	0.0	0.0	0.0	0.0	0.0	0.0	0.0	0.0	0.0	0.0	0.0	0.0	0.0	0.0	0.0	0.0	0.0	0.0	0.0	0.0	0.0	0.0	0.0	0.0	0.0	0.0	0.0	0.0	0.0	0.0	0.0	0.0	0.0	0.0	0.0	0.0	0.0	0.0	0.0
338_TASK06_CON01_13.0_pos	pos	13.0	0.0	0.0	0.0	0.0	0.0	0.0	0.0	0.0	0.0	0.0	0.0	0.0	0.0	0.0	0.0	0.0	0.0	0.0	0.0	0.0	0.0	0.0	0.0	0.0	0.0	0.0	0.0	0.0	0.0	0.0	0.0	0.0	0.0	0.0	0.0	0.0	0.0	0.0	0.0	0.0	0.0	0.0	0.0	0.0	0.0	0.0	0.0
338_TASK06_CON02_0.0_posneg	posneg	0.0	228191.0	228191.0	228191.0	228191.0	228191.0	228191.0	228191.0	228191.0	228191.0	228191.0	228191.0	228191.0	228191.0	228191.0	228191.0	228191.0	228191.0	228191.0	228191.0	228191.0	228191.0	228191.0	228191.0	228191.0	228191.0	228191.0	228191.0	228191.0	228191.0	228191.0	228191.0	228191.0	228191.0	228191.0	228191.0	228191.0	228191.0	228191.0	228191.0	228191.0	228191.0	228191.0	228191.0	228191.0	228191.0	228191.0	228191.0
338_TASK06_CON02_0.0_pos	pos	0.0	151476.0	151476.0	151476.0	151476.0	151476.0	151476.0	151476.0	151476.0	151476.0	151476.0	151476.0	151476.0	151476.0	151476.0	151476.0	151476.0	151476.0	151476.0	151476.0	151476.0	151476.0	151476.0	151476.0	151476.0	151476.0	151476.0	151476.0	151476.0	151476.0	151476.0	151476.0	151476.0	151476.0	151476.0	151476.0	151476.0	151476.0	151476.0	151476.0	151476.0	151476.0	151476.0	151476.0	151476.0	151476.0	151476.0	151476.0
338_TASK06_CON02_1.0_posneg	posneg	1.0	170527.0	170527.0	170527.0	170527.0	170527.0	170527.0	170527.0	170527.0	170527.0	170527.0	170527.0	170527.0	170527.0	170527.0	170527.0	170527.0	170527.0	170527.0	170527.0	170527.0	170527.0	170527.0	170527.0	170527.0	170527.0	170527.0	170527.0	170527.0	170527.0	170527.0	170527.0	170527.0	170527.0	170527.0	170527.0	170527.0	170527.0	170527.0	170527.0	170527.0	170527.0	170527.0	170527.0	170527.0	170527.0	170527.0	170527.0
338_TASK06_CON02_1.0_pos	pos	1.0	122329.0	122329.0	122329.0	122329.0	122329.0	122329.0	122329.0	122329.0	122329.0	122329.0	122329.0	122329.0	122329.0	122329.0	122329.0	122329.0	122329.0	122329.0	122329.0	122329.0	122329.0	122329.0	122329.0	122329.0	122329.0	122329.0	122329.0	122329.0	122329.0	122329.0	122329.0	122329.0	122329.0	122329.0	122329.0	122329.0	122329.0	122329.0	122329.0	122329.0	122329.0	122329.0	122329.0	122329.0	122329.0	122329.0	122329.0
338_TASK06_CON02_2.0_posneg	posneg	2.0	124256.0	124256.0	124256.0	124256.0	124256.0	124256.0	124256.0	124256.0	124256.0	124256.0	124256.0	124256.0	124256.0	124256.0	124256.0	124256.0	124256.0	124256.0	124256.0	124256.0	124256.0	124256.0	124256.0	124256.0	124256.0	124256.0	124256.0	124256.0	124256.0	124256.0	124256.0	124256.0	124256.0	124256.0	124256.0	124256.0	124256.0	124256.0	124256.0	124256.0	124256.0	124256.0	124256.0	124256.0	124256.0	124256.0	124256.0
338_TASK06_CON02_2.0_pos	pos	2.0	97075.0	97075.0	97075.0	97075.0	97075.0	97075.0	97075.0	97075.0	97075.0	97075.0	97075.0	97075.0	97075.0	97075.0	97075.0	97075.0	97075.0	97075.0	97075.0	97075.0	97075.0	97075.0	97075.0	97075.0	97075.0	97075.0	97075.0	97075.0	97075.0	97075.0	97075.0	97075.0	97075.0	97075.0	97075.0	97075.0	97075.0	97075.0	97075.0	97075.0	97075.0	97075.0	97075.0	97075.0	97075.0	97075.0	97075.0
338_TASK06_CON02_3.0_posneg	posneg	3.0	89248.0	89248.0	89248.0	89248.0	89248.0	89248.0	89248.0	89248.0	89248.0	89248.0	89248.0	89248.0	89248.0	89248.0	89248.0	89248.0	89248.0	89248.0	89248.0	89248.0	89248.0	89248.0	89248.0	89248.0	89248.0	89248.0	89248.0	89248.0	89248.0	89248.0	89248.0	89248.0	89248.0	89248.0	89248.0	89248.0	89248.0	89248.0	89248.0	89248.0	89248.0	89248.0	89248.0	89248.0	89248.0	89248.0	89248.0
338_TASK06_CON02_3.0_pos	pos	3.0	75279.0	75279.0	75279.0	75279.0	75279.0	75279.0	75279.0	75279.0	75279.0	75279.0	75279.0	75279.0	75279.0	75279.0	75279.0	75279.0	75279.0	75279.0	75279.0	75279.0	75279.0	75279.0	75279.0	75279.0	75279.0	75279.0	75279.0	75279.0	75279.0	75279.0	75279.0	75279.0	75279.0	75279.0	75279.0	75279.0	75279.0	75279.0	75279.0	75279.0	75279.0	75279.0	75279.0	75279.0	75279.0	75279.0	75279.0
338_TASK06_CON02_4.0_posneg	posneg	4.0	61488.0	61488.0	61488.0	61488.0	61488.0	61488.0	61488.0	61488.0	61488.0	61488.0	61488.0	61488.0	61488.0	61488.0	61488.0	61488.0	61488.0	61488.0	61488.0	61488.0	61488.0	61488.0	61488.0	61488.0	61488.0	61488.0	61488.0	61488.0	61488.0	61488.0	61488.0	61488.0	61488.0	61488.0	61488.0	61488.0	61488.0	61488.0	61488.0	61488.0	61488.0	61488.0	61488.0	61488.0	61488.0	61488.0	61488.0
338_TASK06_CON02_4.0_pos	pos	4.0	55149.0	55149.0	55149.0	55149.0	55149.0	55149.0	55149.0	55149.0	55149.0	55149.0	55149.0	55149.0	55149.0	55149.0	55149.0	55149.0	55149.0	55149.0	55149.0	55149.0	55149.0	55149.0	55149.0	55149.0	55149.0	55149.0	55149.0	55149.0	55149.0	55149.0	55149.0	55149.0	55149.0	55149.0	55149.0	55149.0	55149.0	55149.0	55149.0	55149.0	55149.0	55149.0	55149.0	55149.0	55149.0	55149.0	55149.0
338_TASK06_CON02_5.0_posneg	posneg	5.0	38459.0	38459.0	38459.0	38459.0	38459.0	38459.0	38459.0	38459.0	38459.0	38459.0	38459.0	38459.0	38459.0	38459.0	38459.0	38459.0	38459.0	38459.0	38459.0	38459.0	38459.0	38459.0	38459.0	38459.0	38459.0	38459.0	38459.0	38459.0	38459.0	38459.0	38459.0	38459.0	38459.0	38459.0	38459.0	38459.0	38459.0	38459.0	38459.0	38459.0	38459.0	38459.0	38459.0	38459.0	38459.0	38459.0	38459.0
338_TASK06_CON02_5.0_pos	pos	5.0	36096.0	36096.0	36096.0	36096.0	36096.0	36096.0	36096.0	36096.0	36096.0	36096.0	36096.0	36096.0	36096.0	36096.0	36096.0	36096.0	36096.0	36096.0	36096.0	36096.0	36096.0	36096.0	36096.0	36096.0	36096.0	36096.0	36096.0	36096.0	36096.0	36096.0	36096.0	36096.0	36096.0	36096.0	36096.0	36096.0	36096.0	36096.0	36096.0	36096.0	36096.0	36096.0	36096.0	36096.0	36096.0	36096.0	36096.0
338_TASK06_CON02_6.0_posneg	posneg	6.0	20252.0	20252.0	20252.0	20252.0	20252.0	20252.0	20252.0	20252.0	20252.0	20252.0	20252.0	20252.0	20252.0	20252.0	20252.0	20252.0	20252.0	20252.0	20252.0	20252.0	20252.0	20252.0	20252.0	20252.0	20252.0	20252.0	20252.0	20252.0	20252.0	20252.0	20252.0	20252.0	20252.0	20252.0	20252.0	20252.0	20252.0	20252.0	20252.0	20252.0	20252.0	20252.0	20252.0	20252.0	20252.0	20252.0	20252.0
338_TASK06_CON02_6.0_pos	pos	6.0	19669.0	19669.0	19669.0	19669.0	19669.0	19669.0	19669.0	19669.0	19669.0	19669.0	19669.0	19669.0	19669.0	19669.0	19669.0	19669.0	19669.0	19669.0	19669.0	19669.0	19669.0	19669.0	19669.0	19669.0	19669.0	19669.0	19669.0	19669.0	19669.0	19669.0	19669.0	19669.0	19669.0	19669.0	19669.0	19669.0	19669.0	19669.0	19669.0	19669.0	19669.0	19669.0	19669.0	19669.0	19669.0	19669.0	19669.0
338_TASK06_CON02_7.0_posneg	posneg	7.0	6847.0	6847.0	6847.0	6847.0	6847.0	6847.0	6847.0	6847.0	6847.0	6847.0	6847.0	6847.0	6847.0	6847.0	6847.0	6847.0	6847.0	6847.0	6847.0	6847.0	6847.0	6847.0	6847.0	6847.0	6847.0	6847.0	6847.0	6847.0	6847.0	6847.0	6847.0	6847.0	6847.0	6847.0	6847.0	6847.0	6847.0	6847.0	6847.0	6847.0	6847.0	6847.0	6847.0	6847.0	6847.0	6847.0	6847.0
338_TASK06_CON02_7.0_pos	pos	7.0	6737.0	6737.0	6737.0	6737.0	6737.0	6737.0	6737.0	6737.0	6737.0	6737.0	6737.0	6737.0	6737.0	6737.0	6737.0	6737.0	6737.0	6737.0	6737.0	6737.0	6737.0	6737.0	6737.0	6737.0	6737.0	6737.0	6737.0	6737.0	6737.0	6737.0	6737.0	6737.0	6737.0	6737.0	6737.0	6737.0	6737.0	6737.0	6737.0	6737.0	6737.0	6737.0	6737.0	6737.0	6737.0	6737.0	6737.0
338_TASK06_CON02_8.0_posneg	posneg	8.0	940.0	940.0	940.0	940.0	940.0	940.0	940.0	940.0	940.0	940.0	940.0	940.0	940.0	940.0	940.0	940.0	940.0	940.0	940.0	940.0	940.0	940.0	940.0	940.0	940.0	940.0	940.0	940.0	940.0	940.0	940.0	940.0	940.0	940.0	940.0	940.0	940.0	940.0	940.0	940.0	940.0	940.0	940.0	940.0	940.0	940.0	940.0
338_TASK06_CON02_8.0_pos	pos	8.0	924.0	924.0	924.0	924.0	924.0	924.0	924.0	924.0	924.0	924.0	924.0	924.0	924.0	924.0	924.0	924.0	924.0	924.0	924.0	924.0	924.0	924.0	924.0	924.0	924.0	924.0	924.0	924.0	924.0	924.0	924.0	924.0	924.0	924.0	924.0	924.0	924.0	924.0	924.0	924.0	924.0	924.0	924.0	924.0	924.0	924.0	924.0
338_TASK06_CON02_9.0_posneg	posneg	9.0	26.0	26.0	26.0	26.0	26.0	26.0	26.0	26.0	26.0	26.0	26.0	26.0	26.0	26.0	26.0	26.0	26.0	26.0	26.0	26.0	26.0	26.0	26.0	26.0	26.0	26.0	26.0	26.0	26.0	26.0	26.0	26.0	26.0	26.0	26.0	26.0	26.0	26.0	26.0	26.0	26.0	26.0	26.0	26.0	26.0	26.0	26.0
338_TASK06_CON02_9.0_pos	pos	9.0	25.0	25.0	25.0	25.0	25.0	25.0	25.0	25.0	25.0	25.0	25.0	25.0	25.0	25.0	25.0	25.0	25.0	25.0	25.0	25.0	25.0	25.0	25.0	25.0	25.0	25.0	25.0	25.0	25.0	25.0	25.0	25.0	25.0	25.0	25.0	25.0	25.0	25.0	25.0	25.0	25.0	25.0	25.0	25.0	25.0	25.0	25.0
338_TASK06_CON02_10.0_posneg	posneg	10.0	0.0	0.0	0.0	0.0	0.0	0.0	0.0	0.0	0.0	0.0	0.0	0.0	0.0	0.0	0.0	0.0	0.0	0.0	0.0	0.0	0.0	0.0	0.0	0.0	0.0	0.0	0.0	0.0	0.0	0.0	0.0	0.0	0.0	0.0	0.0	0.0	0.0	0.0	0.0	0.0	0.0	0.0	0.0	0.0	0.0	0.0	0.0
338_TASK06_CON02_10.0_pos	pos	10.0	0.0	0.0	0.0	0.0	0.0	0.0	0.0	0.0	0.0	0.0	0.0	0.0	0.0	0.0	0.0	0.0	0.0	0.0	0.0	0.0	0.0	0.0	0.0	0.0	0.0	0.0	0.0	0.0	0.0	0.0	0.0	0.0	0.0	0.0	0.0	0.0	0.0	0.0	0.0	0.0	0.0	0.0	0.0	0.0	0.0	0.0	0.0
338_TASK06_CON02_11.0_posneg	posneg	11.0	0.0	0.0	0.0	0.0	0.0	0.0	0.0	0.0	0.0	0.0	0.0	0.0	0.0	0.0	0.0	0.0	0.0	0.0	0.0	0.0	0.0	0.0	0.0	0.0	0.0	0.0	0.0	0.0	0.0	0.0	0.0	0.0	0.0	0.0	0.0	0.0	0.0	0.0	0.0	0.0	0.0	0.0	0.0	0.0	0.0	0.0	0.0
338_TASK06_CON02_11.0_pos	pos	11.0	0.0	0.0	0.0	0.0	0.0	0.0	0.0	0.0	0.0	0.0	0.0	0.0	0.0	0.0	0.0	0.0	0.0	0.0	0.0	0.0	0.0	0.0	0.0	0.0	0.0	0.0	0.0	0.0	0.0	0.0	0.0	0.0	0.0	0.0	0.0	0.0	0.0	0.0	0.0	0.0	0.0	0.0	0.0	0.0	0.0	0.0	0.0
338_TASK06_CON02_12.0_posneg	posneg	12.0	0.0	0.0	0.0	0.0	0.0	0.0	0.0	0.0	0.0	0.0	0.0	0.0	0.0	0.0	0.0	0.0	0.0	0.0	0.0	0.0	0.0	0.0	0.0	0.0	0.0	0.0	0.0	0.0	0.0	0.0	0.0	0.0	0.0	0.0	0.0	0.0	0.0	0.0	0.0	0.0	0.0	0.0	0.0	0.0	0.0	0.0	0.0
338_TASK06_CON02_12.0_pos	pos	12.0	0.0	0.0	0.0	0.0	0.0	0.0	0.0	0.0	0.0	0.0	0.0	0.0	0.0	0.0	0.0	0.0	0.0	0.0	0.0	0.0	0.0	0.0	0.0	0.0	0.0	0.0	0.0	0.0	0.0	0.0	0.0	0.0	0.0	0.0	0.0	0.0	0.0	0.0	0.0	0.0	0.0	0.0	0.0	0.0	0.0	0.0	0.0
338_TASK06_CON02_13.0_posneg	posneg	13.0	0.0	0.0	0.0	0.0	0.0	0.0	0.0	0.0	0.0	0.0	0.0	0.0	0.0	0.0	0.0	0.0	0.0	0.0	0.0	0.0	0.0	0.0	0.0	0.0	0.0	0.0	0.0	0.0	0.0	0.0	0.0	0.0	0.0	0.0	0.0	0.0	0.0	0.0	0.0	0.0	0.0	0.0	0.0	0.0	0.0	0.0	0.0
338_TASK06_CON02_13.0_pos	pos	13.0	0.0	0.0	0.0	0.0	0.0	0.0	0.0	0.0	0.0	0.0	0.0	0.0	0.0	0.0	0.0	0.0	0.0	0.0	0.0	0.0	0.0	0.0	0.0	0.0	0.0	0.0	0.0	0.0	0.0	0.0	0.0	0.0	0.0	0.0	0.0	0.0	0.0	0.0	0.0	0.0	0.0	0.0	0.0	0.0	0.0	0.0	0.0
338_TASK06_CON06_0.0_posneg	posneg	0.0	228191.0	228191.0	228191.0	228191.0	228191.0	228191.0	228191.0	228191.0	228191.0	228191.0	228191.0	228191.0	228191.0	228191.0	228191.0	228191.0	228191.0	228191.0	228191.0	228191.0	228191.0	228191.0	228191.0	228191.0	228191.0	228191.0	228191.0	228191.0	228191.0	228191.0	228191.0	228191.0	228191.0	228191.0	228191.0	228191.0	228191.0	228191.0	228191.0	228191.0	228191.0	228191.0	228191.0	228191.0	228191.0	228191.0	228191.0
338_TASK06_CON06_0.0_pos	pos	0.0	93789.0	93789.0	93789.0	93789.0	93789.0	93789.0	93789.0	93789.0	93789.0	93789.0	93789.0	93789.0	93789.0	93789.0	93789.0	93789.0	93789.0	93789.0	93789.0	93789.0	93789.0	93789.0	93789.0	93789.0	93789.0	93789.0	93789.0	93789.0	93789.0	93789.0	93789.0	93789.0	93789.0	93789.0	93789.0	93789.0	93789.0	93789.0	93789.0	93789.0	93789.0	93789.0	93789.0	93789.0	93789.0	93789.0	93789.0
338_TASK06_CON06_1.0_posneg	posneg	1.0	142670.0	142670.0	142670.0	142670.0	142670.0	142670.0	142670.0	142670.0	142670.0	142670.0	142670.0	142670.0	142670.0	142670.0	142670.0	142670.0	142670.0	142670.0	142670.0	142670.0	142670.0	142670.0	142670.0	142670.0	142670.0	142670.0	142670.0	142670.0	142670.0	142670.0	142670.0	142670.0	142670.0	142670.0	142670.0	142670.0	142670.0	142670.0	142670.0	142670.0	142670.0	142670.0	142670.0	142670.0	142670.0	142670.0	142670.0
338_TASK06_CON06_1.0_pos	pos	1.0	55416.0	55416.0	55416.0	55416.0	55416.0	55416.0	55416.0	55416.0	55416.0	55416.0	55416.0	55416.0	55416.0	55416.0	55416.0	55416.0	55416.0	55416.0	55416.0	55416.0	55416.0	55416.0	55416.0	55416.0	55416.0	55416.0	55416.0	55416.0	55416.0	55416.0	55416.0	55416.0	55416.0	55416.0	55416.0	55416.0	55416.0	55416.0	55416.0	55416.0	55416.0	55416.0	55416.0	55416.0	55416.0	55416.0	55416.0
338_TASK06_CON06_2.0_posneg	posneg	2.0	74922.0	74922.0	74922.0	74922.0	74922.0	74922.0	74922.0	74922.0	74922.0	74922.0	74922.0	74922.0	74922.0	74922.0	74922.0	74922.0	74922.0	74922.0	74922.0	74922.0	74922.0	74922.0	74922.0	74922.0	74922.0	74922.0	74922.0	74922.0	74922.0	74922.0	74922.0	74922.0	74922.0	74922.0	74922.0	74922.0	74922.0	74922.0	74922.0	74922.0	74922.0	74922.0	74922.0	74922.0	74922.0	74922.0	74922.0
338_TASK06_CON06_2.0_pos	pos	2.0	30609.0	30609.0	30609.0	30609.0	30609.0	30609.0	30609.0	30609.0	30609.0	30609.0	30609.0	30609.0	30609.0	30609.0	30609.0	30609.0	30609.0	30609.0	30609.0	30609.0	30609.0	30609.0	30609.0	30609.0	30609.0	30609.0	30609.0	30609.0	30609.0	30609.0	30609.0	30609.0	30609.0	30609.0	30609.0	30609.0	30609.0	30609.0	30609.0	30609.0	30609.0	30609.0	30609.0	30609.0	30609.0	30609.0	30609.0
338_TASK06_CON06_3.0_posneg	posneg	3.0	32699.0	32699.0	32699.0	32699.0	32699.0	32699.0	32699.0	32699.0	32699.0	32699.0	32699.0	32699.0	32699.0	32699.0	32699.0	32699.0	32699.0	32699.0	32699.0	32699.0	32699.0	32699.0	32699.0	32699.0	32699.0	32699.0	32699.0	32699.0	32699.0	32699.0	32699.0	32699.0	32699.0	32699.0	32699.0	32699.0	32699.0	32699.0	32699.0	32699.0	32699.0	32699.0	32699.0	32699.0	32699.0	32699.0	32699.0
338_TASK06_CON06_3.0_pos	pos	3.0	16219.0	16219.0	16219.0	16219.0	16219.0	16219.0	16219.0	16219.0	16219.0	16219.0	16219.0	16219.0	16219.0	16219.0	16219.0	16219.0	16219.0	16219.0	16219.0	16219.0	16219.0	16219.0	16219.0	16219.0	16219.0	16219.0	16219.0	16219.0	16219.0	16219.0	16219.0	16219.0	16219.0	16219.0	16219.0	16219.0	16219.0	16219.0	16219.0	16219.0	16219.0	16219.0	16219.0	16219.0	16219.0	16219.0	16219.0
338_TASK06_CON06_4.0_posneg	posneg	4.0	11682.0	11682.0	11682.0	11682.0	11682.0	11682.0	11682.0	11682.0	11682.0	11682.0	11682.0	11682.0	11682.0	11682.0	11682.0	11682.0	11682.0	11682.0	11682.0	11682.0	11682.0	11682.0	11682.0	11682.0	11682.0	11682.0	11682.0	11682.0	11682.0	11682.0	11682.0	11682.0	11682.0	11682.0	11682.0	11682.0	11682.0	11682.0	11682.0	11682.0	11682.0	11682.0	11682.0	11682.0	11682.0	11682.0	11682.0
338_TASK06_CON06_4.0_pos	pos	4.0	7370.0	7370.0	7370.0	7370.0	7370.0	7370.0	7370.0	7370.0	7370.0	7370.0	7370.0	7370.0	7370.0	7370.0	7370.0	7370.0	7370.0	7370.0	7370.0	7370.0	7370.0	7370.0	7370.0	7370.0	7370.0	7370.0	7370.0	7370.0	7370.0	7370.0	7370.0	7370.0	7370.0	7370.0	7370.0	7370.0	7370.0	7370.0	7370.0	7370.0	7370.0	7370.0	7370.0	7370.0	7370.0	7370.0	7370.0
338_TASK06_CON06_5.0_posneg	posneg	5.0	3039.0	3039.0	3039.0	3039.0	3039.0	3039.0	3039.0	3039.0	3039.0	3039.0	3039.0	3039.0	3039.0	3039.0	3039.0	3039.0	3039.0	3039.0	3039.0	3039.0	3039.0	3039.0	3039.0	3039.0	3039.0	3039.0	3039.0	3039.0	3039.0	3039.0	3039.0	3039.0	3039.0	3039.0	3039.0	3039.0	3039.0	3039.0	3039.0	3039.0	3039.0	3039.0	3039.0	3039.0	3039.0	3039.0	3039.0
338_TASK06_CON06_5.0_pos	pos	5.0	2187.0	2187.0	2187.0	2187.0	2187.0	2187.0	2187.0	2187.0	2187.0	2187.0	2187.0	2187.0	2187.0	2187.0	2187.0	2187.0	2187.0	2187.0	2187.0	2187.0	2187.0	2187.0	2187.0	2187.0	2187.0	2187.0	2187.0	2187.0	2187.0	2187.0	2187.0	2187.0	2187.0	2187.0	2187.0	2187.0	2187.0	2187.0	2187.0	2187.0	2187.0	2187.0	2187.0	2187.0	2187.0	2187.0	2187.0
338_TASK06_CON06_6.0_posneg	posneg	6.0	537.0	537.0	537.0	537.0	537.0	537.0	537.0	537.0	537.0	537.0	537.0	537.0	537.0	537.0	537.0	537.0	537.0	537.0	537.0	537.0	537.0	537.0	537.0	537.0	537.0	537.0	537.0	537.0	537.0	537.0	537.0	537.0	537.0	537.0	537.0	537.0	537.0	537.0	537.0	537.0	537.0	537.0	537.0	537.0	537.0	537.0	537.0
338_TASK06_CON06_6.0_pos	pos	6.0	410.0	410.0	410.0	410.0	410.0	410.0	410.0	410.0	410.0	410.0	410.0	410.0	410.0	410.0	410.0	410.0	410.0	410.0	410.0	410.0	410.0	410.0	410.0	410.0	410.0	410.0	410.0	410.0	410.0	410.0	410.0	410.0	410.0	410.0	410.0	410.0	410.0	410.0	410.0	410.0	410.0	410.0	410.0	410.0	410.0	410.0	410.0
338_TASK06_CON06_7.0_posneg	posneg	7.0	31.0	31.0	31.0	31.0	31.0	31.0	31.0	31.0	31.0	31.0	31.0	31.0	31.0	31.0	31.0	31.0	31.0	31.0	31.0	31.0	31.0	31.0	31.0	31.0	31.0	31.0	31.0	31.0	31.0	31.0	31.0	31.0	31.0	31.0	31.0	31.0	31.0	31.0	31.0	31.0	31.0	31.0	31.0	31.0	31.0	31.0	31.0
338_TASK06_CON06_7.0_pos	pos	7.0	23.0	23.0	23.0	23.0	23.0	23.0	23.0	23.0	23.0	23.0	23.0	23.0	23.0	23.0	23.0	23.0	23.0	23.0	23.0	23.0	23.0	23.0	23.0	23.0	23.0	23.0	23.0	23.0	23.0	23.0	23.0	23.0	23.0	23.0	23.0	23.0	23.0	23.0	23.0	23.0	23.0	23.0	23.0	23.0	23.0	23.0	23.0
338_TASK06_CON06_8.0_posneg	posneg	8.0	0.0	0.0	0.0	0.0	0.0	0.0	0.0	0.0	0.0	0.0	0.0	0.0	0.0	0.0	0.0	0.0	0.0	0.0	0.0	0.0	0.0	0.0	0.0	0.0	0.0	0.0	0.0	0.0	0.0	0.0	0.0	0.0	0.0	0.0	0.0	0.0	0.0	0.0	0.0	0.0	0.0	0.0	0.0	0.0	0.0	0.0	0.0
338_TASK06_CON06_8.0_pos	pos	8.0	0.0	0.0	0.0	0.0	0.0	0.0	0.0	0.0	0.0	0.0	0.0	0.0	0.0	0.0	0.0	0.0	0.0	0.0	0.0	0.0	0.0	0.0	0.0	0.0	0.0	0.0	0.0	0.0	0.0	0.0	0.0	0.0	0.0	0.0	0.0	0.0	0.0	0.0	0.0	0.0	0.0	0.0	0.0	0.0	0.0	0.0	0.0
338_TASK06_CON06_9.0_posneg	posneg	9.0	0.0	0.0	0.0	0.0	0.0	0.0	0.0	0.0	0.0	0.0	0.0	0.0	0.0	0.0	0.0	0.0	0.0	0.0	0.0	0.0	0.0	0.0	0.0	0.0	0.0	0.0	0.0	0.0	0.0	0.0	0.0	0.0	0.0	0.0	0.0	0.0	0.0	0.0	0.0	0.0	0.0	0.0	0.0	0.0	0.0	0.0	0.0
338_TASK06_CON06_9.0_pos	pos	9.0	0.0	0.0	0.0	0.0	0.0	0.0	0.0	0.0	0.0	0.0	0.0	0.0	0.0	0.0	0.0	0.0	0.0	0.0	0.0	0.0	0.0	0.0	0.0	0.0	0.0	0.0	0.0	0.0	0.0	0.0	0.0	0.0	0.0	0.0	0.0	0.0	0.0	0.0	0.0	0.0	0.0	0.0	0.0	0.0	0.0	0.0	0.0
338_TASK06_CON06_10.0_posneg	posneg	10.0	0.0	0.0	0.0	0.0	0.0	0.0	0.0	0.0	0.0	0.0	0.0	0.0	0.0	0.0	0.0	0.0	0.0	0.0	0.0	0.0	0.0	0.0	0.0	0.0	0.0	0.0	0.0	0.0	0.0	0.0	0.0	0.0	0.0	0.0	0.0	0.0	0.0	0.0	0.0	0.0	0.0	0.0	0.0	0.0	0.0	0.0	0.0
338_TASK06_CON06_10.0_pos	pos	10.0	0.0	0.0	0.0	0.0	0.0	0.0	0.0	0.0	0.0	0.0	0.0	0.0	0.0	0.0	0.0	0.0	0.0	0.0	0.0	0.0	0.0	0.0	0.0	0.0	0.0	0.0	0.0	0.0	0.0	0.0	0.0	0.0	0.0	0.0	0.0	0.0	0.0	0.0	0.0	0.0	0.0	0.0	0.0	0.0	0.0	0.0	0.0
338_TASK06_CON06_11.0_posneg	posneg	11.0	0.0	0.0	0.0	0.0	0.0	0.0	0.0	0.0	0.0	0.0	0.0	0.0	0.0	0.0	0.0	0.0	0.0	0.0	0.0	0.0	0.0	0.0	0.0	0.0	0.0	0.0	0.0	0.0	0.0	0.0	0.0	0.0	0.0	0.0	0.0	0.0	0.0	0.0	0.0	0.0	0.0	0.0	0.0	0.0	0.0	0.0	0.0
338_TASK06_CON06_11.0_pos	pos	11.0	0.0	0.0	0.0	0.0	0.0	0.0	0.0	0.0	0.0	0.0	0.0	0.0	0.0	0.0	0.0	0.0	0.0	0.0	0.0	0.0	0.0	0.0	0.0	0.0	0.0	0.0	0.0	0.0	0.0	0.0	0.0	0.0	0.0	0.0	0.0	0.0	0.0	0.0	0.0	0.0	0.0	0.0	0.0	0.0	0.0	0.0	0.0
338_TASK06_CON06_12.0_posneg	posneg	12.0	0.0	0.0	0.0	0.0	0.0	0.0	0.0	0.0	0.0	0.0	0.0	0.0	0.0	0.0	0.0	0.0	0.0	0.0	0.0	0.0	0.0	0.0	0.0	0.0	0.0	0.0	0.0	0.0	0.0	0.0	0.0	0.0	0.0	0.0	0.0	0.0	0.0	0.0	0.0	0.0	0.0	0.0	0.0	0.0	0.0	0.0	0.0
338_TASK06_CON06_12.0_pos	pos	12.0	0.0	0.0	0.0	0.0	0.0	0.0	0.0	0.0	0.0	0.0	0.0	0.0	0.0	0.0	0.0	0.0	0.0	0.0	0.0	0.0	0.0	0.0	0.0	0.0	0.0	0.0	0.0	0.0	0.0	0.0	0.0	0.0	0.0	0.0	0.0	0.0	0.0	0.0	0.0	0.0	0.0	0.0	0.0	0.0	0.0	0.0	0.0
338_TASK06_CON06_13.0_posneg	posneg	13.0	0.0	0.0	0.0	0.0	0.0	0.0	0.0	0.0	0.0	0.0	0.0	0.0	0.0	0.0	0.0	0.0	0.0	0.0	0.0	0.0	0.0	0.0	0.0	0.0	0.0	0.0	0.0	0.0	0.0	0.0	0.0	0.0	0.0	0.0	0.0	0.0	0.0	0.0	0.0	0.0	0.0	0.0	0.0	0.0	0.0	0.0	0.0
338_TASK06_CON06_13.0_pos	pos	13.0	0.0	0.0	0.0	0.0	0.0	0.0	0.0	0.0	0.0	0.0	0.0	0.0	0.0	0.0	0.0	0.0	0.0	0.0	0.0	0.0	0.0	0.0	0.0	0.0	0.0	0.0	0.0	0.0	0.0	0.0	0.0	0.0	0.0	0.0	0.0	0.0	0.0	0.0	0.0	0.0	0.0	0.0	0.0	0.0	0.0	0.0	0.0
338_TASK07_CON31_0.0_posneg	posneg	0.0	228191.0	228191.0	228191.0	228191.0	228191.0	228191.0	228191.0	228191.0	228191.0	228191.0	228191.0	228191.0	228191.0	228191.0	228191.0	228191.0	228191.0	228191.0	228191.0	228191.0	228191.0	228191.0	228191.0	228191.0	228191.0	228191.0	228191.0	228191.0	228191.0	228191.0	228191.0	228191.0	228191.0	228191.0	228191.0	228191.0	228191.0	228191.0	228191.0	228191.0	228191.0	228191.0	228191.0	228191.0	228191.0	228191.0	228191.0
338_TASK07_CON31_0.0_pos	pos	0.0	147639.0	147639.0	147639.0	147639.0	147639.0	147639.0	147639.0	147639.0	147639.0	147639.0	147639.0	147639.0	147639.0	147639.0	147639.0	147639.0	147639.0	147639.0	147639.0	147639.0	147639.0	147639.0	147639.0	147639.0	147639.0	147639.0	147639.0	147639.0	147639.0	147639.0	147639.0	147639.0	147639.0	147639.0	147639.0	147639.0	147639.0	147639.0	147639.0	147639.0	147639.0	147639.0	147639.0	147639.0	147639.0	147639.0	147639.0
338_TASK07_CON31_1.0_posneg	posneg	1.0	158452.0	158452.0	158452.0	158452.0	158452.0	158452.0	158452.0	158452.0	158452.0	158452.0	158452.0	158452.0	158452.0	158452.0	158452.0	158452.0	158452.0	158452.0	158452.0	158452.0	158452.0	158452.0	158452.0	158452.0	158452.0	158452.0	158452.0	158452.0	158452.0	158452.0	158452.0	158452.0	158452.0	158452.0	158452.0	158452.0	158452.0	158452.0	158452.0	158452.0	158452.0	158452.0	158452.0	158452.0	158452.0	158452.0	158452.0
338_TASK07_CON31_1.0_pos	pos	1.0	110113.0	110113.0	110113.0	110113.0	110113.0	110113.0	110113.0	110113.0	110113.0	110113.0	110113.0	110113.0	110113.0	110113.0	110113.0	110113.0	110113.0	110113.0	110113.0	110113.0	110113.0	110113.0	110113.0	110113.0	110113.0	110113.0	110113.0	110113.0	110113.0	110113.0	110113.0	110113.0	110113.0	110113.0	110113.0	110113.0	110113.0	110113.0	110113.0	110113.0	110113.0	110113.0	110113.0	110113.0	110113.0	110113.0	110113.0
338_TASK07_CON31_2.0_posneg	posneg	2.0	102123.0	102123.0	102123.0	102123.0	102123.0	102123.0	102123.0	102123.0	102123.0	102123.0	102123.0	102123.0	102123.0	102123.0	102123.0	102123.0	102123.0	102123.0	102123.0	102123.0	102123.0	102123.0	102123.0	102123.0	102123.0	102123.0	102123.0	102123.0	102123.0	102123.0	102123.0	102123.0	102123.0	102123.0	102123.0	102123.0	102123.0	102123.0	102123.0	102123.0	102123.0	102123.0	102123.0	102123.0	102123.0	102123.0	102123.0
338_TASK07_CON31_2.0_pos	pos	2.0	76450.0	76450.0	76450.0	76450.0	76450.0	76450.0	76450.0	76450.0	76450.0	76450.0	76450.0	76450.0	76450.0	76450.0	76450.0	76450.0	76450.0	76450.0	76450.0	76450.0	76450.0	76450.0	76450.0	76450.0	76450.0	76450.0	76450.0	76450.0	76450.0	76450.0	76450.0	76450.0	76450.0	76450.0	76450.0	76450.0	76450.0	76450.0	76450.0	76450.0	76450.0	76450.0	76450.0	76450.0	76450.0	76450.0	76450.0
338_TASK07_CON31_3.0_posneg	posneg	3.0	62581.0	62581.0	62581.0	62581.0	62581.0	62581.0	62581.0	62581.0	62581.0	62581.0	62581.0	62581.0	62581.0	62581.0	62581.0	62581.0	62581.0	62581.0	62581.0	62581.0	62581.0	62581.0	62581.0	62581.0	62581.0	62581.0	62581.0	62581.0	62581.0	62581.0	62581.0	62581.0	62581.0	62581.0	62581.0	62581.0	62581.0	62581.0	62581.0	62581.0	62581.0	62581.0	62581.0	62581.0	62581.0	62581.0	62581.0
338_TASK07_CON31_3.0_pos	pos	3.0	50682.0	50682.0	50682.0	50682.0	50682.0	50682.0	50682.0	50682.0	50682.0	50682.0	50682.0	50682.0	50682.0	50682.0	50682.0	50682.0	50682.0	50682.0	50682.0	50682.0	50682.0	50682.0	50682.0	50682.0	50682.0	50682.0	50682.0	50682.0	50682.0	50682.0	50682.0	50682.0	50682.0	50682.0	50682.0	50682.0	50682.0	50682.0	50682.0	50682.0	50682.0	50682.0	50682.0	50682.0	50682.0	50682.0	50682.0
338_TASK07_CON31_4.0_posneg	posneg	4.0	36035.0	36035.0	36035.0	36035.0	36035.0	36035.0	36035.0	36035.0	36035.0	36035.0	36035.0	36035.0	36035.0	36035.0	36035.0	36035.0	36035.0	36035.0	36035.0	36035.0	36035.0	36035.0	36035.0	36035.0	36035.0	36035.0	36035.0	36035.0	36035.0	36035.0	36035.0	36035.0	36035.0	36035.0	36035.0	36035.0	36035.0	36035.0	36035.0	36035.0	36035.0	36035.0	36035.0	36035.0	36035.0	36035.0	36035.0
338_TASK07_CON31_4.0_pos	pos	4.0	31938.0	31938.0	31938.0	31938.0	31938.0	31938.0	31938.0	31938.0	31938.0	31938.0	31938.0	31938.0	31938.0	31938.0	31938.0	31938.0	31938.0	31938.0	31938.0	31938.0	31938.0	31938.0	31938.0	31938.0	31938.0	31938.0	31938.0	31938.0	31938.0	31938.0	31938.0	31938.0	31938.0	31938.0	31938.0	31938.0	31938.0	31938.0	31938.0	31938.0	31938.0	31938.0	31938.0	31938.0	31938.0	31938.0	31938.0
338_TASK07_CON31_5.0_posneg	posneg	5.0	18505.0	18505.0	18505.0	18505.0	18505.0	18505.0	18505.0	18505.0	18505.0	18505.0	18505.0	18505.0	18505.0	18505.0	18505.0	18505.0	18505.0	18505.0	18505.0	18505.0	18505.0	18505.0	18505.0	18505.0	18505.0	18505.0	18505.0	18505.0	18505.0	18505.0	18505.0	18505.0	18505.0	18505.0	18505.0	18505.0	18505.0	18505.0	18505.0	18505.0	18505.0	18505.0	18505.0	18505.0	18505.0	18505.0	18505.0
338_TASK07_CON31_5.0_pos	pos	5.0	17619.0	17619.0	17619.0	17619.0	17619.0	17619.0	17619.0	17619.0	17619.0	17619.0	17619.0	17619.0	17619.0	17619.0	17619.0	17619.0	17619.0	17619.0	17619.0	17619.0	17619.0	17619.0	17619.0	17619.0	17619.0	17619.0	17619.0	17619.0	17619.0	17619.0	17619.0	17619.0	17619.0	17619.0	17619.0	17619.0	17619.0	17619.0	17619.0	17619.0	17619.0	17619.0	17619.0	17619.0	17619.0	17619.0	17619.0
338_TASK07_CON31_6.0_posneg	posneg	6.0	7514.0	7514.0	7514.0	7514.0	7514.0	7514.0	7514.0	7514.0	7514.0	7514.0	7514.0	7514.0	7514.0	7514.0	7514.0	7514.0	7514.0	7514.0	7514.0	7514.0	7514.0	7514.0	7514.0	7514.0	7514.0	7514.0	7514.0	7514.0	7514.0	7514.0	7514.0	7514.0	7514.0	7514.0	7514.0	7514.0	7514.0	7514.0	7514.0	7514.0	7514.0	7514.0	7514.0	7514.0	7514.0	7514.0	7514.0
338_TASK07_CON31_6.0_pos	pos	6.0	7441.0	7441.0	7441.0	7441.0	7441.0	7441.0	7441.0	7441.0	7441.0	7441.0	7441.0	7441.0	7441.0	7441.0	7441.0	7441.0	7441.0	7441.0	7441.0	7441.0	7441.0	7441.0	7441.0	7441.0	7441.0	7441.0	7441.0	7441.0	7441.0	7441.0	7441.0	7441.0	7441.0	7441.0	7441.0	7441.0	7441.0	7441.0	7441.0	7441.0	7441.0	7441.0	7441.0	7441.0	7441.0	7441.0	7441.0
338_TASK07_CON31_7.0_posneg	posneg	7.0	1752.0	1752.0	1752.0	1752.0	1752.0	1752.0	1752.0	1752.0	1752.0	1752.0	1752.0	1752.0	1752.0	1752.0	1752.0	1752.0	1752.0	1752.0	1752.0	1752.0	1752.0	1752.0	1752.0	1752.0	1752.0	1752.0	1752.0	1752.0	1752.0	1752.0	1752.0	1752.0	1752.0	1752.0	1752.0	1752.0	1752.0	1752.0	1752.0	1752.0	1752.0	1752.0	1752.0	1752.0	1752.0	1752.0	1752.0
338_TASK07_CON31_7.0_pos	pos	7.0	1752.0	1752.0	1752.0	1752.0	1752.0	1752.0	1752.0	1752.0	1752.0	1752.0	1752.0	1752.0	1752.0	1752.0	1752.0	1752.0	1752.0	1752.0	1752.0	1752.0	1752.0	1752.0	1752.0	1752.0	1752.0	1752.0	1752.0	1752.0	1752.0	1752.0	1752.0	1752.0	1752.0	1752.0	1752.0	1752.0	1752.0	1752.0	1752.0	1752.0	1752.0	1752.0	1752.0	1752.0	1752.0	1752.0	1752.0
338_TASK07_CON31_8.0_posneg	posneg	8.0	120.0	120.0	120.0	120.0	120.0	120.0	120.0	120.0	120.0	120.0	120.0	120.0	120.0	120.0	120.0	120.0	120.0	120.0	120.0	120.0	120.0	120.0	120.0	120.0	120.0	120.0	120.0	120.0	120.0	120.0	120.0	120.0	120.0	120.0	120.0	120.0	120.0	120.0	120.0	120.0	120.0	120.0	120.0	120.0	120.0	120.0	120.0
338_TASK07_CON31_8.0_pos	pos	8.0	120.0	120.0	120.0	120.0	120.0	120.0	120.0	120.0	120.0	120.0	120.0	120.0	120.0	120.0	120.0	120.0	120.0	120.0	120.0	120.0	120.0	120.0	120.0	120.0	120.0	120.0	120.0	120.0	120.0	120.0	120.0	120.0	120.0	120.0	120.0	120.0	120.0	120.0	120.0	120.0	120.0	120.0	120.0	120.0	120.0	120.0	120.0
338_TASK07_CON31_9.0_posneg	posneg	9.0	1.0	1.0	1.0	1.0	1.0	1.0	1.0	1.0	1.0	1.0	1.0	1.0	1.0	1.0	1.0	1.0	1.0	1.0	1.0	1.0	1.0	1.0	1.0	1.0	1.0	1.0	1.0	1.0	1.0	1.0	1.0	1.0	1.0	1.0	1.0	1.0	1.0	1.0	1.0	1.0	1.0	1.0	1.0	1.0	1.0	1.0	1.0
338_TASK07_CON31_9.0_pos	pos	9.0	1.0	1.0	1.0	1.0	1.0	1.0	1.0	1.0	1.0	1.0	1.0	1.0	1.0	1.0	1.0	1.0	1.0	1.0	1.0	1.0	1.0	1.0	1.0	1.0	1.0	1.0	1.0	1.0	1.0	1.0	1.0	1.0	1.0	1.0	1.0	1.0	1.0	1.0	1.0	1.0	1.0	1.0	1.0	1.0	1.0	1.0	1.0
338_TASK07_CON31_10.0_posneg	posneg	10.0	0.0	0.0	0.0	0.0	0.0	0.0	0.0	0.0	0.0	0.0	0.0	0.0	0.0	0.0	0.0	0.0	0.0	0.0	0.0	0.0	0.0	0.0	0.0	0.0	0.0	0.0	0.0	0.0	0.0	0.0	0.0	0.0	0.0	0.0	0.0	0.0	0.0	0.0	0.0	0.0	0.0	0.0	0.0	0.0	0.0	0.0	0.0
338_TASK07_CON31_10.0_pos	pos	10.0	0.0	0.0	0.0	0.0	0.0	0.0	0.0	0.0	0.0	0.0	0.0	0.0	0.0	0.0	0.0	0.0	0.0	0.0	0.0	0.0	0.0	0.0	0.0	0.0	0.0	0.0	0.0	0.0	0.0	0.0	0.0	0.0	0.0	0.0	0.0	0.0	0.0	0.0	0.0	0.0	0.0	0.0	0.0	0.0	0.0	0.0	0.0
338_TASK07_CON31_11.0_posneg	posneg	11.0	0.0	0.0	0.0	0.0	0.0	0.0	0.0	0.0	0.0	0.0	0.0	0.0	0.0	0.0	0.0	0.0	0.0	0.0	0.0	0.0	0.0	0.0	0.0	0.0	0.0	0.0	0.0	0.0	0.0	0.0	0.0	0.0	0.0	0.0	0.0	0.0	0.0	0.0	0.0	0.0	0.0	0.0	0.0	0.0	0.0	0.0	0.0
338_TASK07_CON31_11.0_pos	pos	11.0	0.0	0.0	0.0	0.0	0.0	0.0	0.0	0.0	0.0	0.0	0.0	0.0	0.0	0.0	0.0	0.0	0.0	0.0	0.0	0.0	0.0	0.0	0.0	0.0	0.0	0.0	0.0	0.0	0.0	0.0	0.0	0.0	0.0	0.0	0.0	0.0	0.0	0.0	0.0	0.0	0.0	0.0	0.0	0.0	0.0	0.0	0.0
338_TASK07_CON31_12.0_posneg	posneg	12.0	0.0	0.0	0.0	0.0	0.0	0.0	0.0	0.0	0.0	0.0	0.0	0.0	0.0	0.0	0.0	0.0	0.0	0.0	0.0	0.0	0.0	0.0	0.0	0.0	0.0	0.0	0.0	0.0	0.0	0.0	0.0	0.0	0.0	0.0	0.0	0.0	0.0	0.0	0.0	0.0	0.0	0.0	0.0	0.0	0.0	0.0	0.0
338_TASK07_CON31_12.0_pos	pos	12.0	0.0	0.0	0.0	0.0	0.0	0.0	0.0	0.0	0.0	0.0	0.0	0.0	0.0	0.0	0.0	0.0	0.0	0.0	0.0	0.0	0.0	0.0	0.0	0.0	0.0	0.0	0.0	0.0	0.0	0.0	0.0	0.0	0.0	0.0	0.0	0.0	0.0	0.0	0.0	0.0	0.0	0.0	0.0	0.0	0.0	0.0	0.0
338_TASK07_CON31_13.0_posneg	posneg	13.0	0.0	0.0	0.0	0.0	0.0	0.0	0.0	0.0	0.0	0.0	0.0	0.0	0.0	0.0	0.0	0.0	0.0	0.0	0.0	0.0	0.0	0.0	0.0	0.0	0.0	0.0	0.0	0.0	0.0	0.0	0.0	0.0	0.0	0.0	0.0	0.0	0.0	0.0	0.0	0.0	0.0	0.0	0.0	0.0	0.0	0.0	0.0
338_TASK07_CON31_13.0_pos	pos	13.0	0.0	0.0	0.0	0.0	0.0	0.0	0.0	0.0	0.0	0.0	0.0	0.0	0.0	0.0	0.0	0.0	0.0	0.0	0.0	0.0	0.0	0.0	0.0	0.0	0.0	0.0	0.0	0.0	0.0	0.0	0.0	0.0	0.0	0.0	0.0	0.0	0.0	0.0	0.0	0.0	0.0	0.0	0.0	0.0	0.0	0.0	0.0
338_TASK07_CON32_0.0_posneg	posneg	0.0	228191.0	228191.0	228191.0	228191.0	228191.0	228191.0	228191.0	228191.0	228191.0	228191.0	228191.0	228191.0	228191.0	228191.0	228191.0	228191.0	228191.0	228191.0	228191.0	228191.0	228191.0	228191.0	228191.0	228191.0	228191.0	228191.0	228191.0	228191.0	228191.0	228191.0	228191.0	228191.0	228191.0	228191.0	228191.0	228191.0	228191.0	228191.0	228191.0	228191.0	228191.0	228191.0	228191.0	228191.0	228191.0	228191.0	228191.0
338_TASK07_CON32_0.0_pos	pos	0.0	134254.0	134254.0	134254.0	134254.0	134254.0	134254.0	134254.0	134254.0	134254.0	134254.0	134254.0	134254.0	134254.0	134254.0	134254.0	134254.0	134254.0	134254.0	134254.0	134254.0	134254.0	134254.0	134254.0	134254.0	134254.0	134254.0	134254.0	134254.0	134254.0	134254.0	134254.0	134254.0	134254.0	134254.0	134254.0	134254.0	134254.0	134254.0	134254.0	134254.0	134254.0	134254.0	134254.0	134254.0	134254.0	134254.0	134254.0
338_TASK07_CON32_1.0_posneg	posneg	1.0	158279.0	158279.0	158279.0	158279.0	158279.0	158279.0	158279.0	158279.0	158279.0	158279.0	158279.0	158279.0	158279.0	158279.0	158279.0	158279.0	158279.0	158279.0	158279.0	158279.0	158279.0	158279.0	158279.0	158279.0	158279.0	158279.0	158279.0	158279.0	158279.0	158279.0	158279.0	158279.0	158279.0	158279.0	158279.0	158279.0	158279.0	158279.0	158279.0	158279.0	158279.0	158279.0	158279.0	158279.0	158279.0	158279.0	158279.0
338_TASK07_CON32_1.0_pos	pos	1.0	97707.0	97707.0	97707.0	97707.0	97707.0	97707.0	97707.0	97707.0	97707.0	97707.0	97707.0	97707.0	97707.0	97707.0	97707.0	97707.0	97707.0	97707.0	97707.0	97707.0	97707.0	97707.0	97707.0	97707.0	97707.0	97707.0	97707.0	97707.0	97707.0	97707.0	97707.0	97707.0	97707.0	97707.0	97707.0	97707.0	97707.0	97707.0	97707.0	97707.0	97707.0	97707.0	97707.0	97707.0	97707.0	97707.0	97707.0
338_TASK07_CON32_2.0_posneg	posneg	2.0	102488.0	102488.0	102488.0	102488.0	102488.0	102488.0	102488.0	102488.0	102488.0	102488.0	102488.0	102488.0	102488.0	102488.0	102488.0	102488.0	102488.0	102488.0	102488.0	102488.0	102488.0	102488.0	102488.0	102488.0	102488.0	102488.0	102488.0	102488.0	102488.0	102488.0	102488.0	102488.0	102488.0	102488.0	102488.0	102488.0	102488.0	102488.0	102488.0	102488.0	102488.0	102488.0	102488.0	102488.0	102488.0	102488.0	102488.0
338_TASK07_CON32_2.0_pos	pos	2.0	66378.0	66378.0	66378.0	66378.0	66378.0	66378.0	66378.0	66378.0	66378.0	66378.0	66378.0	66378.0	66378.0	66378.0	66378.0	66378.0	66378.0	66378.0	66378.0	66378.0	66378.0	66378.0	66378.0	66378.0	66378.0	66378.0	66378.0	66378.0	66378.0	66378.0	66378.0	66378.0	66378.0	66378.0	66378.0	66378.0	66378.0	66378.0	66378.0	66378.0	66378.0	66378.0	66378.0	66378.0	66378.0	66378.0	66378.0
338_TASK07_CON32_3.0_posneg	posneg	3.0	62812.0	62812.0	62812.0	62812.0	62812.0	62812.0	62812.0	62812.0	62812.0	62812.0	62812.0	62812.0	62812.0	62812.0	62812.0	62812.0	62812.0	62812.0	62812.0	62812.0	62812.0	62812.0	62812.0	62812.0	62812.0	62812.0	62812.0	62812.0	62812.0	62812.0	62812.0	62812.0	62812.0	62812.0	62812.0	62812.0	62812.0	62812.0	62812.0	62812.0	62812.0	62812.0	62812.0	62812.0	62812.0	62812.0	62812.0
338_TASK07_CON32_3.0_pos	pos	3.0	43097.0	43097.0	43097.0	43097.0	43097.0	43097.0	43097.0	43097.0	43097.0	43097.0	43097.0	43097.0	43097.0	43097.0	43097.0	43097.0	43097.0	43097.0	43097.0	43097.0	43097.0	43097.0	43097.0	43097.0	43097.0	43097.0	43097.0	43097.0	43097.0	43097.0	43097.0	43097.0	43097.0	43097.0	43097.0	43097.0	43097.0	43097.0	43097.0	43097.0	43097.0	43097.0	43097.0	43097.0	43097.0	43097.0	43097.0
338_TASK07_CON32_4.0_posneg	posneg	4.0	35669.0	35669.0	35669.0	35669.0	35669.0	35669.0	35669.0	35669.0	35669.0	35669.0	35669.0	35669.0	35669.0	35669.0	35669.0	35669.0	35669.0	35669.0	35669.0	35669.0	35669.0	35669.0	35669.0	35669.0	35669.0	35669.0	35669.0	35669.0	35669.0	35669.0	35669.0	35669.0	35669.0	35669.0	35669.0	35669.0	35669.0	35669.0	35669.0	35669.0	35669.0	35669.0	35669.0	35669.0	35669.0	35669.0	35669.0
338_TASK07_CON32_4.0_pos	pos	4.0	26567.0	26567.0	26567.0	26567.0	26567.0	26567.0	26567.0	26567.0	26567.0	26567.0	26567.0	26567.0	26567.0	26567.0	26567.0	26567.0	26567.0	26567.0	26567.0	26567.0	26567.0	26567.0	26567.0	26567.0	26567.0	26567.0	26567.0	26567.0	26567.0	26567.0	26567.0	26567.0	26567.0	26567.0	26567.0	26567.0	26567.0	26567.0	26567.0	26567.0	26567.0	26567.0	26567.0	26567.0	26567.0	26567.0	26567.0
338_TASK07_CON32_5.0_posneg	posneg	5.0	17190.0	17190.0	17190.0	17190.0	17190.0	17190.0	17190.0	17190.0	17190.0	17190.0	17190.0	17190.0	17190.0	17190.0	17190.0	17190.0	17190.0	17190.0	17190.0	17190.0	17190.0	17190.0	17190.0	17190.0	17190.0	17190.0	17190.0	17190.0	17190.0	17190.0	17190.0	17190.0	17190.0	17190.0	17190.0	17190.0	17190.0	17190.0	17190.0	17190.0	17190.0	17190.0	17190.0	17190.0	17190.0	17190.0	17190.0
338_TASK07_CON32_5.0_pos	pos	5.0	14348.0	14348.0	14348.0	14348.0	14348.0	14348.0	14348.0	14348.0	14348.0	14348.0	14348.0	14348.0	14348.0	14348.0	14348.0	14348.0	14348.0	14348.0	14348.0	14348.0	14348.0	14348.0	14348.0	14348.0	14348.0	14348.0	14348.0	14348.0	14348.0	14348.0	14348.0	14348.0	14348.0	14348.0	14348.0	14348.0	14348.0	14348.0	14348.0	14348.0	14348.0	14348.0	14348.0	14348.0	14348.0	14348.0	14348.0
338_TASK07_CON32_6.0_posneg	posneg	6.0	6098.0	6098.0	6098.0	6098.0	6098.0	6098.0	6098.0	6098.0	6098.0	6098.0	6098.0	6098.0	6098.0	6098.0	6098.0	6098.0	6098.0	6098.0	6098.0	6098.0	6098.0	6098.0	6098.0	6098.0	6098.0	6098.0	6098.0	6098.0	6098.0	6098.0	6098.0	6098.0	6098.0	6098.0	6098.0	6098.0	6098.0	6098.0	6098.0	6098.0	6098.0	6098.0	6098.0	6098.0	6098.0	6098.0	6098.0
338_TASK07_CON32_6.0_pos	pos	6.0	5700.0	5700.0	5700.0	5700.0	5700.0	5700.0	5700.0	5700.0	5700.0	5700.0	5700.0	5700.0	5700.0	5700.0	5700.0	5700.0	5700.0	5700.0	5700.0	5700.0	5700.0	5700.0	5700.0	5700.0	5700.0	5700.0	5700.0	5700.0	5700.0	5700.0	5700.0	5700.0	5700.0	5700.0	5700.0	5700.0	5700.0	5700.0	5700.0	5700.0	5700.0	5700.0	5700.0	5700.0	5700.0	5700.0	5700.0
338_TASK07_CON32_7.0_posneg	posneg	7.0	1141.0	1141.0	1141.0	1141.0	1141.0	1141.0	1141.0	1141.0	1141.0	1141.0	1141.0	1141.0	1141.0	1141.0	1141.0	1141.0	1141.0	1141.0	1141.0	1141.0	1141.0	1141.0	1141.0	1141.0	1141.0	1141.0	1141.0	1141.0	1141.0	1141.0	1141.0	1141.0	1141.0	1141.0	1141.0	1141.0	1141.0	1141.0	1141.0	1141.0	1141.0	1141.0	1141.0	1141.0	1141.0	1141.0	1141.0
338_TASK07_CON32_7.0_pos	pos	7.0	1123.0	1123.0	1123.0	1123.0	1123.0	1123.0	1123.0	1123.0	1123.0	1123.0	1123.0	1123.0	1123.0	1123.0	1123.0	1123.0	1123.0	1123.0	1123.0	1123.0	1123.0	1123.0	1123.0	1123.0	1123.0	1123.0	1123.0	1123.0	1123.0	1123.0	1123.0	1123.0	1123.0	1123.0	1123.0	1123.0	1123.0	1123.0	1123.0	1123.0	1123.0	1123.0	1123.0	1123.0	1123.0	1123.0	1123.0
338_TASK07_CON32_8.0_posneg	posneg	8.0	58.0	58.0	58.0	58.0	58.0	58.0	58.0	58.0	58.0	58.0	58.0	58.0	58.0	58.0	58.0	58.0	58.0	58.0	58.0	58.0	58.0	58.0	58.0	58.0	58.0	58.0	58.0	58.0	58.0	58.0	58.0	58.0	58.0	58.0	58.0	58.0	58.0	58.0	58.0	58.0	58.0	58.0	58.0	58.0	58.0	58.0	58.0
338_TASK07_CON32_8.0_pos	pos	8.0	58.0	58.0	58.0	58.0	58.0	58.0	58.0	58.0	58.0	58.0	58.0	58.0	58.0	58.0	58.0	58.0	58.0	58.0	58.0	58.0	58.0	58.0	58.0	58.0	58.0	58.0	58.0	58.0	58.0	58.0	58.0	58.0	58.0	58.0	58.0	58.0	58.0	58.0	58.0	58.0	58.0	58.0	58.0	58.0	58.0	58.0	58.0
338_TASK07_CON32_9.0_posneg	posneg	9.0	0.0	0.0	0.0	0.0	0.0	0.0	0.0	0.0	0.0	0.0	0.0	0.0	0.0	0.0	0.0	0.0	0.0	0.0	0.0	0.0	0.0	0.0	0.0	0.0	0.0	0.0	0.0	0.0	0.0	0.0	0.0	0.0	0.0	0.0	0.0	0.0	0.0	0.0	0.0	0.0	0.0	0.0	0.0	0.0	0.0	0.0	0.0
338_TASK07_CON32_9.0_pos	pos	9.0	0.0	0.0	0.0	0.0	0.0	0.0	0.0	0.0	0.0	0.0	0.0	0.0	0.0	0.0	0.0	0.0	0.0	0.0	0.0	0.0	0.0	0.0	0.0	0.0	0.0	0.0	0.0	0.0	0.0	0.0	0.0	0.0	0.0	0.0	0.0	0.0	0.0	0.0	0.0	0.0	0.0	0.0	0.0	0.0	0.0	0.0	0.0
338_TASK07_CON32_10.0_posneg	posneg	10.0	0.0	0.0	0.0	0.0	0.0	0.0	0.0	0.0	0.0	0.0	0.0	0.0	0.0	0.0	0.0	0.0	0.0	0.0	0.0	0.0	0.0	0.0	0.0	0.0	0.0	0.0	0.0	0.0	0.0	0.0	0.0	0.0	0.0	0.0	0.0	0.0	0.0	0.0	0.0	0.0	0.0	0.0	0.0	0.0	0.0	0.0	0.0
338_TASK07_CON32_10.0_pos	pos	10.0	0.0	0.0	0.0	0.0	0.0	0.0	0.0	0.0	0.0	0.0	0.0	0.0	0.0	0.0	0.0	0.0	0.0	0.0	0.0	0.0	0.0	0.0	0.0	0.0	0.0	0.0	0.0	0.0	0.0	0.0	0.0	0.0	0.0	0.0	0.0	0.0	0.0	0.0	0.0	0.0	0.0	0.0	0.0	0.0	0.0	0.0	0.0
338_TASK07_CON32_11.0_posneg	posneg	11.0	0.0	0.0	0.0	0.0	0.0	0.0	0.0	0.0	0.0	0.0	0.0	0.0	0.0	0.0	0.0	0.0	0.0	0.0	0.0	0.0	0.0	0.0	0.0	0.0	0.0	0.0	0.0	0.0	0.0	0.0	0.0	0.0	0.0	0.0	0.0	0.0	0.0	0.0	0.0	0.0	0.0	0.0	0.0	0.0	0.0	0.0	0.0
338_TASK07_CON32_11.0_pos	pos	11.0	0.0	0.0	0.0	0.0	0.0	0.0	0.0	0.0	0.0	0.0	0.0	0.0	0.0	0.0	0.0	0.0	0.0	0.0	0.0	0.0	0.0	0.0	0.0	0.0	0.0	0.0	0.0	0.0	0.0	0.0	0.0	0.0	0.0	0.0	0.0	0.0	0.0	0.0	0.0	0.0	0.0	0.0	0.0	0.0	0.0	0.0	0.0
338_TASK07_CON32_12.0_posneg	posneg	12.0	0.0	0.0	0.0	0.0	0.0	0.0	0.0	0.0	0.0	0.0	0.0	0.0	0.0	0.0	0.0	0.0	0.0	0.0	0.0	0.0	0.0	0.0	0.0	0.0	0.0	0.0	0.0	0.0	0.0	0.0	0.0	0.0	0.0	0.0	0.0	0.0	0.0	0.0	0.0	0.0	0.0	0.0	0.0	0.0	0.0	0.0	0.0
338_TASK07_CON32_12.0_pos	pos	12.0	0.0	0.0	0.0	0.0	0.0	0.0	0.0	0.0	0.0	0.0	0.0	0.0	0.0	0.0	0.0	0.0	0.0	0.0	0.0	0.0	0.0	0.0	0.0	0.0	0.0	0.0	0.0	0.0	0.0	0.0	0.0	0.0	0.0	0.0	0.0	0.0	0.0	0.0	0.0	0.0	0.0	0.0	0.0	0.0	0.0	0.0	0.0
338_TASK07_CON32_13.0_posneg	posneg	13.0	0.0	0.0	0.0	0.0	0.0	0.0	0.0	0.0	0.0	0.0	0.0	0.0	0.0	0.0	0.0	0.0	0.0	0.0	0.0	0.0	0.0	0.0	0.0	0.0	0.0	0.0	0.0	0.0	0.0	0.0	0.0	0.0	0.0	0.0	0.0	0.0	0.0	0.0	0.0	0.0	0.0	0.0	0.0	0.0	0.0	0.0	0.0
338_TASK07_CON32_13.0_pos	pos	13.0	0.0	0.0	0.0	0.0	0.0	0.0	0.0	0.0	0.0	0.0	0.0	0.0	0.0	0.0	0.0	0.0	0.0	0.0	0.0	0.0	0.0	0.0	0.0	0.0	0.0	0.0	0.0	0.0	0.0	0.0	0.0	0.0	0.0	0.0	0.0	0.0	0.0	0.0	0.0	0.0	0.0	0.0	0.0	0.0	0.0	0.0	0.0
338_TASK07_CON33_0.0_posneg	posneg	0.0	228191.0	228191.0	228191.0	228191.0	228191.0	228191.0	228191.0	228191.0	228191.0	228191.0	228191.0	228191.0	228191.0	228191.0	228191.0	228191.0	228191.0	228191.0	228191.0	228191.0	228191.0	228191.0	228191.0	228191.0	228191.0	228191.0	228191.0	228191.0	228191.0	228191.0	228191.0	228191.0	228191.0	228191.0	228191.0	228191.0	228191.0	228191.0	228191.0	228191.0	228191.0	228191.0	228191.0	228191.0	228191.0	228191.0	228191.0
338_TASK07_CON33_0.0_pos	pos	0.0	150855.0	150855.0	150855.0	150855.0	150855.0	150855.0	150855.0	150855.0	150855.0	150855.0	150855.0	150855.0	150855.0	150855.0	150855.0	150855.0	150855.0	150855.0	150855.0	150855.0	150855.0	150855.0	150855.0	150855.0	150855.0	150855.0	150855.0	150855.0	150855.0	150855.0	150855.0	150855.0	150855.0	150855.0	150855.0	150855.0	150855.0	150855.0	150855.0	150855.0	150855.0	150855.0	150855.0	150855.0	150855.0	150855.0	150855.0
338_TASK07_CON33_1.0_posneg	posneg	1.0	159721.0	159721.0	159721.0	159721.0	159721.0	159721.0	159721.0	159721.0	159721.0	159721.0	159721.0	159721.0	159721.0	159721.0	159721.0	159721.0	159721.0	159721.0	159721.0	159721.0	159721.0	159721.0	159721.0	159721.0	159721.0	159721.0	159721.0	159721.0	159721.0	159721.0	159721.0	159721.0	159721.0	159721.0	159721.0	159721.0	159721.0	159721.0	159721.0	159721.0	159721.0	159721.0	159721.0	159721.0	159721.0	159721.0	159721.0
338_TASK07_CON33_1.0_pos	pos	1.0	113743.0	113743.0	113743.0	113743.0	113743.0	113743.0	113743.0	113743.0	113743.0	113743.0	113743.0	113743.0	113743.0	113743.0	113743.0	113743.0	113743.0	113743.0	113743.0	113743.0	113743.0	113743.0	113743.0	113743.0	113743.0	113743.0	113743.0	113743.0	113743.0	113743.0	113743.0	113743.0	113743.0	113743.0	113743.0	113743.0	113743.0	113743.0	113743.0	113743.0	113743.0	113743.0	113743.0	113743.0	113743.0	113743.0	113743.0
338_TASK07_CON33_2.0_posneg	posneg	2.0	104143.0	104143.0	104143.0	104143.0	104143.0	104143.0	104143.0	104143.0	104143.0	104143.0	104143.0	104143.0	104143.0	104143.0	104143.0	104143.0	104143.0	104143.0	104143.0	104143.0	104143.0	104143.0	104143.0	104143.0	104143.0	104143.0	104143.0	104143.0	104143.0	104143.0	104143.0	104143.0	104143.0	104143.0	104143.0	104143.0	104143.0	104143.0	104143.0	104143.0	104143.0	104143.0	104143.0	104143.0	104143.0	104143.0	104143.0
338_TASK07_CON33_2.0_pos	pos	2.0	79697.0	79697.0	79697.0	79697.0	79697.0	79697.0	79697.0	79697.0	79697.0	79697.0	79697.0	79697.0	79697.0	79697.0	79697.0	79697.0	79697.0	79697.0	79697.0	79697.0	79697.0	79697.0	79697.0	79697.0	79697.0	79697.0	79697.0	79697.0	79697.0	79697.0	79697.0	79697.0	79697.0	79697.0	79697.0	79697.0	79697.0	79697.0	79697.0	79697.0	79697.0	79697.0	79697.0	79697.0	79697.0	79697.0	79697.0
338_TASK07_CON33_3.0_posneg	posneg	3.0	64991.0	64991.0	64991.0	64991.0	64991.0	64991.0	64991.0	64991.0	64991.0	64991.0	64991.0	64991.0	64991.0	64991.0	64991.0	64991.0	64991.0	64991.0	64991.0	64991.0	64991.0	64991.0	64991.0	64991.0	64991.0	64991.0	64991.0	64991.0	64991.0	64991.0	64991.0	64991.0	64991.0	64991.0	64991.0	64991.0	64991.0	64991.0	64991.0	64991.0	64991.0	64991.0	64991.0	64991.0	64991.0	64991.0	64991.0
338_TASK07_CON33_3.0_pos	pos	3.0	53464.0	53464.0	53464.0	53464.0	53464.0	53464.0	53464.0	53464.0	53464.0	53464.0	53464.0	53464.0	53464.0	53464.0	53464.0	53464.0	53464.0	53464.0	53464.0	53464.0	53464.0	53464.0	53464.0	53464.0	53464.0	53464.0	53464.0	53464.0	53464.0	53464.0	53464.0	53464.0	53464.0	53464.0	53464.0	53464.0	53464.0	53464.0	53464.0	53464.0	53464.0	53464.0	53464.0	53464.0	53464.0	53464.0	53464.0
338_TASK07_CON33_4.0_posneg	posneg	4.0	38998.0	38998.0	38998.0	38998.0	38998.0	38998.0	38998.0	38998.0	38998.0	38998.0	38998.0	38998.0	38998.0	38998.0	38998.0	38998.0	38998.0	38998.0	38998.0	38998.0	38998.0	38998.0	38998.0	38998.0	38998.0	38998.0	38998.0	38998.0	38998.0	38998.0	38998.0	38998.0	38998.0	38998.0	38998.0	38998.0	38998.0	38998.0	38998.0	38998.0	38998.0	38998.0	38998.0	38998.0	38998.0	38998.0	38998.0
338_TASK07_CON33_4.0_pos	pos	4.0	34454.0	34454.0	34454.0	34454.0	34454.0	34454.0	34454.0	34454.0	34454.0	34454.0	34454.0	34454.0	34454.0	34454.0	34454.0	34454.0	34454.0	34454.0	34454.0	34454.0	34454.0	34454.0	34454.0	34454.0	34454.0	34454.0	34454.0	34454.0	34454.0	34454.0	34454.0	34454.0	34454.0	34454.0	34454.0	34454.0	34454.0	34454.0	34454.0	34454.0	34454.0	34454.0	34454.0	34454.0	34454.0	34454.0	34454.0
338_TASK07_CON33_5.0_posneg	posneg	5.0	21342.0	21342.0	21342.0	21342.0	21342.0	21342.0	21342.0	21342.0	21342.0	21342.0	21342.0	21342.0	21342.0	21342.0	21342.0	21342.0	21342.0	21342.0	21342.0	21342.0	21342.0	21342.0	21342.0	21342.0	21342.0	21342.0	21342.0	21342.0	21342.0	21342.0	21342.0	21342.0	21342.0	21342.0	21342.0	21342.0	21342.0	21342.0	21342.0	21342.0	21342.0	21342.0	21342.0	21342.0	21342.0	21342.0	21342.0
338_TASK07_CON33_5.0_pos	pos	5.0	20198.0	20198.0	20198.0	20198.0	20198.0	20198.0	20198.0	20198.0	20198.0	20198.0	20198.0	20198.0	20198.0	20198.0	20198.0	20198.0	20198.0	20198.0	20198.0	20198.0	20198.0	20198.0	20198.0	20198.0	20198.0	20198.0	20198.0	20198.0	20198.0	20198.0	20198.0	20198.0	20198.0	20198.0	20198.0	20198.0	20198.0	20198.0	20198.0	20198.0	20198.0	20198.0	20198.0	20198.0	20198.0	20198.0	20198.0
338_TASK07_CON33_6.0_posneg	posneg	6.0	9415.0	9415.0	9415.0	9415.0	9415.0	9415.0	9415.0	9415.0	9415.0	9415.0	9415.0	9415.0	9415.0	9415.0	9415.0	9415.0	9415.0	9415.0	9415.0	9415.0	9415.0	9415.0	9415.0	9415.0	9415.0	9415.0	9415.0	9415.0	9415.0	9415.0	9415.0	9415.0	9415.0	9415.0	9415.0	9415.0	9415.0	9415.0	9415.0	9415.0	9415.0	9415.0	9415.0	9415.0	9415.0	9415.0	9415.0
338_TASK07_CON33_6.0_pos	pos	6.0	9312.0	9312.0	9312.0	9312.0	9312.0	9312.0	9312.0	9312.0	9312.0	9312.0	9312.0	9312.0	9312.0	9312.0	9312.0	9312.0	9312.0	9312.0	9312.0	9312.0	9312.0	9312.0	9312.0	9312.0	9312.0	9312.0	9312.0	9312.0	9312.0	9312.0	9312.0	9312.0	9312.0	9312.0	9312.0	9312.0	9312.0	9312.0	9312.0	9312.0	9312.0	9312.0	9312.0	9312.0	9312.0	9312.0	9312.0
338_TASK07_CON33_7.0_posneg	posneg	7.0	2934.0	2934.0	2934.0	2934.0	2934.0	2934.0	2934.0	2934.0	2934.0	2934.0	2934.0	2934.0	2934.0	2934.0	2934.0	2934.0	2934.0	2934.0	2934.0	2934.0	2934.0	2934.0	2934.0	2934.0	2934.0	2934.0	2934.0	2934.0	2934.0	2934.0	2934.0	2934.0	2934.0	2934.0	2934.0	2934.0	2934.0	2934.0	2934.0	2934.0	2934.0	2934.0	2934.0	2934.0	2934.0	2934.0	2934.0
338_TASK07_CON33_7.0_pos	pos	7.0	2933.0	2933.0	2933.0	2933.0	2933.0	2933.0	2933.0	2933.0	2933.0	2933.0	2933.0	2933.0	2933.0	2933.0	2933.0	2933.0	2933.0	2933.0	2933.0	2933.0	2933.0	2933.0	2933.0	2933.0	2933.0	2933.0	2933.0	2933.0	2933.0	2933.0	2933.0	2933.0	2933.0	2933.0	2933.0	2933.0	2933.0	2933.0	2933.0	2933.0	2933.0	2933.0	2933.0	2933.0	2933.0	2933.0	2933.0
338_TASK07_CON33_8.0_posneg	posneg	8.0	435.0	435.0	435.0	435.0	435.0	435.0	435.0	435.0	435.0	435.0	435.0	435.0	435.0	435.0	435.0	435.0	435.0	435.0	435.0	435.0	435.0	435.0	435.0	435.0	435.0	435.0	435.0	435.0	435.0	435.0	435.0	435.0	435.0	435.0	435.0	435.0	435.0	435.0	435.0	435.0	435.0	435.0	435.0	435.0	435.0	435.0	435.0
338_TASK07_CON33_8.0_pos	pos	8.0	435.0	435.0	435.0	435.0	435.0	435.0	435.0	435.0	435.0	435.0	435.0	435.0	435.0	435.0	435.0	435.0	435.0	435.0	435.0	435.0	435.0	435.0	435.0	435.0	435.0	435.0	435.0	435.0	435.0	435.0	435.0	435.0	435.0	435.0	435.0	435.0	435.0	435.0	435.0	435.0	435.0	435.0	435.0	435.0	435.0	435.0	435.0
338_TASK07_CON33_9.0_posneg	posneg	9.0	14.0	14.0	14.0	14.0	14.0	14.0	14.0	14.0	14.0	14.0	14.0	14.0	14.0	14.0	14.0	14.0	14.0	14.0	14.0	14.0	14.0	14.0	14.0	14.0	14.0	14.0	14.0	14.0	14.0	14.0	14.0	14.0	14.0	14.0	14.0	14.0	14.0	14.0	14.0	14.0	14.0	14.0	14.0	14.0	14.0	14.0	14.0
338_TASK07_CON33_9.0_pos	pos	9.0	14.0	14.0	14.0	14.0	14.0	14.0	14.0	14.0	14.0	14.0	14.0	14.0	14.0	14.0	14.0	14.0	14.0	14.0	14.0	14.0	14.0	14.0	14.0	14.0	14.0	14.0	14.0	14.0	14.0	14.0	14.0	14.0	14.0	14.0	14.0	14.0	14.0	14.0	14.0	14.0	14.0	14.0	14.0	14.0	14.0	14.0	14.0
338_TASK07_CON33_10.0_posneg	posneg	10.0	0.0	0.0	0.0	0.0	0.0	0.0	0.0	0.0	0.0	0.0	0.0	0.0	0.0	0.0	0.0	0.0	0.0	0.0	0.0	0.0	0.0	0.0	0.0	0.0	0.0	0.0	0.0	0.0	0.0	0.0	0.0	0.0	0.0	0.0	0.0	0.0	0.0	0.0	0.0	0.0	0.0	0.0	0.0	0.0	0.0	0.0	0.0
338_TASK07_CON33_10.0_pos	pos	10.0	0.0	0.0	0.0	0.0	0.0	0.0	0.0	0.0	0.0	0.0	0.0	0.0	0.0	0.0	0.0	0.0	0.0	0.0	0.0	0.0	0.0	0.0	0.0	0.0	0.0	0.0	0.0	0.0	0.0	0.0	0.0	0.0	0.0	0.0	0.0	0.0	0.0	0.0	0.0	0.0	0.0	0.0	0.0	0.0	0.0	0.0	0.0
338_TASK07_CON33_11.0_posneg	posneg	11.0	0.0	0.0	0.0	0.0	0.0	0.0	0.0	0.0	0.0	0.0	0.0	0.0	0.0	0.0	0.0	0.0	0.0	0.0	0.0	0.0	0.0	0.0	0.0	0.0	0.0	0.0	0.0	0.0	0.0	0.0	0.0	0.0	0.0	0.0	0.0	0.0	0.0	0.0	0.0	0.0	0.0	0.0	0.0	0.0	0.0	0.0	0.0
338_TASK07_CON33_11.0_pos	pos	11.0	0.0	0.0	0.0	0.0	0.0	0.0	0.0	0.0	0.0	0.0	0.0	0.0	0.0	0.0	0.0	0.0	0.0	0.0	0.0	0.0	0.0	0.0	0.0	0.0	0.0	0.0	0.0	0.0	0.0	0.0	0.0	0.0	0.0	0.0	0.0	0.0	0.0	0.0	0.0	0.0	0.0	0.0	0.0	0.0	0.0	0.0	0.0
338_TASK07_CON33_12.0_posneg	posneg	12.0	0.0	0.0	0.0	0.0	0.0	0.0	0.0	0.0	0.0	0.0	0.0	0.0	0.0	0.0	0.0	0.0	0.0	0.0	0.0	0.0	0.0	0.0	0.0	0.0	0.0	0.0	0.0	0.0	0.0	0.0	0.0	0.0	0.0	0.0	0.0	0.0	0.0	0.0	0.0	0.0	0.0	0.0	0.0	0.0	0.0	0.0	0.0
338_TASK07_CON33_12.0_pos	pos	12.0	0.0	0.0	0.0	0.0	0.0	0.0	0.0	0.0	0.0	0.0	0.0	0.0	0.0	0.0	0.0	0.0	0.0	0.0	0.0	0.0	0.0	0.0	0.0	0.0	0.0	0.0	0.0	0.0	0.0	0.0	0.0	0.0	0.0	0.0	0.0	0.0	0.0	0.0	0.0	0.0	0.0	0.0	0.0	0.0	0.0	0.0	0.0
338_TASK07_CON33_13.0_posneg	posneg	13.0	0.0	0.0	0.0	0.0	0.0	0.0	0.0	0.0	0.0	0.0	0.0	0.0	0.0	0.0	0.0	0.0	0.0	0.0	0.0	0.0	0.0	0.0	0.0	0.0	0.0	0.0	0.0	0.0	0.0	0.0	0.0	0.0	0.0	0.0	0.0	0.0	0.0	0.0	0.0	0.0	0.0	0.0	0.0	0.0	0.0	0.0	0.0
338_TASK07_CON33_13.0_pos	pos	13.0	0.0	0.0	0.0	0.0	0.0	0.0	0.0	0.0	0.0	0.0	0.0	0.0	0.0	0.0	0.0	0.0	0.0	0.0	0.0	0.0	0.0	0.0	0.0	0.0	0.0	0.0	0.0	0.0	0.0	0.0	0.0	0.0	0.0	0.0	0.0	0.0	0.0	0.0	0.0	0.0	0.0	0.0	0.0	0.0	0.0	0.0	0.0
338_TASK07_CON34_0.0_posneg	posneg	0.0	228191.0	228191.0	228191.0	228191.0	228191.0	228191.0	228191.0	228191.0	228191.0	228191.0	228191.0	228191.0	228191.0	228191.0	228191.0	228191.0	228191.0	228191.0	228191.0	228191.0	228191.0	228191.0	228191.0	228191.0	228191.0	228191.0	228191.0	228191.0	228191.0	228191.0	228191.0	228191.0	228191.0	228191.0	228191.0	228191.0	228191.0	228191.0	228191.0	228191.0	228191.0	228191.0	228191.0	228191.0	228191.0	228191.0	228191.0
338_TASK07_CON34_0.0_pos	pos	0.0	142289.0	142289.0	142289.0	142289.0	142289.0	142289.0	142289.0	142289.0	142289.0	142289.0	142289.0	142289.0	142289.0	142289.0	142289.0	142289.0	142289.0	142289.0	142289.0	142289.0	142289.0	142289.0	142289.0	142289.0	142289.0	142289.0	142289.0	142289.0	142289.0	142289.0	142289.0	142289.0	142289.0	142289.0	142289.0	142289.0	142289.0	142289.0	142289.0	142289.0	142289.0	142289.0	142289.0	142289.0	142289.0	142289.0	142289.0
338_TASK07_CON34_1.0_posneg	posneg	1.0	162030.0	162030.0	162030.0	162030.0	162030.0	162030.0	162030.0	162030.0	162030.0	162030.0	162030.0	162030.0	162030.0	162030.0	162030.0	162030.0	162030.0	162030.0	162030.0	162030.0	162030.0	162030.0	162030.0	162030.0	162030.0	162030.0	162030.0	162030.0	162030.0	162030.0	162030.0	162030.0	162030.0	162030.0	162030.0	162030.0	162030.0	162030.0	162030.0	162030.0	162030.0	162030.0	162030.0	162030.0	162030.0	162030.0	162030.0
338_TASK07_CON34_1.0_pos	pos	1.0	107237.0	107237.0	107237.0	107237.0	107237.0	107237.0	107237.0	107237.0	107237.0	107237.0	107237.0	107237.0	107237.0	107237.0	107237.0	107237.0	107237.0	107237.0	107237.0	107237.0	107237.0	107237.0	107237.0	107237.0	107237.0	107237.0	107237.0	107237.0	107237.0	107237.0	107237.0	107237.0	107237.0	107237.0	107237.0	107237.0	107237.0	107237.0	107237.0	107237.0	107237.0	107237.0	107237.0	107237.0	107237.0	107237.0	107237.0
338_TASK07_CON34_2.0_posneg	posneg	2.0	107853.0	107853.0	107853.0	107853.0	107853.0	107853.0	107853.0	107853.0	107853.0	107853.0	107853.0	107853.0	107853.0	107853.0	107853.0	107853.0	107853.0	107853.0	107853.0	107853.0	107853.0	107853.0	107853.0	107853.0	107853.0	107853.0	107853.0	107853.0	107853.0	107853.0	107853.0	107853.0	107853.0	107853.0	107853.0	107853.0	107853.0	107853.0	107853.0	107853.0	107853.0	107853.0	107853.0	107853.0	107853.0	107853.0	107853.0
338_TASK07_CON34_2.0_pos	pos	2.0	75961.0	75961.0	75961.0	75961.0	75961.0	75961.0	75961.0	75961.0	75961.0	75961.0	75961.0	75961.0	75961.0	75961.0	75961.0	75961.0	75961.0	75961.0	75961.0	75961.0	75961.0	75961.0	75961.0	75961.0	75961.0	75961.0	75961.0	75961.0	75961.0	75961.0	75961.0	75961.0	75961.0	75961.0	75961.0	75961.0	75961.0	75961.0	75961.0	75961.0	75961.0	75961.0	75961.0	75961.0	75961.0	75961.0	75961.0
338_TASK07_CON34_3.0_posneg	posneg	3.0	68092.0	68092.0	68092.0	68092.0	68092.0	68092.0	68092.0	68092.0	68092.0	68092.0	68092.0	68092.0	68092.0	68092.0	68092.0	68092.0	68092.0	68092.0	68092.0	68092.0	68092.0	68092.0	68092.0	68092.0	68092.0	68092.0	68092.0	68092.0	68092.0	68092.0	68092.0	68092.0	68092.0	68092.0	68092.0	68092.0	68092.0	68092.0	68092.0	68092.0	68092.0	68092.0	68092.0	68092.0	68092.0	68092.0	68092.0
338_TASK07_CON34_3.0_pos	pos	3.0	52055.0	52055.0	52055.0	52055.0	52055.0	52055.0	52055.0	52055.0	52055.0	52055.0	52055.0	52055.0	52055.0	52055.0	52055.0	52055.0	52055.0	52055.0	52055.0	52055.0	52055.0	52055.0	52055.0	52055.0	52055.0	52055.0	52055.0	52055.0	52055.0	52055.0	52055.0	52055.0	52055.0	52055.0	52055.0	52055.0	52055.0	52055.0	52055.0	52055.0	52055.0	52055.0	52055.0	52055.0	52055.0	52055.0	52055.0
338_TASK07_CON34_4.0_posneg	posneg	4.0	39970.0	39970.0	39970.0	39970.0	39970.0	39970.0	39970.0	39970.0	39970.0	39970.0	39970.0	39970.0	39970.0	39970.0	39970.0	39970.0	39970.0	39970.0	39970.0	39970.0	39970.0	39970.0	39970.0	39970.0	39970.0	39970.0	39970.0	39970.0	39970.0	39970.0	39970.0	39970.0	39970.0	39970.0	39970.0	39970.0	39970.0	39970.0	39970.0	39970.0	39970.0	39970.0	39970.0	39970.0	39970.0	39970.0	39970.0
338_TASK07_CON34_4.0_pos	pos	4.0	33401.0	33401.0	33401.0	33401.0	33401.0	33401.0	33401.0	33401.0	33401.0	33401.0	33401.0	33401.0	33401.0	33401.0	33401.0	33401.0	33401.0	33401.0	33401.0	33401.0	33401.0	33401.0	33401.0	33401.0	33401.0	33401.0	33401.0	33401.0	33401.0	33401.0	33401.0	33401.0	33401.0	33401.0	33401.0	33401.0	33401.0	33401.0	33401.0	33401.0	33401.0	33401.0	33401.0	33401.0	33401.0	33401.0	33401.0
338_TASK07_CON34_5.0_posneg	posneg	5.0	21485.0	21485.0	21485.0	21485.0	21485.0	21485.0	21485.0	21485.0	21485.0	21485.0	21485.0	21485.0	21485.0	21485.0	21485.0	21485.0	21485.0	21485.0	21485.0	21485.0	21485.0	21485.0	21485.0	21485.0	21485.0	21485.0	21485.0	21485.0	21485.0	21485.0	21485.0	21485.0	21485.0	21485.0	21485.0	21485.0	21485.0	21485.0	21485.0	21485.0	21485.0	21485.0	21485.0	21485.0	21485.0	21485.0	21485.0
338_TASK07_CON34_5.0_pos	pos	5.0	19450.0	19450.0	19450.0	19450.0	19450.0	19450.0	19450.0	19450.0	19450.0	19450.0	19450.0	19450.0	19450.0	19450.0	19450.0	19450.0	19450.0	19450.0	19450.0	19450.0	19450.0	19450.0	19450.0	19450.0	19450.0	19450.0	19450.0	19450.0	19450.0	19450.0	19450.0	19450.0	19450.0	19450.0	19450.0	19450.0	19450.0	19450.0	19450.0	19450.0	19450.0	19450.0	19450.0	19450.0	19450.0	19450.0	19450.0
338_TASK07_CON34_6.0_posneg	posneg	6.0	9310.0	9310.0	9310.0	9310.0	9310.0	9310.0	9310.0	9310.0	9310.0	9310.0	9310.0	9310.0	9310.0	9310.0	9310.0	9310.0	9310.0	9310.0	9310.0	9310.0	9310.0	9310.0	9310.0	9310.0	9310.0	9310.0	9310.0	9310.0	9310.0	9310.0	9310.0	9310.0	9310.0	9310.0	9310.0	9310.0	9310.0	9310.0	9310.0	9310.0	9310.0	9310.0	9310.0	9310.0	9310.0	9310.0	9310.0
338_TASK07_CON34_6.0_pos	pos	6.0	8978.0	8978.0	8978.0	8978.0	8978.0	8978.0	8978.0	8978.0	8978.0	8978.0	8978.0	8978.0	8978.0	8978.0	8978.0	8978.0	8978.0	8978.0	8978.0	8978.0	8978.0	8978.0	8978.0	8978.0	8978.0	8978.0	8978.0	8978.0	8978.0	8978.0	8978.0	8978.0	8978.0	8978.0	8978.0	8978.0	8978.0	8978.0	8978.0	8978.0	8978.0	8978.0	8978.0	8978.0	8978.0	8978.0	8978.0
338_TASK07_CON34_7.0_posneg	posneg	7.0	2726.0	2726.0	2726.0	2726.0	2726.0	2726.0	2726.0	2726.0	2726.0	2726.0	2726.0	2726.0	2726.0	2726.0	2726.0	2726.0	2726.0	2726.0	2726.0	2726.0	2726.0	2726.0	2726.0	2726.0	2726.0	2726.0	2726.0	2726.0	2726.0	2726.0	2726.0	2726.0	2726.0	2726.0	2726.0	2726.0	2726.0	2726.0	2726.0	2726.0	2726.0	2726.0	2726.0	2726.0	2726.0	2726.0	2726.0
338_TASK07_CON34_7.0_pos	pos	7.0	2710.0	2710.0	2710.0	2710.0	2710.0	2710.0	2710.0	2710.0	2710.0	2710.0	2710.0	2710.0	2710.0	2710.0	2710.0	2710.0	2710.0	2710.0	2710.0	2710.0	2710.0	2710.0	2710.0	2710.0	2710.0	2710.0	2710.0	2710.0	2710.0	2710.0	2710.0	2710.0	2710.0	2710.0	2710.0	2710.0	2710.0	2710.0	2710.0	2710.0	2710.0	2710.0	2710.0	2710.0	2710.0	2710.0	2710.0
338_TASK07_CON34_8.0_posneg	posneg	8.0	258.0	258.0	258.0	258.0	258.0	258.0	258.0	258.0	258.0	258.0	258.0	258.0	258.0	258.0	258.0	258.0	258.0	258.0	258.0	258.0	258.0	258.0	258.0	258.0	258.0	258.0	258.0	258.0	258.0	258.0	258.0	258.0	258.0	258.0	258.0	258.0	258.0	258.0	258.0	258.0	258.0	258.0	258.0	258.0	258.0	258.0	258.0
338_TASK07_CON34_8.0_pos	pos	8.0	258.0	258.0	258.0	258.0	258.0	258.0	258.0	258.0	258.0	258.0	258.0	258.0	258.0	258.0	258.0	258.0	258.0	258.0	258.0	258.0	258.0	258.0	258.0	258.0	258.0	258.0	258.0	258.0	258.0	258.0	258.0	258.0	258.0	258.0	258.0	258.0	258.0	258.0	258.0	258.0	258.0	258.0	258.0	258.0	258.0	258.0	258.0
338_TASK07_CON34_9.0_posneg	posneg	9.0	8.0	8.0	8.0	8.0	8.0	8.0	8.0	8.0	8.0	8.0	8.0	8.0	8.0	8.0	8.0	8.0	8.0	8.0	8.0	8.0	8.0	8.0	8.0	8.0	8.0	8.0	8.0	8.0	8.0	8.0	8.0	8.0	8.0	8.0	8.0	8.0	8.0	8.0	8.0	8.0	8.0	8.0	8.0	8.0	8.0	8.0	8.0
338_TASK07_CON34_9.0_pos	pos	9.0	8.0	8.0	8.0	8.0	8.0	8.0	8.0	8.0	8.0	8.0	8.0	8.0	8.0	8.0	8.0	8.0	8.0	8.0	8.0	8.0	8.0	8.0	8.0	8.0	8.0	8.0	8.0	8.0	8.0	8.0	8.0	8.0	8.0	8.0	8.0	8.0	8.0	8.0	8.0	8.0	8.0	8.0	8.0	8.0	8.0	8.0	8.0
338_TASK07_CON34_10.0_posneg	posneg	10.0	0.0	0.0	0.0	0.0	0.0	0.0	0.0	0.0	0.0	0.0	0.0	0.0	0.0	0.0	0.0	0.0	0.0	0.0	0.0	0.0	0.0	0.0	0.0	0.0	0.0	0.0	0.0	0.0	0.0	0.0	0.0	0.0	0.0	0.0	0.0	0.0	0.0	0.0	0.0	0.0	0.0	0.0	0.0	0.0	0.0	0.0	0.0
338_TASK07_CON34_10.0_pos	pos	10.0	0.0	0.0	0.0	0.0	0.0	0.0	0.0	0.0	0.0	0.0	0.0	0.0	0.0	0.0	0.0	0.0	0.0	0.0	0.0	0.0	0.0	0.0	0.0	0.0	0.0	0.0	0.0	0.0	0.0	0.0	0.0	0.0	0.0	0.0	0.0	0.0	0.0	0.0	0.0	0.0	0.0	0.0	0.0	0.0	0.0	0.0	0.0
338_TASK07_CON34_11.0_posneg	posneg	11.0	0.0	0.0	0.0	0.0	0.0	0.0	0.0	0.0	0.0	0.0	0.0	0.0	0.0	0.0	0.0	0.0	0.0	0.0	0.0	0.0	0.0	0.0	0.0	0.0	0.0	0.0	0.0	0.0	0.0	0.0	0.0	0.0	0.0	0.0	0.0	0.0	0.0	0.0	0.0	0.0	0.0	0.0	0.0	0.0	0.0	0.0	0.0
338_TASK07_CON34_11.0_pos	pos	11.0	0.0	0.0	0.0	0.0	0.0	0.0	0.0	0.0	0.0	0.0	0.0	0.0	0.0	0.0	0.0	0.0	0.0	0.0	0.0	0.0	0.0	0.0	0.0	0.0	0.0	0.0	0.0	0.0	0.0	0.0	0.0	0.0	0.0	0.0	0.0	0.0	0.0	0.0	0.0	0.0	0.0	0.0	0.0	0.0	0.0	0.0	0.0
338_TASK07_CON34_12.0_posneg	posneg	12.0	0.0	0.0	0.0	0.0	0.0	0.0	0.0	0.0	0.0	0.0	0.0	0.0	0.0	0.0	0.0	0.0	0.0	0.0	0.0	0.0	0.0	0.0	0.0	0.0	0.0	0.0	0.0	0.0	0.0	0.0	0.0	0.0	0.0	0.0	0.0	0.0	0.0	0.0	0.0	0.0	0.0	0.0	0.0	0.0	0.0	0.0	0.0
338_TASK07_CON34_12.0_pos	pos	12.0	0.0	0.0	0.0	0.0	0.0	0.0	0.0	0.0	0.0	0.0	0.0	0.0	0.0	0.0	0.0	0.0	0.0	0.0	0.0	0.0	0.0	0.0	0.0	0.0	0.0	0.0	0.0	0.0	0.0	0.0	0.0	0.0	0.0	0.0	0.0	0.0	0.0	0.0	0.0	0.0	0.0	0.0	0.0	0.0	0.0	0.0	0.0
338_TASK07_CON34_13.0_posneg	posneg	13.0	0.0	0.0	0.0	0.0	0.0	0.0	0.0	0.0	0.0	0.0	0.0	0.0	0.0	0.0	0.0	0.0	0.0	0.0	0.0	0.0	0.0	0.0	0.0	0.0	0.0	0.0	0.0	0.0	0.0	0.0	0.0	0.0	0.0	0.0	0.0	0.0	0.0	0.0	0.0	0.0	0.0	0.0	0.0	0.0	0.0	0.0	0.0
338_TASK07_CON34_13.0_pos	pos	13.0	0.0	0.0	0.0	0.0	0.0	0.0	0.0	0.0	0.0	0.0	0.0	0.0	0.0	0.0	0.0	0.0	0.0	0.0	0.0	0.0	0.0	0.0	0.0	0.0	0.0	0.0	0.0	0.0	0.0	0.0	0.0	0.0	0.0	0.0	0.0	0.0	0.0	0.0	0.0	0.0	0.0	0.0	0.0	0.0	0.0	0.0	0.0
338_TASK07_CON35_0.0_posneg	posneg	0.0	228191.0	228191.0	228191.0	228191.0	228191.0	228191.0	228191.0	228191.0	228191.0	228191.0	228191.0	228191.0	228191.0	228191.0	228191.0	228191.0	228191.0	228191.0	228191.0	228191.0	228191.0	228191.0	228191.0	228191.0	228191.0	228191.0	228191.0	228191.0	228191.0	228191.0	228191.0	228191.0	228191.0	228191.0	228191.0	228191.0	228191.0	228191.0	228191.0	228191.0	228191.0	228191.0	228191.0	228191.0	228191.0	228191.0	228191.0
338_TASK07_CON35_0.0_pos	pos	0.0	149322.0	149322.0	149322.0	149322.0	149322.0	149322.0	149322.0	149322.0	149322.0	149322.0	149322.0	149322.0	149322.0	149322.0	149322.0	149322.0	149322.0	149322.0	149322.0	149322.0	149322.0	149322.0	149322.0	149322.0	149322.0	149322.0	149322.0	149322.0	149322.0	149322.0	149322.0	149322.0	149322.0	149322.0	149322.0	149322.0	149322.0	149322.0	149322.0	149322.0	149322.0	149322.0	149322.0	149322.0	149322.0	149322.0	149322.0
338_TASK07_CON35_1.0_posneg	posneg	1.0	146707.0	146707.0	146707.0	146707.0	146707.0	146707.0	146707.0	146707.0	146707.0	146707.0	146707.0	146707.0	146707.0	146707.0	146707.0	146707.0	146707.0	146707.0	146707.0	146707.0	146707.0	146707.0	146707.0	146707.0	146707.0	146707.0	146707.0	146707.0	146707.0	146707.0	146707.0	146707.0	146707.0	146707.0	146707.0	146707.0	146707.0	146707.0	146707.0	146707.0	146707.0	146707.0	146707.0	146707.0	146707.0	146707.0	146707.0
338_TASK07_CON35_1.0_pos	pos	1.0	105415.0	105415.0	105415.0	105415.0	105415.0	105415.0	105415.0	105415.0	105415.0	105415.0	105415.0	105415.0	105415.0	105415.0	105415.0	105415.0	105415.0	105415.0	105415.0	105415.0	105415.0	105415.0	105415.0	105415.0	105415.0	105415.0	105415.0	105415.0	105415.0	105415.0	105415.0	105415.0	105415.0	105415.0	105415.0	105415.0	105415.0	105415.0	105415.0	105415.0	105415.0	105415.0	105415.0	105415.0	105415.0	105415.0	105415.0
338_TASK07_CON35_2.0_posneg	posneg	2.0	85108.0	85108.0	85108.0	85108.0	85108.0	85108.0	85108.0	85108.0	85108.0	85108.0	85108.0	85108.0	85108.0	85108.0	85108.0	85108.0	85108.0	85108.0	85108.0	85108.0	85108.0	85108.0	85108.0	85108.0	85108.0	85108.0	85108.0	85108.0	85108.0	85108.0	85108.0	85108.0	85108.0	85108.0	85108.0	85108.0	85108.0	85108.0	85108.0	85108.0	85108.0	85108.0	85108.0	85108.0	85108.0	85108.0	85108.0
338_TASK07_CON35_2.0_pos	pos	2.0	67941.0	67941.0	67941.0	67941.0	67941.0	67941.0	67941.0	67941.0	67941.0	67941.0	67941.0	67941.0	67941.0	67941.0	67941.0	67941.0	67941.0	67941.0	67941.0	67941.0	67941.0	67941.0	67941.0	67941.0	67941.0	67941.0	67941.0	67941.0	67941.0	67941.0	67941.0	67941.0	67941.0	67941.0	67941.0	67941.0	67941.0	67941.0	67941.0	67941.0	67941.0	67941.0	67941.0	67941.0	67941.0	67941.0	67941.0
338_TASK07_CON35_3.0_posneg	posneg	3.0	48199.0	48199.0	48199.0	48199.0	48199.0	48199.0	48199.0	48199.0	48199.0	48199.0	48199.0	48199.0	48199.0	48199.0	48199.0	48199.0	48199.0	48199.0	48199.0	48199.0	48199.0	48199.0	48199.0	48199.0	48199.0	48199.0	48199.0	48199.0	48199.0	48199.0	48199.0	48199.0	48199.0	48199.0	48199.0	48199.0	48199.0	48199.0	48199.0	48199.0	48199.0	48199.0	48199.0	48199.0	48199.0	48199.0	48199.0
338_TASK07_CON35_3.0_pos	pos	3.0	42646.0	42646.0	42646.0	42646.0	42646.0	42646.0	42646.0	42646.0	42646.0	42646.0	42646.0	42646.0	42646.0	42646.0	42646.0	42646.0	42646.0	42646.0	42646.0	42646.0	42646.0	42646.0	42646.0	42646.0	42646.0	42646.0	42646.0	42646.0	42646.0	42646.0	42646.0	42646.0	42646.0	42646.0	42646.0	42646.0	42646.0	42646.0	42646.0	42646.0	42646.0	42646.0	42646.0	42646.0	42646.0	42646.0	42646.0
338_TASK07_CON35_4.0_posneg	posneg	4.0	27148.0	27148.0	27148.0	27148.0	27148.0	27148.0	27148.0	27148.0	27148.0	27148.0	27148.0	27148.0	27148.0	27148.0	27148.0	27148.0	27148.0	27148.0	27148.0	27148.0	27148.0	27148.0	27148.0	27148.0	27148.0	27148.0	27148.0	27148.0	27148.0	27148.0	27148.0	27148.0	27148.0	27148.0	27148.0	27148.0	27148.0	27148.0	27148.0	27148.0	27148.0	27148.0	27148.0	27148.0	27148.0	27148.0	27148.0
338_TASK07_CON35_4.0_pos	pos	4.0	25720.0	25720.0	25720.0	25720.0	25720.0	25720.0	25720.0	25720.0	25720.0	25720.0	25720.0	25720.0	25720.0	25720.0	25720.0	25720.0	25720.0	25720.0	25720.0	25720.0	25720.0	25720.0	25720.0	25720.0	25720.0	25720.0	25720.0	25720.0	25720.0	25720.0	25720.0	25720.0	25720.0	25720.0	25720.0	25720.0	25720.0	25720.0	25720.0	25720.0	25720.0	25720.0	25720.0	25720.0	25720.0	25720.0	25720.0
338_TASK07_CON35_5.0_posneg	posneg	5.0	14357.0	14357.0	14357.0	14357.0	14357.0	14357.0	14357.0	14357.0	14357.0	14357.0	14357.0	14357.0	14357.0	14357.0	14357.0	14357.0	14357.0	14357.0	14357.0	14357.0	14357.0	14357.0	14357.0	14357.0	14357.0	14357.0	14357.0	14357.0	14357.0	14357.0	14357.0	14357.0	14357.0	14357.0	14357.0	14357.0	14357.0	14357.0	14357.0	14357.0	14357.0	14357.0	14357.0	14357.0	14357.0	14357.0	14357.0
338_TASK07_CON35_5.0_pos	pos	5.0	14134.0	14134.0	14134.0	14134.0	14134.0	14134.0	14134.0	14134.0	14134.0	14134.0	14134.0	14134.0	14134.0	14134.0	14134.0	14134.0	14134.0	14134.0	14134.0	14134.0	14134.0	14134.0	14134.0	14134.0	14134.0	14134.0	14134.0	14134.0	14134.0	14134.0	14134.0	14134.0	14134.0	14134.0	14134.0	14134.0	14134.0	14134.0	14134.0	14134.0	14134.0	14134.0	14134.0	14134.0	14134.0	14134.0	14134.0
338_TASK07_CON35_6.0_posneg	posneg	6.0	6491.0	6491.0	6491.0	6491.0	6491.0	6491.0	6491.0	6491.0	6491.0	6491.0	6491.0	6491.0	6491.0	6491.0	6491.0	6491.0	6491.0	6491.0	6491.0	6491.0	6491.0	6491.0	6491.0	6491.0	6491.0	6491.0	6491.0	6491.0	6491.0	6491.0	6491.0	6491.0	6491.0	6491.0	6491.0	6491.0	6491.0	6491.0	6491.0	6491.0	6491.0	6491.0	6491.0	6491.0	6491.0	6491.0	6491.0
338_TASK07_CON35_6.0_pos	pos	6.0	6481.0	6481.0	6481.0	6481.0	6481.0	6481.0	6481.0	6481.0	6481.0	6481.0	6481.0	6481.0	6481.0	6481.0	6481.0	6481.0	6481.0	6481.0	6481.0	6481.0	6481.0	6481.0	6481.0	6481.0	6481.0	6481.0	6481.0	6481.0	6481.0	6481.0	6481.0	6481.0	6481.0	6481.0	6481.0	6481.0	6481.0	6481.0	6481.0	6481.0	6481.0	6481.0	6481.0	6481.0	6481.0	6481.0	6481.0
338_TASK07_CON35_7.0_posneg	posneg	7.0	1965.0	1965.0	1965.0	1965.0	1965.0	1965.0	1965.0	1965.0	1965.0	1965.0	1965.0	1965.0	1965.0	1965.0	1965.0	1965.0	1965.0	1965.0	1965.0	1965.0	1965.0	1965.0	1965.0	1965.0	1965.0	1965.0	1965.0	1965.0	1965.0	1965.0	1965.0	1965.0	1965.0	1965.0	1965.0	1965.0	1965.0	1965.0	1965.0	1965.0	1965.0	1965.0	1965.0	1965.0	1965.0	1965.0	1965.0
338_TASK07_CON35_7.0_pos	pos	7.0	1965.0	1965.0	1965.0	1965.0	1965.0	1965.0	1965.0	1965.0	1965.0	1965.0	1965.0	1965.0	1965.0	1965.0	1965.0	1965.0	1965.0	1965.0	1965.0	1965.0	1965.0	1965.0	1965.0	1965.0	1965.0	1965.0	1965.0	1965.0	1965.0	1965.0	1965.0	1965.0	1965.0	1965.0	1965.0	1965.0	1965.0	1965.0	1965.0	1965.0	1965.0	1965.0	1965.0	1965.0	1965.0	1965.0	1965.0
338_TASK07_CON35_8.0_posneg	posneg	8.0	197.0	197.0	197.0	197.0	197.0	197.0	197.0	197.0	197.0	197.0	197.0	197.0	197.0	197.0	197.0	197.0	197.0	197.0	197.0	197.0	197.0	197.0	197.0	197.0	197.0	197.0	197.0	197.0	197.0	197.0	197.0	197.0	197.0	197.0	197.0	197.0	197.0	197.0	197.0	197.0	197.0	197.0	197.0	197.0	197.0	197.0	197.0
338_TASK07_CON35_8.0_pos	pos	8.0	197.0	197.0	197.0	197.0	197.0	197.0	197.0	197.0	197.0	197.0	197.0	197.0	197.0	197.0	197.0	197.0	197.0	197.0	197.0	197.0	197.0	197.0	197.0	197.0	197.0	197.0	197.0	197.0	197.0	197.0	197.0	197.0	197.0	197.0	197.0	197.0	197.0	197.0	197.0	197.0	197.0	197.0	197.0	197.0	197.0	197.0	197.0
338_TASK07_CON35_9.0_posneg	posneg	9.0	6.0	6.0	6.0	6.0	6.0	6.0	6.0	6.0	6.0	6.0	6.0	6.0	6.0	6.0	6.0	6.0	6.0	6.0	6.0	6.0	6.0	6.0	6.0	6.0	6.0	6.0	6.0	6.0	6.0	6.0	6.0	6.0	6.0	6.0	6.0	6.0	6.0	6.0	6.0	6.0	6.0	6.0	6.0	6.0	6.0	6.0	6.0
338_TASK07_CON35_9.0_pos	pos	9.0	6.0	6.0	6.0	6.0	6.0	6.0	6.0	6.0	6.0	6.0	6.0	6.0	6.0	6.0	6.0	6.0	6.0	6.0	6.0	6.0	6.0	6.0	6.0	6.0	6.0	6.0	6.0	6.0	6.0	6.0	6.0	6.0	6.0	6.0	6.0	6.0	6.0	6.0	6.0	6.0	6.0	6.0	6.0	6.0	6.0	6.0	6.0
338_TASK07_CON35_10.0_posneg	posneg	10.0	0.0	0.0	0.0	0.0	0.0	0.0	0.0	0.0	0.0	0.0	0.0	0.0	0.0	0.0	0.0	0.0	0.0	0.0	0.0	0.0	0.0	0.0	0.0	0.0	0.0	0.0	0.0	0.0	0.0	0.0	0.0	0.0	0.0	0.0	0.0	0.0	0.0	0.0	0.0	0.0	0.0	0.0	0.0	0.0	0.0	0.0	0.0
338_TASK07_CON35_10.0_pos	pos	10.0	0.0	0.0	0.0	0.0	0.0	0.0	0.0	0.0	0.0	0.0	0.0	0.0	0.0	0.0	0.0	0.0	0.0	0.0	0.0	0.0	0.0	0.0	0.0	0.0	0.0	0.0	0.0	0.0	0.0	0.0	0.0	0.0	0.0	0.0	0.0	0.0	0.0	0.0	0.0	0.0	0.0	0.0	0.0	0.0	0.0	0.0	0.0
338_TASK07_CON35_11.0_posneg	posneg	11.0	0.0	0.0	0.0	0.0	0.0	0.0	0.0	0.0	0.0	0.0	0.0	0.0	0.0	0.0	0.0	0.0	0.0	0.0	0.0	0.0	0.0	0.0	0.0	0.0	0.0	0.0	0.0	0.0	0.0	0.0	0.0	0.0	0.0	0.0	0.0	0.0	0.0	0.0	0.0	0.0	0.0	0.0	0.0	0.0	0.0	0.0	0.0
338_TASK07_CON35_11.0_pos	pos	11.0	0.0	0.0	0.0	0.0	0.0	0.0	0.0	0.0	0.0	0.0	0.0	0.0	0.0	0.0	0.0	0.0	0.0	0.0	0.0	0.0	0.0	0.0	0.0	0.0	0.0	0.0	0.0	0.0	0.0	0.0	0.0	0.0	0.0	0.0	0.0	0.0	0.0	0.0	0.0	0.0	0.0	0.0	0.0	0.0	0.0	0.0	0.0
338_TASK07_CON35_12.0_posneg	posneg	12.0	0.0	0.0	0.0	0.0	0.0	0.0	0.0	0.0	0.0	0.0	0.0	0.0	0.0	0.0	0.0	0.0	0.0	0.0	0.0	0.0	0.0	0.0	0.0	0.0	0.0	0.0	0.0	0.0	0.0	0.0	0.0	0.0	0.0	0.0	0.0	0.0	0.0	0.0	0.0	0.0	0.0	0.0	0.0	0.0	0.0	0.0	0.0
338_TASK07_CON35_12.0_pos	pos	12.0	0.0	0.0	0.0	0.0	0.0	0.0	0.0	0.0	0.0	0.0	0.0	0.0	0.0	0.0	0.0	0.0	0.0	0.0	0.0	0.0	0.0	0.0	0.0	0.0	0.0	0.0	0.0	0.0	0.0	0.0	0.0	0.0	0.0	0.0	0.0	0.0	0.0	0.0	0.0	0.0	0.0	0.0	0.0	0.0	0.0	0.0	0.0
338_TASK07_CON35_13.0_posneg	posneg	13.0	0.0	0.0	0.0	0.0	0.0	0.0	0.0	0.0	0.0	0.0	0.0	0.0	0.0	0.0	0.0	0.0	0.0	0.0	0.0	0.0	0.0	0.0	0.0	0.0	0.0	0.0	0.0	0.0	0.0	0.0	0.0	0.0	0.0	0.0	0.0	0.0	0.0	0.0	0.0	0.0	0.0	0.0	0.0	0.0	0.0	0.0	0.0
338_TASK07_CON35_13.0_pos	pos	13.0	0.0	0.0	0.0	0.0	0.0	0.0	0.0	0.0	0.0	0.0	0.0	0.0	0.0	0.0	0.0	0.0	0.0	0.0	0.0	0.0	0.0	0.0	0.0	0.0	0.0	0.0	0.0	0.0	0.0	0.0	0.0	0.0	0.0	0.0	0.0	0.0	0.0	0.0	0.0	0.0	0.0	0.0	0.0	0.0	0.0	0.0	0.0
338_TASK07_CON36_0.0_posneg	posneg	0.0	228191.0	228191.0	228191.0	228191.0	228191.0	228191.0	228191.0	228191.0	228191.0	228191.0	228191.0	228191.0	228191.0	228191.0	228191.0	228191.0	228191.0	228191.0	228191.0	228191.0	228191.0	228191.0	228191.0	228191.0	228191.0	228191.0	228191.0	228191.0	228191.0	228191.0	228191.0	228191.0	228191.0	228191.0	228191.0	228191.0	228191.0	228191.0	228191.0	228191.0	228191.0	228191.0	228191.0	228191.0	228191.0	228191.0	228191.0
338_TASK07_CON36_0.0_pos	pos	0.0	153769.0	153769.0	153769.0	153769.0	153769.0	153769.0	153769.0	153769.0	153769.0	153769.0	153769.0	153769.0	153769.0	153769.0	153769.0	153769.0	153769.0	153769.0	153769.0	153769.0	153769.0	153769.0	153769.0	153769.0	153769.0	153769.0	153769.0	153769.0	153769.0	153769.0	153769.0	153769.0	153769.0	153769.0	153769.0	153769.0	153769.0	153769.0	153769.0	153769.0	153769.0	153769.0	153769.0	153769.0	153769.0	153769.0	153769.0
338_TASK07_CON36_1.0_posneg	posneg	1.0	136453.0	136453.0	136453.0	136453.0	136453.0	136453.0	136453.0	136453.0	136453.0	136453.0	136453.0	136453.0	136453.0	136453.0	136453.0	136453.0	136453.0	136453.0	136453.0	136453.0	136453.0	136453.0	136453.0	136453.0	136453.0	136453.0	136453.0	136453.0	136453.0	136453.0	136453.0	136453.0	136453.0	136453.0	136453.0	136453.0	136453.0	136453.0	136453.0	136453.0	136453.0	136453.0	136453.0	136453.0	136453.0	136453.0	136453.0
338_TASK07_CON36_1.0_pos	pos	1.0	102203.0	102203.0	102203.0	102203.0	102203.0	102203.0	102203.0	102203.0	102203.0	102203.0	102203.0	102203.0	102203.0	102203.0	102203.0	102203.0	102203.0	102203.0	102203.0	102203.0	102203.0	102203.0	102203.0	102203.0	102203.0	102203.0	102203.0	102203.0	102203.0	102203.0	102203.0	102203.0	102203.0	102203.0	102203.0	102203.0	102203.0	102203.0	102203.0	102203.0	102203.0	102203.0	102203.0	102203.0	102203.0	102203.0	102203.0
338_TASK07_CON36_2.0_posneg	posneg	2.0	72140.0	72140.0	72140.0	72140.0	72140.0	72140.0	72140.0	72140.0	72140.0	72140.0	72140.0	72140.0	72140.0	72140.0	72140.0	72140.0	72140.0	72140.0	72140.0	72140.0	72140.0	72140.0	72140.0	72140.0	72140.0	72140.0	72140.0	72140.0	72140.0	72140.0	72140.0	72140.0	72140.0	72140.0	72140.0	72140.0	72140.0	72140.0	72140.0	72140.0	72140.0	72140.0	72140.0	72140.0	72140.0	72140.0	72140.0
338_TASK07_CON36_2.0_pos	pos	2.0	59168.0	59168.0	59168.0	59168.0	59168.0	59168.0	59168.0	59168.0	59168.0	59168.0	59168.0	59168.0	59168.0	59168.0	59168.0	59168.0	59168.0	59168.0	59168.0	59168.0	59168.0	59168.0	59168.0	59168.0	59168.0	59168.0	59168.0	59168.0	59168.0	59168.0	59168.0	59168.0	59168.0	59168.0	59168.0	59168.0	59168.0	59168.0	59168.0	59168.0	59168.0	59168.0	59168.0	59168.0	59168.0	59168.0	59168.0
338_TASK07_CON36_3.0_posneg	posneg	3.0	36589.0	36589.0	36589.0	36589.0	36589.0	36589.0	36589.0	36589.0	36589.0	36589.0	36589.0	36589.0	36589.0	36589.0	36589.0	36589.0	36589.0	36589.0	36589.0	36589.0	36589.0	36589.0	36589.0	36589.0	36589.0	36589.0	36589.0	36589.0	36589.0	36589.0	36589.0	36589.0	36589.0	36589.0	36589.0	36589.0	36589.0	36589.0	36589.0	36589.0	36589.0	36589.0	36589.0	36589.0	36589.0	36589.0	36589.0
338_TASK07_CON36_3.0_pos	pos	3.0	32748.0	32748.0	32748.0	32748.0	32748.0	32748.0	32748.0	32748.0	32748.0	32748.0	32748.0	32748.0	32748.0	32748.0	32748.0	32748.0	32748.0	32748.0	32748.0	32748.0	32748.0	32748.0	32748.0	32748.0	32748.0	32748.0	32748.0	32748.0	32748.0	32748.0	32748.0	32748.0	32748.0	32748.0	32748.0	32748.0	32748.0	32748.0	32748.0	32748.0	32748.0	32748.0	32748.0	32748.0	32748.0	32748.0	32748.0
338_TASK07_CON36_4.0_posneg	posneg	4.0	18297.0	18297.0	18297.0	18297.0	18297.0	18297.0	18297.0	18297.0	18297.0	18297.0	18297.0	18297.0	18297.0	18297.0	18297.0	18297.0	18297.0	18297.0	18297.0	18297.0	18297.0	18297.0	18297.0	18297.0	18297.0	18297.0	18297.0	18297.0	18297.0	18297.0	18297.0	18297.0	18297.0	18297.0	18297.0	18297.0	18297.0	18297.0	18297.0	18297.0	18297.0	18297.0	18297.0	18297.0	18297.0	18297.0	18297.0
338_TASK07_CON36_4.0_pos	pos	4.0	17605.0	17605.0	17605.0	17605.0	17605.0	17605.0	17605.0	17605.0	17605.0	17605.0	17605.0	17605.0	17605.0	17605.0	17605.0	17605.0	17605.0	17605.0	17605.0	17605.0	17605.0	17605.0	17605.0	17605.0	17605.0	17605.0	17605.0	17605.0	17605.0	17605.0	17605.0	17605.0	17605.0	17605.0	17605.0	17605.0	17605.0	17605.0	17605.0	17605.0	17605.0	17605.0	17605.0	17605.0	17605.0	17605.0	17605.0
338_TASK07_CON36_5.0_posneg	posneg	5.0	8713.0	8713.0	8713.0	8713.0	8713.0	8713.0	8713.0	8713.0	8713.0	8713.0	8713.0	8713.0	8713.0	8713.0	8713.0	8713.0	8713.0	8713.0	8713.0	8713.0	8713.0	8713.0	8713.0	8713.0	8713.0	8713.0	8713.0	8713.0	8713.0	8713.0	8713.0	8713.0	8713.0	8713.0	8713.0	8713.0	8713.0	8713.0	8713.0	8713.0	8713.0	8713.0	8713.0	8713.0	8713.0	8713.0	8713.0
338_TASK07_CON36_5.0_pos	pos	5.0	8680.0	8680.0	8680.0	8680.0	8680.0	8680.0	8680.0	8680.0	8680.0	8680.0	8680.0	8680.0	8680.0	8680.0	8680.0	8680.0	8680.0	8680.0	8680.0	8680.0	8680.0	8680.0	8680.0	8680.0	8680.0	8680.0	8680.0	8680.0	8680.0	8680.0	8680.0	8680.0	8680.0	8680.0	8680.0	8680.0	8680.0	8680.0	8680.0	8680.0	8680.0	8680.0	8680.0	8680.0	8680.0	8680.0	8680.0
338_TASK07_CON36_6.0_posneg	posneg	6.0	3533.0	3533.0	3533.0	3533.0	3533.0	3533.0	3533.0	3533.0	3533.0	3533.0	3533.0	3533.0	3533.0	3533.0	3533.0	3533.0	3533.0	3533.0	3533.0	3533.0	3533.0	3533.0	3533.0	3533.0	3533.0	3533.0	3533.0	3533.0	3533.0	3533.0	3533.0	3533.0	3533.0	3533.0	3533.0	3533.0	3533.0	3533.0	3533.0	3533.0	3533.0	3533.0	3533.0	3533.0	3533.0	3533.0	3533.0
338_TASK07_CON36_6.0_pos	pos	6.0	3533.0	3533.0	3533.0	3533.0	3533.0	3533.0	3533.0	3533.0	3533.0	3533.0	3533.0	3533.0	3533.0	3533.0	3533.0	3533.0	3533.0	3533.0	3533.0	3533.0	3533.0	3533.0	3533.0	3533.0	3533.0	3533.0	3533.0	3533.0	3533.0	3533.0	3533.0	3533.0	3533.0	3533.0	3533.0	3533.0	3533.0	3533.0	3533.0	3533.0	3533.0	3533.0	3533.0	3533.0	3533.0	3533.0	3533.0
338_TASK07_CON36_7.0_posneg	posneg	7.0	874.0	874.0	874.0	874.0	874.0	874.0	874.0	874.0	874.0	874.0	874.0	874.0	874.0	874.0	874.0	874.0	874.0	874.0	874.0	874.0	874.0	874.0	874.0	874.0	874.0	874.0	874.0	874.0	874.0	874.0	874.0	874.0	874.0	874.0	874.0	874.0	874.0	874.0	874.0	874.0	874.0	874.0	874.0	874.0	874.0	874.0	874.0
338_TASK07_CON36_7.0_pos	pos	7.0	874.0	874.0	874.0	874.0	874.0	874.0	874.0	874.0	874.0	874.0	874.0	874.0	874.0	874.0	874.0	874.0	874.0	874.0	874.0	874.0	874.0	874.0	874.0	874.0	874.0	874.0	874.0	874.0	874.0	874.0	874.0	874.0	874.0	874.0	874.0	874.0	874.0	874.0	874.0	874.0	874.0	874.0	874.0	874.0	874.0	874.0	874.0
338_TASK07_CON36_8.0_posneg	posneg	8.0	53.0	53.0	53.0	53.0	53.0	53.0	53.0	53.0	53.0	53.0	53.0	53.0	53.0	53.0	53.0	53.0	53.0	53.0	53.0	53.0	53.0	53.0	53.0	53.0	53.0	53.0	53.0	53.0	53.0	53.0	53.0	53.0	53.0	53.0	53.0	53.0	53.0	53.0	53.0	53.0	53.0	53.0	53.0	53.0	53.0	53.0	53.0
338_TASK07_CON36_8.0_pos	pos	8.0	53.0	53.0	53.0	53.0	53.0	53.0	53.0	53.0	53.0	53.0	53.0	53.0	53.0	53.0	53.0	53.0	53.0	53.0	53.0	53.0	53.0	53.0	53.0	53.0	53.0	53.0	53.0	53.0	53.0	53.0	53.0	53.0	53.0	53.0	53.0	53.0	53.0	53.0	53.0	53.0	53.0	53.0	53.0	53.0	53.0	53.0	53.0
338_TASK07_CON36_9.0_posneg	posneg	9.0	1.0	1.0	1.0	1.0	1.0	1.0	1.0	1.0	1.0	1.0	1.0	1.0	1.0	1.0	1.0	1.0	1.0	1.0	1.0	1.0	1.0	1.0	1.0	1.0	1.0	1.0	1.0	1.0	1.0	1.0	1.0	1.0	1.0	1.0	1.0	1.0	1.0	1.0	1.0	1.0	1.0	1.0	1.0	1.0	1.0	1.0	1.0
338_TASK07_CON36_9.0_pos	pos	9.0	1.0	1.0	1.0	1.0	1.0	1.0	1.0	1.0	1.0	1.0	1.0	1.0	1.0	1.0	1.0	1.0	1.0	1.0	1.0	1.0	1.0	1.0	1.0	1.0	1.0	1.0	1.0	1.0	1.0	1.0	1.0	1.0	1.0	1.0	1.0	1.0	1.0	1.0	1.0	1.0	1.0	1.0	1.0	1.0	1.0	1.0	1.0
338_TASK07_CON36_10.0_posneg	posneg	10.0	0.0	0.0	0.0	0.0	0.0	0.0	0.0	0.0	0.0	0.0	0.0	0.0	0.0	0.0	0.0	0.0	0.0	0.0	0.0	0.0	0.0	0.0	0.0	0.0	0.0	0.0	0.0	0.0	0.0	0.0	0.0	0.0	0.0	0.0	0.0	0.0	0.0	0.0	0.0	0.0	0.0	0.0	0.0	0.0	0.0	0.0	0.0
338_TASK07_CON36_10.0_pos	pos	10.0	0.0	0.0	0.0	0.0	0.0	0.0	0.0	0.0	0.0	0.0	0.0	0.0	0.0	0.0	0.0	0.0	0.0	0.0	0.0	0.0	0.0	0.0	0.0	0.0	0.0	0.0	0.0	0.0	0.0	0.0	0.0	0.0	0.0	0.0	0.0	0.0	0.0	0.0	0.0	0.0	0.0	0.0	0.0	0.0	0.0	0.0	0.0
338_TASK07_CON36_11.0_posneg	posneg	11.0	0.0	0.0	0.0	0.0	0.0	0.0	0.0	0.0	0.0	0.0	0.0	0.0	0.0	0.0	0.0	0.0	0.0	0.0	0.0	0.0	0.0	0.0	0.0	0.0	0.0	0.0	0.0	0.0	0.0	0.0	0.0	0.0	0.0	0.0	0.0	0.0	0.0	0.0	0.0	0.0	0.0	0.0	0.0	0.0	0.0	0.0	0.0
338_TASK07_CON36_11.0_pos	pos	11.0	0.0	0.0	0.0	0.0	0.0	0.0	0.0	0.0	0.0	0.0	0.0	0.0	0.0	0.0	0.0	0.0	0.0	0.0	0.0	0.0	0.0	0.0	0.0	0.0	0.0	0.0	0.0	0.0	0.0	0.0	0.0	0.0	0.0	0.0	0.0	0.0	0.0	0.0	0.0	0.0	0.0	0.0	0.0	0.0	0.0	0.0	0.0
338_TASK07_CON36_12.0_posneg	posneg	12.0	0.0	0.0	0.0	0.0	0.0	0.0	0.0	0.0	0.0	0.0	0.0	0.0	0.0	0.0	0.0	0.0	0.0	0.0	0.0	0.0	0.0	0.0	0.0	0.0	0.0	0.0	0.0	0.0	0.0	0.0	0.0	0.0	0.0	0.0	0.0	0.0	0.0	0.0	0.0	0.0	0.0	0.0	0.0	0.0	0.0	0.0	0.0
338_TASK07_CON36_12.0_pos	pos	12.0	0.0	0.0	0.0	0.0	0.0	0.0	0.0	0.0	0.0	0.0	0.0	0.0	0.0	0.0	0.0	0.0	0.0	0.0	0.0	0.0	0.0	0.0	0.0	0.0	0.0	0.0	0.0	0.0	0.0	0.0	0.0	0.0	0.0	0.0	0.0	0.0	0.0	0.0	0.0	0.0	0.0	0.0	0.0	0.0	0.0	0.0	0.0
338_TASK07_CON36_13.0_posneg	posneg	13.0	0.0	0.0	0.0	0.0	0.0	0.0	0.0	0.0	0.0	0.0	0.0	0.0	0.0	0.0	0.0	0.0	0.0	0.0	0.0	0.0	0.0	0.0	0.0	0.0	0.0	0.0	0.0	0.0	0.0	0.0	0.0	0.0	0.0	0.0	0.0	0.0	0.0	0.0	0.0	0.0	0.0	0.0	0.0	0.0	0.0	0.0	0.0
338_TASK07_CON36_13.0_pos	pos	13.0	0.0	0.0	0.0	0.0	0.0	0.0	0.0	0.0	0.0	0.0	0.0	0.0	0.0	0.0	0.0	0.0	0.0	0.0	0.0	0.0	0.0	0.0	0.0	0.0	0.0	0.0	0.0	0.0	0.0	0.0	0.0	0.0	0.0	0.0	0.0	0.0	0.0	0.0	0.0	0.0	0.0	0.0	0.0	0.0	0.0	0.0	0.0
338_TASK07_CON37_0.0_posneg	posneg	0.0	228191.0	228191.0	228191.0	228191.0	228191.0	228191.0	228191.0	228191.0	228191.0	228191.0	228191.0	228191.0	228191.0	228191.0	228191.0	228191.0	228191.0	228191.0	228191.0	228191.0	228191.0	228191.0	228191.0	228191.0	228191.0	228191.0	228191.0	228191.0	228191.0	228191.0	228191.0	228191.0	228191.0	228191.0	228191.0	228191.0	228191.0	228191.0	228191.0	228191.0	228191.0	228191.0	228191.0	228191.0	228191.0	228191.0	228191.0
338_TASK07_CON37_0.0_pos	pos	0.0	119614.0	119614.0	119614.0	119614.0	119614.0	119614.0	119614.0	119614.0	119614.0	119614.0	119614.0	119614.0	119614.0	119614.0	119614.0	119614.0	119614.0	119614.0	119614.0	119614.0	119614.0	119614.0	119614.0	119614.0	119614.0	119614.0	119614.0	119614.0	119614.0	119614.0	119614.0	119614.0	119614.0	119614.0	119614.0	119614.0	119614.0	119614.0	119614.0	119614.0	119614.0	119614.0	119614.0	119614.0	119614.0	119614.0	119614.0
338_TASK07_CON37_1.0_posneg	posneg	1.0	151211.0	151211.0	151211.0	151211.0	151211.0	151211.0	151211.0	151211.0	151211.0	151211.0	151211.0	151211.0	151211.0	151211.0	151211.0	151211.0	151211.0	151211.0	151211.0	151211.0	151211.0	151211.0	151211.0	151211.0	151211.0	151211.0	151211.0	151211.0	151211.0	151211.0	151211.0	151211.0	151211.0	151211.0	151211.0	151211.0	151211.0	151211.0	151211.0	151211.0	151211.0	151211.0	151211.0	151211.0	151211.0	151211.0	151211.0
338_TASK07_CON37_1.0_pos	pos	1.0	80811.0	80811.0	80811.0	80811.0	80811.0	80811.0	80811.0	80811.0	80811.0	80811.0	80811.0	80811.0	80811.0	80811.0	80811.0	80811.0	80811.0	80811.0	80811.0	80811.0	80811.0	80811.0	80811.0	80811.0	80811.0	80811.0	80811.0	80811.0	80811.0	80811.0	80811.0	80811.0	80811.0	80811.0	80811.0	80811.0	80811.0	80811.0	80811.0	80811.0	80811.0	80811.0	80811.0	80811.0	80811.0	80811.0	80811.0
338_TASK07_CON37_2.0_posneg	posneg	2.0	91479.0	91479.0	91479.0	91479.0	91479.0	91479.0	91479.0	91479.0	91479.0	91479.0	91479.0	91479.0	91479.0	91479.0	91479.0	91479.0	91479.0	91479.0	91479.0	91479.0	91479.0	91479.0	91479.0	91479.0	91479.0	91479.0	91479.0	91479.0	91479.0	91479.0	91479.0	91479.0	91479.0	91479.0	91479.0	91479.0	91479.0	91479.0	91479.0	91479.0	91479.0	91479.0	91479.0	91479.0	91479.0	91479.0	91479.0
338_TASK07_CON37_2.0_pos	pos	2.0	51565.0	51565.0	51565.0	51565.0	51565.0	51565.0	51565.0	51565.0	51565.0	51565.0	51565.0	51565.0	51565.0	51565.0	51565.0	51565.0	51565.0	51565.0	51565.0	51565.0	51565.0	51565.0	51565.0	51565.0	51565.0	51565.0	51565.0	51565.0	51565.0	51565.0	51565.0	51565.0	51565.0	51565.0	51565.0	51565.0	51565.0	51565.0	51565.0	51565.0	51565.0	51565.0	51565.0	51565.0	51565.0	51565.0	51565.0
338_TASK07_CON37_3.0_posneg	posneg	3.0	52676.0	52676.0	52676.0	52676.0	52676.0	52676.0	52676.0	52676.0	52676.0	52676.0	52676.0	52676.0	52676.0	52676.0	52676.0	52676.0	52676.0	52676.0	52676.0	52676.0	52676.0	52676.0	52676.0	52676.0	52676.0	52676.0	52676.0	52676.0	52676.0	52676.0	52676.0	52676.0	52676.0	52676.0	52676.0	52676.0	52676.0	52676.0	52676.0	52676.0	52676.0	52676.0	52676.0	52676.0	52676.0	52676.0	52676.0
338_TASK07_CON37_3.0_pos	pos	3.0	33518.0	33518.0	33518.0	33518.0	33518.0	33518.0	33518.0	33518.0	33518.0	33518.0	33518.0	33518.0	33518.0	33518.0	33518.0	33518.0	33518.0	33518.0	33518.0	33518.0	33518.0	33518.0	33518.0	33518.0	33518.0	33518.0	33518.0	33518.0	33518.0	33518.0	33518.0	33518.0	33518.0	33518.0	33518.0	33518.0	33518.0	33518.0	33518.0	33518.0	33518.0	33518.0	33518.0	33518.0	33518.0	33518.0	33518.0
338_TASK07_CON37_4.0_posneg	posneg	4.0	29596.0	29596.0	29596.0	29596.0	29596.0	29596.0	29596.0	29596.0	29596.0	29596.0	29596.0	29596.0	29596.0	29596.0	29596.0	29596.0	29596.0	29596.0	29596.0	29596.0	29596.0	29596.0	29596.0	29596.0	29596.0	29596.0	29596.0	29596.0	29596.0	29596.0	29596.0	29596.0	29596.0	29596.0	29596.0	29596.0	29596.0	29596.0	29596.0	29596.0	29596.0	29596.0	29596.0	29596.0	29596.0	29596.0	29596.0
338_TASK07_CON37_4.0_pos	pos	4.0	21703.0	21703.0	21703.0	21703.0	21703.0	21703.0	21703.0	21703.0	21703.0	21703.0	21703.0	21703.0	21703.0	21703.0	21703.0	21703.0	21703.0	21703.0	21703.0	21703.0	21703.0	21703.0	21703.0	21703.0	21703.0	21703.0	21703.0	21703.0	21703.0	21703.0	21703.0	21703.0	21703.0	21703.0	21703.0	21703.0	21703.0	21703.0	21703.0	21703.0	21703.0	21703.0	21703.0	21703.0	21703.0	21703.0	21703.0
338_TASK07_CON37_5.0_posneg	posneg	5.0	15728.0	15728.0	15728.0	15728.0	15728.0	15728.0	15728.0	15728.0	15728.0	15728.0	15728.0	15728.0	15728.0	15728.0	15728.0	15728.0	15728.0	15728.0	15728.0	15728.0	15728.0	15728.0	15728.0	15728.0	15728.0	15728.0	15728.0	15728.0	15728.0	15728.0	15728.0	15728.0	15728.0	15728.0	15728.0	15728.0	15728.0	15728.0	15728.0	15728.0	15728.0	15728.0	15728.0	15728.0	15728.0	15728.0	15728.0
338_TASK07_CON37_5.0_pos	pos	5.0	13103.0	13103.0	13103.0	13103.0	13103.0	13103.0	13103.0	13103.0	13103.0	13103.0	13103.0	13103.0	13103.0	13103.0	13103.0	13103.0	13103.0	13103.0	13103.0	13103.0	13103.0	13103.0	13103.0	13103.0	13103.0	13103.0	13103.0	13103.0	13103.0	13103.0	13103.0	13103.0	13103.0	13103.0	13103.0	13103.0	13103.0	13103.0	13103.0	13103.0	13103.0	13103.0	13103.0	13103.0	13103.0	13103.0	13103.0
338_TASK07_CON37_6.0_posneg	posneg	6.0	7659.0	7659.0	7659.0	7659.0	7659.0	7659.0	7659.0	7659.0	7659.0	7659.0	7659.0	7659.0	7659.0	7659.0	7659.0	7659.0	7659.0	7659.0	7659.0	7659.0	7659.0	7659.0	7659.0	7659.0	7659.0	7659.0	7659.0	7659.0	7659.0	7659.0	7659.0	7659.0	7659.0	7659.0	7659.0	7659.0	7659.0	7659.0	7659.0	7659.0	7659.0	7659.0	7659.0	7659.0	7659.0	7659.0	7659.0
338_TASK07_CON37_6.0_pos	pos	6.0	6974.0	6974.0	6974.0	6974.0	6974.0	6974.0	6974.0	6974.0	6974.0	6974.0	6974.0	6974.0	6974.0	6974.0	6974.0	6974.0	6974.0	6974.0	6974.0	6974.0	6974.0	6974.0	6974.0	6974.0	6974.0	6974.0	6974.0	6974.0	6974.0	6974.0	6974.0	6974.0	6974.0	6974.0	6974.0	6974.0	6974.0	6974.0	6974.0	6974.0	6974.0	6974.0	6974.0	6974.0	6974.0	6974.0	6974.0
338_TASK07_CON37_7.0_posneg	posneg	7.0	2570.0	2570.0	2570.0	2570.0	2570.0	2570.0	2570.0	2570.0	2570.0	2570.0	2570.0	2570.0	2570.0	2570.0	2570.0	2570.0	2570.0	2570.0	2570.0	2570.0	2570.0	2570.0	2570.0	2570.0	2570.0	2570.0	2570.0	2570.0	2570.0	2570.0	2570.0	2570.0	2570.0	2570.0	2570.0	2570.0	2570.0	2570.0	2570.0	2570.0	2570.0	2570.0	2570.0	2570.0	2570.0	2570.0	2570.0
338_TASK07_CON37_7.0_pos	pos	7.0	2519.0	2519.0	2519.0	2519.0	2519.0	2519.0	2519.0	2519.0	2519.0	2519.0	2519.0	2519.0	2519.0	2519.0	2519.0	2519.0	2519.0	2519.0	2519.0	2519.0	2519.0	2519.0	2519.0	2519.0	2519.0	2519.0	2519.0	2519.0	2519.0	2519.0	2519.0	2519.0	2519.0	2519.0	2519.0	2519.0	2519.0	2519.0	2519.0	2519.0	2519.0	2519.0	2519.0	2519.0	2519.0	2519.0	2519.0
338_TASK07_CON37_8.0_posneg	posneg	8.0	363.0	363.0	363.0	363.0	363.0	363.0	363.0	363.0	363.0	363.0	363.0	363.0	363.0	363.0	363.0	363.0	363.0	363.0	363.0	363.0	363.0	363.0	363.0	363.0	363.0	363.0	363.0	363.0	363.0	363.0	363.0	363.0	363.0	363.0	363.0	363.0	363.0	363.0	363.0	363.0	363.0	363.0	363.0	363.0	363.0	363.0	363.0
338_TASK07_CON37_8.0_pos	pos	8.0	363.0	363.0	363.0	363.0	363.0	363.0	363.0	363.0	363.0	363.0	363.0	363.0	363.0	363.0	363.0	363.0	363.0	363.0	363.0	363.0	363.0	363.0	363.0	363.0	363.0	363.0	363.0	363.0	363.0	363.0	363.0	363.0	363.0	363.0	363.0	363.0	363.0	363.0	363.0	363.0	363.0	363.0	363.0	363.0	363.0	363.0	363.0
338_TASK07_CON37_9.0_posneg	posneg	9.0	8.0	8.0	8.0	8.0	8.0	8.0	8.0	8.0	8.0	8.0	8.0	8.0	8.0	8.0	8.0	8.0	8.0	8.0	8.0	8.0	8.0	8.0	8.0	8.0	8.0	8.0	8.0	8.0	8.0	8.0	8.0	8.0	8.0	8.0	8.0	8.0	8.0	8.0	8.0	8.0	8.0	8.0	8.0	8.0	8.0	8.0	8.0
338_TASK07_CON37_9.0_pos	pos	9.0	8.0	8.0	8.0	8.0	8.0	8.0	8.0	8.0	8.0	8.0	8.0	8.0	8.0	8.0	8.0	8.0	8.0	8.0	8.0	8.0	8.0	8.0	8.0	8.0	8.0	8.0	8.0	8.0	8.0	8.0	8.0	8.0	8.0	8.0	8.0	8.0	8.0	8.0	8.0	8.0	8.0	8.0	8.0	8.0	8.0	8.0	8.0
338_TASK07_CON37_10.0_posneg	posneg	10.0	0.0	0.0	0.0	0.0	0.0	0.0	0.0	0.0	0.0	0.0	0.0	0.0	0.0	0.0	0.0	0.0	0.0	0.0	0.0	0.0	0.0	0.0	0.0	0.0	0.0	0.0	0.0	0.0	0.0	0.0	0.0	0.0	0.0	0.0	0.0	0.0	0.0	0.0	0.0	0.0	0.0	0.0	0.0	0.0	0.0	0.0	0.0
338_TASK07_CON37_10.0_pos	pos	10.0	0.0	0.0	0.0	0.0	0.0	0.0	0.0	0.0	0.0	0.0	0.0	0.0	0.0	0.0	0.0	0.0	0.0	0.0	0.0	0.0	0.0	0.0	0.0	0.0	0.0	0.0	0.0	0.0	0.0	0.0	0.0	0.0	0.0	0.0	0.0	0.0	0.0	0.0	0.0	0.0	0.0	0.0	0.0	0.0	0.0	0.0	0.0
338_TASK07_CON37_11.0_posneg	posneg	11.0	0.0	0.0	0.0	0.0	0.0	0.0	0.0	0.0	0.0	0.0	0.0	0.0	0.0	0.0	0.0	0.0	0.0	0.0	0.0	0.0	0.0	0.0	0.0	0.0	0.0	0.0	0.0	0.0	0.0	0.0	0.0	0.0	0.0	0.0	0.0	0.0	0.0	0.0	0.0	0.0	0.0	0.0	0.0	0.0	0.0	0.0	0.0
338_TASK07_CON37_11.0_pos	pos	11.0	0.0	0.0	0.0	0.0	0.0	0.0	0.0	0.0	0.0	0.0	0.0	0.0	0.0	0.0	0.0	0.0	0.0	0.0	0.0	0.0	0.0	0.0	0.0	0.0	0.0	0.0	0.0	0.0	0.0	0.0	0.0	0.0	0.0	0.0	0.0	0.0	0.0	0.0	0.0	0.0	0.0	0.0	0.0	0.0	0.0	0.0	0.0
338_TASK07_CON37_12.0_posneg	posneg	12.0	0.0	0.0	0.0	0.0	0.0	0.0	0.0	0.0	0.0	0.0	0.0	0.0	0.0	0.0	0.0	0.0	0.0	0.0	0.0	0.0	0.0	0.0	0.0	0.0	0.0	0.0	0.0	0.0	0.0	0.0	0.0	0.0	0.0	0.0	0.0	0.0	0.0	0.0	0.0	0.0	0.0	0.0	0.0	0.0	0.0	0.0	0.0
338_TASK07_CON37_12.0_pos	pos	12.0	0.0	0.0	0.0	0.0	0.0	0.0	0.0	0.0	0.0	0.0	0.0	0.0	0.0	0.0	0.0	0.0	0.0	0.0	0.0	0.0	0.0	0.0	0.0	0.0	0.0	0.0	0.0	0.0	0.0	0.0	0.0	0.0	0.0	0.0	0.0	0.0	0.0	0.0	0.0	0.0	0.0	0.0	0.0	0.0	0.0	0.0	0.0
338_TASK07_CON37_13.0_posneg	posneg	13.0	0.0	0.0	0.0	0.0	0.0	0.0	0.0	0.0	0.0	0.0	0.0	0.0	0.0	0.0	0.0	0.0	0.0	0.0	0.0	0.0	0.0	0.0	0.0	0.0	0.0	0.0	0.0	0.0	0.0	0.0	0.0	0.0	0.0	0.0	0.0	0.0	0.0	0.0	0.0	0.0	0.0	0.0	0.0	0.0	0.0	0.0	0.0
338_TASK07_CON37_13.0_pos	pos	13.0	0.0	0.0	0.0	0.0	0.0	0.0	0.0	0.0	0.0	0.0	0.0	0.0	0.0	0.0	0.0	0.0	0.0	0.0	0.0	0.0	0.0	0.0	0.0	0.0	0.0	0.0	0.0	0.0	0.0	0.0	0.0	0.0	0.0	0.0	0.0	0.0	0.0	0.0	0.0	0.0	0.0	0.0	0.0	0.0	0.0	0.0	0.0
338_TASK07_CON38_0.0_posneg	posneg	0.0	228191.0	228191.0	228191.0	228191.0	228191.0	228191.0	228191.0	228191.0	228191.0	228191.0	228191.0	228191.0	228191.0	228191.0	228191.0	228191.0	228191.0	228191.0	228191.0	228191.0	228191.0	228191.0	228191.0	228191.0	228191.0	228191.0	228191.0	228191.0	228191.0	228191.0	228191.0	228191.0	228191.0	228191.0	228191.0	228191.0	228191.0	228191.0	228191.0	228191.0	228191.0	228191.0	228191.0	228191.0	228191.0	228191.0	228191.0
338_TASK07_CON38_0.0_pos	pos	0.0	122485.0	122485.0	122485.0	122485.0	122485.0	122485.0	122485.0	122485.0	122485.0	122485.0	122485.0	122485.0	122485.0	122485.0	122485.0	122485.0	122485.0	122485.0	122485.0	122485.0	122485.0	122485.0	122485.0	122485.0	122485.0	122485.0	122485.0	122485.0	122485.0	122485.0	122485.0	122485.0	122485.0	122485.0	122485.0	122485.0	122485.0	122485.0	122485.0	122485.0	122485.0	122485.0	122485.0	122485.0	122485.0	122485.0	122485.0
338_TASK07_CON38_1.0_posneg	posneg	1.0	145935.0	145935.0	145935.0	145935.0	145935.0	145935.0	145935.0	145935.0	145935.0	145935.0	145935.0	145935.0	145935.0	145935.0	145935.0	145935.0	145935.0	145935.0	145935.0	145935.0	145935.0	145935.0	145935.0	145935.0	145935.0	145935.0	145935.0	145935.0	145935.0	145935.0	145935.0	145935.0	145935.0	145935.0	145935.0	145935.0	145935.0	145935.0	145935.0	145935.0	145935.0	145935.0	145935.0	145935.0	145935.0	145935.0	145935.0
338_TASK07_CON38_1.0_pos	pos	1.0	81593.0	81593.0	81593.0	81593.0	81593.0	81593.0	81593.0	81593.0	81593.0	81593.0	81593.0	81593.0	81593.0	81593.0	81593.0	81593.0	81593.0	81593.0	81593.0	81593.0	81593.0	81593.0	81593.0	81593.0	81593.0	81593.0	81593.0	81593.0	81593.0	81593.0	81593.0	81593.0	81593.0	81593.0	81593.0	81593.0	81593.0	81593.0	81593.0	81593.0	81593.0	81593.0	81593.0	81593.0	81593.0	81593.0	81593.0
338_TASK07_CON38_2.0_posneg	posneg	2.0	85549.0	85549.0	85549.0	85549.0	85549.0	85549.0	85549.0	85549.0	85549.0	85549.0	85549.0	85549.0	85549.0	85549.0	85549.0	85549.0	85549.0	85549.0	85549.0	85549.0	85549.0	85549.0	85549.0	85549.0	85549.0	85549.0	85549.0	85549.0	85549.0	85549.0	85549.0	85549.0	85549.0	85549.0	85549.0	85549.0	85549.0	85549.0	85549.0	85549.0	85549.0	85549.0	85549.0	85549.0	85549.0	85549.0	85549.0
338_TASK07_CON38_2.0_pos	pos	2.0	51911.0	51911.0	51911.0	51911.0	51911.0	51911.0	51911.0	51911.0	51911.0	51911.0	51911.0	51911.0	51911.0	51911.0	51911.0	51911.0	51911.0	51911.0	51911.0	51911.0	51911.0	51911.0	51911.0	51911.0	51911.0	51911.0	51911.0	51911.0	51911.0	51911.0	51911.0	51911.0	51911.0	51911.0	51911.0	51911.0	51911.0	51911.0	51911.0	51911.0	51911.0	51911.0	51911.0	51911.0	51911.0	51911.0	51911.0
338_TASK07_CON38_3.0_posneg	posneg	3.0	48889.0	48889.0	48889.0	48889.0	48889.0	48889.0	48889.0	48889.0	48889.0	48889.0	48889.0	48889.0	48889.0	48889.0	48889.0	48889.0	48889.0	48889.0	48889.0	48889.0	48889.0	48889.0	48889.0	48889.0	48889.0	48889.0	48889.0	48889.0	48889.0	48889.0	48889.0	48889.0	48889.0	48889.0	48889.0	48889.0	48889.0	48889.0	48889.0	48889.0	48889.0	48889.0	48889.0	48889.0	48889.0	48889.0	48889.0
338_TASK07_CON38_3.0_pos	pos	3.0	33404.0	33404.0	33404.0	33404.0	33404.0	33404.0	33404.0	33404.0	33404.0	33404.0	33404.0	33404.0	33404.0	33404.0	33404.0	33404.0	33404.0	33404.0	33404.0	33404.0	33404.0	33404.0	33404.0	33404.0	33404.0	33404.0	33404.0	33404.0	33404.0	33404.0	33404.0	33404.0	33404.0	33404.0	33404.0	33404.0	33404.0	33404.0	33404.0	33404.0	33404.0	33404.0	33404.0	33404.0	33404.0	33404.0	33404.0
338_TASK07_CON38_4.0_posneg	posneg	4.0	27077.0	27077.0	27077.0	27077.0	27077.0	27077.0	27077.0	27077.0	27077.0	27077.0	27077.0	27077.0	27077.0	27077.0	27077.0	27077.0	27077.0	27077.0	27077.0	27077.0	27077.0	27077.0	27077.0	27077.0	27077.0	27077.0	27077.0	27077.0	27077.0	27077.0	27077.0	27077.0	27077.0	27077.0	27077.0	27077.0	27077.0	27077.0	27077.0	27077.0	27077.0	27077.0	27077.0	27077.0	27077.0	27077.0	27077.0
338_TASK07_CON38_4.0_pos	pos	4.0	21450.0	21450.0	21450.0	21450.0	21450.0	21450.0	21450.0	21450.0	21450.0	21450.0	21450.0	21450.0	21450.0	21450.0	21450.0	21450.0	21450.0	21450.0	21450.0	21450.0	21450.0	21450.0	21450.0	21450.0	21450.0	21450.0	21450.0	21450.0	21450.0	21450.0	21450.0	21450.0	21450.0	21450.0	21450.0	21450.0	21450.0	21450.0	21450.0	21450.0	21450.0	21450.0	21450.0	21450.0	21450.0	21450.0	21450.0
338_TASK07_CON38_5.0_posneg	posneg	5.0	14203.0	14203.0	14203.0	14203.0	14203.0	14203.0	14203.0	14203.0	14203.0	14203.0	14203.0	14203.0	14203.0	14203.0	14203.0	14203.0	14203.0	14203.0	14203.0	14203.0	14203.0	14203.0	14203.0	14203.0	14203.0	14203.0	14203.0	14203.0	14203.0	14203.0	14203.0	14203.0	14203.0	14203.0	14203.0	14203.0	14203.0	14203.0	14203.0	14203.0	14203.0	14203.0	14203.0	14203.0	14203.0	14203.0	14203.0
338_TASK07_CON38_5.0_pos	pos	5.0	12924.0	12924.0	12924.0	12924.0	12924.0	12924.0	12924.0	12924.0	12924.0	12924.0	12924.0	12924.0	12924.0	12924.0	12924.0	12924.0	12924.0	12924.0	12924.0	12924.0	12924.0	12924.0	12924.0	12924.0	12924.0	12924.0	12924.0	12924.0	12924.0	12924.0	12924.0	12924.0	12924.0	12924.0	12924.0	12924.0	12924.0	12924.0	12924.0	12924.0	12924.0	12924.0	12924.0	12924.0	12924.0	12924.0	12924.0
338_TASK07_CON38_6.0_posneg	posneg	6.0	6752.0	6752.0	6752.0	6752.0	6752.0	6752.0	6752.0	6752.0	6752.0	6752.0	6752.0	6752.0	6752.0	6752.0	6752.0	6752.0	6752.0	6752.0	6752.0	6752.0	6752.0	6752.0	6752.0	6752.0	6752.0	6752.0	6752.0	6752.0	6752.0	6752.0	6752.0	6752.0	6752.0	6752.0	6752.0	6752.0	6752.0	6752.0	6752.0	6752.0	6752.0	6752.0	6752.0	6752.0	6752.0	6752.0	6752.0
338_TASK07_CON38_6.0_pos	pos	6.0	6676.0	6676.0	6676.0	6676.0	6676.0	6676.0	6676.0	6676.0	6676.0	6676.0	6676.0	6676.0	6676.0	6676.0	6676.0	6676.0	6676.0	6676.0	6676.0	6676.0	6676.0	6676.0	6676.0	6676.0	6676.0	6676.0	6676.0	6676.0	6676.0	6676.0	6676.0	6676.0	6676.0	6676.0	6676.0	6676.0	6676.0	6676.0	6676.0	6676.0	6676.0	6676.0	6676.0	6676.0	6676.0	6676.0	6676.0
338_TASK07_CON38_7.0_posneg	posneg	7.0	2108.0	2108.0	2108.0	2108.0	2108.0	2108.0	2108.0	2108.0	2108.0	2108.0	2108.0	2108.0	2108.0	2108.0	2108.0	2108.0	2108.0	2108.0	2108.0	2108.0	2108.0	2108.0	2108.0	2108.0	2108.0	2108.0	2108.0	2108.0	2108.0	2108.0	2108.0	2108.0	2108.0	2108.0	2108.0	2108.0	2108.0	2108.0	2108.0	2108.0	2108.0	2108.0	2108.0	2108.0	2108.0	2108.0	2108.0
338_TASK07_CON38_7.0_pos	pos	7.0	2108.0	2108.0	2108.0	2108.0	2108.0	2108.0	2108.0	2108.0	2108.0	2108.0	2108.0	2108.0	2108.0	2108.0	2108.0	2108.0	2108.0	2108.0	2108.0	2108.0	2108.0	2108.0	2108.0	2108.0	2108.0	2108.0	2108.0	2108.0	2108.0	2108.0	2108.0	2108.0	2108.0	2108.0	2108.0	2108.0	2108.0	2108.0	2108.0	2108.0	2108.0	2108.0	2108.0	2108.0	2108.0	2108.0	2108.0
338_TASK07_CON38_8.0_posneg	posneg	8.0	205.0	205.0	205.0	205.0	205.0	205.0	205.0	205.0	205.0	205.0	205.0	205.0	205.0	205.0	205.0	205.0	205.0	205.0	205.0	205.0	205.0	205.0	205.0	205.0	205.0	205.0	205.0	205.0	205.0	205.0	205.0	205.0	205.0	205.0	205.0	205.0	205.0	205.0	205.0	205.0	205.0	205.0	205.0	205.0	205.0	205.0	205.0
338_TASK07_CON38_8.0_pos	pos	8.0	205.0	205.0	205.0	205.0	205.0	205.0	205.0	205.0	205.0	205.0	205.0	205.0	205.0	205.0	205.0	205.0	205.0	205.0	205.0	205.0	205.0	205.0	205.0	205.0	205.0	205.0	205.0	205.0	205.0	205.0	205.0	205.0	205.0	205.0	205.0	205.0	205.0	205.0	205.0	205.0	205.0	205.0	205.0	205.0	205.0	205.0	205.0
338_TASK07_CON38_9.0_posneg	posneg	9.0	6.0	6.0	6.0	6.0	6.0	6.0	6.0	6.0	6.0	6.0	6.0	6.0	6.0	6.0	6.0	6.0	6.0	6.0	6.0	6.0	6.0	6.0	6.0	6.0	6.0	6.0	6.0	6.0	6.0	6.0	6.0	6.0	6.0	6.0	6.0	6.0	6.0	6.0	6.0	6.0	6.0	6.0	6.0	6.0	6.0	6.0	6.0
338_TASK07_CON38_9.0_pos	pos	9.0	6.0	6.0	6.0	6.0	6.0	6.0	6.0	6.0	6.0	6.0	6.0	6.0	6.0	6.0	6.0	6.0	6.0	6.0	6.0	6.0	6.0	6.0	6.0	6.0	6.0	6.0	6.0	6.0	6.0	6.0	6.0	6.0	6.0	6.0	6.0	6.0	6.0	6.0	6.0	6.0	6.0	6.0	6.0	6.0	6.0	6.0	6.0
338_TASK07_CON38_10.0_posneg	posneg	10.0	0.0	0.0	0.0	0.0	0.0	0.0	0.0	0.0	0.0	0.0	0.0	0.0	0.0	0.0	0.0	0.0	0.0	0.0	0.0	0.0	0.0	0.0	0.0	0.0	0.0	0.0	0.0	0.0	0.0	0.0	0.0	0.0	0.0	0.0	0.0	0.0	0.0	0.0	0.0	0.0	0.0	0.0	0.0	0.0	0.0	0.0	0.0
338_TASK07_CON38_10.0_pos	pos	10.0	0.0	0.0	0.0	0.0	0.0	0.0	0.0	0.0	0.0	0.0	0.0	0.0	0.0	0.0	0.0	0.0	0.0	0.0	0.0	0.0	0.0	0.0	0.0	0.0	0.0	0.0	0.0	0.0	0.0	0.0	0.0	0.0	0.0	0.0	0.0	0.0	0.0	0.0	0.0	0.0	0.0	0.0	0.0	0.0	0.0	0.0	0.0
338_TASK07_CON38_11.0_posneg	posneg	11.0	0.0	0.0	0.0	0.0	0.0	0.0	0.0	0.0	0.0	0.0	0.0	0.0	0.0	0.0	0.0	0.0	0.0	0.0	0.0	0.0	0.0	0.0	0.0	0.0	0.0	0.0	0.0	0.0	0.0	0.0	0.0	0.0	0.0	0.0	0.0	0.0	0.0	0.0	0.0	0.0	0.0	0.0	0.0	0.0	0.0	0.0	0.0
338_TASK07_CON38_11.0_pos	pos	11.0	0.0	0.0	0.0	0.0	0.0	0.0	0.0	0.0	0.0	0.0	0.0	0.0	0.0	0.0	0.0	0.0	0.0	0.0	0.0	0.0	0.0	0.0	0.0	0.0	0.0	0.0	0.0	0.0	0.0	0.0	0.0	0.0	0.0	0.0	0.0	0.0	0.0	0.0	0.0	0.0	0.0	0.0	0.0	0.0	0.0	0.0	0.0
338_TASK07_CON38_12.0_posneg	posneg	12.0	0.0	0.0	0.0	0.0	0.0	0.0	0.0	0.0	0.0	0.0	0.0	0.0	0.0	0.0	0.0	0.0	0.0	0.0	0.0	0.0	0.0	0.0	0.0	0.0	0.0	0.0	0.0	0.0	0.0	0.0	0.0	0.0	0.0	0.0	0.0	0.0	0.0	0.0	0.0	0.0	0.0	0.0	0.0	0.0	0.0	0.0	0.0
338_TASK07_CON38_12.0_pos	pos	12.0	0.0	0.0	0.0	0.0	0.0	0.0	0.0	0.0	0.0	0.0	0.0	0.0	0.0	0.0	0.0	0.0	0.0	0.0	0.0	0.0	0.0	0.0	0.0	0.0	0.0	0.0	0.0	0.0	0.0	0.0	0.0	0.0	0.0	0.0	0.0	0.0	0.0	0.0	0.0	0.0	0.0	0.0	0.0	0.0	0.0	0.0	0.0
338_TASK07_CON38_13.0_posneg	posneg	13.0	0.0	0.0	0.0	0.0	0.0	0.0	0.0	0.0	0.0	0.0	0.0	0.0	0.0	0.0	0.0	0.0	0.0	0.0	0.0	0.0	0.0	0.0	0.0	0.0	0.0	0.0	0.0	0.0	0.0	0.0	0.0	0.0	0.0	0.0	0.0	0.0	0.0	0.0	0.0	0.0	0.0	0.0	0.0	0.0	0.0	0.0	0.0
338_TASK07_CON38_13.0_pos	pos	13.0	0.0	0.0	0.0	0.0	0.0	0.0	0.0	0.0	0.0	0.0	0.0	0.0	0.0	0.0	0.0	0.0	0.0	0.0	0.0	0.0	0.0	0.0	0.0	0.0	0.0	0.0	0.0	0.0	0.0	0.0	0.0	0.0	0.0	0.0	0.0	0.0	0.0	0.0	0.0	0.0	0.0	0.0	0.0	0.0	0.0	0.0	0.0
338_TASK07_CON39_0.0_posneg	posneg	0.0	228191.0	228191.0	228191.0	228191.0	228191.0	228191.0	228191.0	228191.0	228191.0	228191.0	228191.0	228191.0	228191.0	228191.0	228191.0	228191.0	228191.0	228191.0	228191.0	228191.0	228191.0	228191.0	228191.0	228191.0	228191.0	228191.0	228191.0	228191.0	228191.0	228191.0	228191.0	228191.0	228191.0	228191.0	228191.0	228191.0	228191.0	228191.0	228191.0	228191.0	228191.0	228191.0	228191.0	228191.0	228191.0	228191.0	228191.0
338_TASK07_CON39_0.0_pos	pos	0.0	145462.0	145462.0	145462.0	145462.0	145462.0	145462.0	145462.0	145462.0	145462.0	145462.0	145462.0	145462.0	145462.0	145462.0	145462.0	145462.0	145462.0	145462.0	145462.0	145462.0	145462.0	145462.0	145462.0	145462.0	145462.0	145462.0	145462.0	145462.0	145462.0	145462.0	145462.0	145462.0	145462.0	145462.0	145462.0	145462.0	145462.0	145462.0	145462.0	145462.0	145462.0	145462.0	145462.0	145462.0	145462.0	145462.0	145462.0
338_TASK07_CON39_1.0_posneg	posneg	1.0	172681.0	172681.0	172681.0	172681.0	172681.0	172681.0	172681.0	172681.0	172681.0	172681.0	172681.0	172681.0	172681.0	172681.0	172681.0	172681.0	172681.0	172681.0	172681.0	172681.0	172681.0	172681.0	172681.0	172681.0	172681.0	172681.0	172681.0	172681.0	172681.0	172681.0	172681.0	172681.0	172681.0	172681.0	172681.0	172681.0	172681.0	172681.0	172681.0	172681.0	172681.0	172681.0	172681.0	172681.0	172681.0	172681.0	172681.0
338_TASK07_CON39_1.0_pos	pos	1.0	115739.0	115739.0	115739.0	115739.0	115739.0	115739.0	115739.0	115739.0	115739.0	115739.0	115739.0	115739.0	115739.0	115739.0	115739.0	115739.0	115739.0	115739.0	115739.0	115739.0	115739.0	115739.0	115739.0	115739.0	115739.0	115739.0	115739.0	115739.0	115739.0	115739.0	115739.0	115739.0	115739.0	115739.0	115739.0	115739.0	115739.0	115739.0	115739.0	115739.0	115739.0	115739.0	115739.0	115739.0	115739.0	115739.0	115739.0
338_TASK07_CON39_2.0_posneg	posneg	2.0	124094.0	124094.0	124094.0	124094.0	124094.0	124094.0	124094.0	124094.0	124094.0	124094.0	124094.0	124094.0	124094.0	124094.0	124094.0	124094.0	124094.0	124094.0	124094.0	124094.0	124094.0	124094.0	124094.0	124094.0	124094.0	124094.0	124094.0	124094.0	124094.0	124094.0	124094.0	124094.0	124094.0	124094.0	124094.0	124094.0	124094.0	124094.0	124094.0	124094.0	124094.0	124094.0	124094.0	124094.0	124094.0	124094.0	124094.0
338_TASK07_CON39_2.0_pos	pos	2.0	86980.0	86980.0	86980.0	86980.0	86980.0	86980.0	86980.0	86980.0	86980.0	86980.0	86980.0	86980.0	86980.0	86980.0	86980.0	86980.0	86980.0	86980.0	86980.0	86980.0	86980.0	86980.0	86980.0	86980.0	86980.0	86980.0	86980.0	86980.0	86980.0	86980.0	86980.0	86980.0	86980.0	86980.0	86980.0	86980.0	86980.0	86980.0	86980.0	86980.0	86980.0	86980.0	86980.0	86980.0	86980.0	86980.0	86980.0
338_TASK07_CON39_3.0_posneg	posneg	3.0	84930.0	84930.0	84930.0	84930.0	84930.0	84930.0	84930.0	84930.0	84930.0	84930.0	84930.0	84930.0	84930.0	84930.0	84930.0	84930.0	84930.0	84930.0	84930.0	84930.0	84930.0	84930.0	84930.0	84930.0	84930.0	84930.0	84930.0	84930.0	84930.0	84930.0	84930.0	84930.0	84930.0	84930.0	84930.0	84930.0	84930.0	84930.0	84930.0	84930.0	84930.0	84930.0	84930.0	84930.0	84930.0	84930.0	84930.0
338_TASK07_CON39_3.0_pos	pos	3.0	62668.0	62668.0	62668.0	62668.0	62668.0	62668.0	62668.0	62668.0	62668.0	62668.0	62668.0	62668.0	62668.0	62668.0	62668.0	62668.0	62668.0	62668.0	62668.0	62668.0	62668.0	62668.0	62668.0	62668.0	62668.0	62668.0	62668.0	62668.0	62668.0	62668.0	62668.0	62668.0	62668.0	62668.0	62668.0	62668.0	62668.0	62668.0	62668.0	62668.0	62668.0	62668.0	62668.0	62668.0	62668.0	62668.0	62668.0
338_TASK07_CON39_4.0_posneg	posneg	4.0	53792.0	53792.0	53792.0	53792.0	53792.0	53792.0	53792.0	53792.0	53792.0	53792.0	53792.0	53792.0	53792.0	53792.0	53792.0	53792.0	53792.0	53792.0	53792.0	53792.0	53792.0	53792.0	53792.0	53792.0	53792.0	53792.0	53792.0	53792.0	53792.0	53792.0	53792.0	53792.0	53792.0	53792.0	53792.0	53792.0	53792.0	53792.0	53792.0	53792.0	53792.0	53792.0	53792.0	53792.0	53792.0	53792.0	53792.0
338_TASK07_CON39_4.0_pos	pos	4.0	42015.0	42015.0	42015.0	42015.0	42015.0	42015.0	42015.0	42015.0	42015.0	42015.0	42015.0	42015.0	42015.0	42015.0	42015.0	42015.0	42015.0	42015.0	42015.0	42015.0	42015.0	42015.0	42015.0	42015.0	42015.0	42015.0	42015.0	42015.0	42015.0	42015.0	42015.0	42015.0	42015.0	42015.0	42015.0	42015.0	42015.0	42015.0	42015.0	42015.0	42015.0	42015.0	42015.0	42015.0	42015.0	42015.0	42015.0
338_TASK07_CON39_5.0_posneg	posneg	5.0	29720.0	29720.0	29720.0	29720.0	29720.0	29720.0	29720.0	29720.0	29720.0	29720.0	29720.0	29720.0	29720.0	29720.0	29720.0	29720.0	29720.0	29720.0	29720.0	29720.0	29720.0	29720.0	29720.0	29720.0	29720.0	29720.0	29720.0	29720.0	29720.0	29720.0	29720.0	29720.0	29720.0	29720.0	29720.0	29720.0	29720.0	29720.0	29720.0	29720.0	29720.0	29720.0	29720.0	29720.0	29720.0	29720.0	29720.0
338_TASK07_CON39_5.0_pos	pos	5.0	24989.0	24989.0	24989.0	24989.0	24989.0	24989.0	24989.0	24989.0	24989.0	24989.0	24989.0	24989.0	24989.0	24989.0	24989.0	24989.0	24989.0	24989.0	24989.0	24989.0	24989.0	24989.0	24989.0	24989.0	24989.0	24989.0	24989.0	24989.0	24989.0	24989.0	24989.0	24989.0	24989.0	24989.0	24989.0	24989.0	24989.0	24989.0	24989.0	24989.0	24989.0	24989.0	24989.0	24989.0	24989.0	24989.0	24989.0
338_TASK07_CON39_6.0_posneg	posneg	6.0	13642.0	13642.0	13642.0	13642.0	13642.0	13642.0	13642.0	13642.0	13642.0	13642.0	13642.0	13642.0	13642.0	13642.0	13642.0	13642.0	13642.0	13642.0	13642.0	13642.0	13642.0	13642.0	13642.0	13642.0	13642.0	13642.0	13642.0	13642.0	13642.0	13642.0	13642.0	13642.0	13642.0	13642.0	13642.0	13642.0	13642.0	13642.0	13642.0	13642.0	13642.0	13642.0	13642.0	13642.0	13642.0	13642.0	13642.0
338_TASK07_CON39_6.0_pos	pos	6.0	12447.0	12447.0	12447.0	12447.0	12447.0	12447.0	12447.0	12447.0	12447.0	12447.0	12447.0	12447.0	12447.0	12447.0	12447.0	12447.0	12447.0	12447.0	12447.0	12447.0	12447.0	12447.0	12447.0	12447.0	12447.0	12447.0	12447.0	12447.0	12447.0	12447.0	12447.0	12447.0	12447.0	12447.0	12447.0	12447.0	12447.0	12447.0	12447.0	12447.0	12447.0	12447.0	12447.0	12447.0	12447.0	12447.0	12447.0
338_TASK07_CON39_7.0_posneg	posneg	7.0	4283.0	4283.0	4283.0	4283.0	4283.0	4283.0	4283.0	4283.0	4283.0	4283.0	4283.0	4283.0	4283.0	4283.0	4283.0	4283.0	4283.0	4283.0	4283.0	4283.0	4283.0	4283.0	4283.0	4283.0	4283.0	4283.0	4283.0	4283.0	4283.0	4283.0	4283.0	4283.0	4283.0	4283.0	4283.0	4283.0	4283.0	4283.0	4283.0	4283.0	4283.0	4283.0	4283.0	4283.0	4283.0	4283.0	4283.0
338_TASK07_CON39_7.0_pos	pos	7.0	4160.0	4160.0	4160.0	4160.0	4160.0	4160.0	4160.0	4160.0	4160.0	4160.0	4160.0	4160.0	4160.0	4160.0	4160.0	4160.0	4160.0	4160.0	4160.0	4160.0	4160.0	4160.0	4160.0	4160.0	4160.0	4160.0	4160.0	4160.0	4160.0	4160.0	4160.0	4160.0	4160.0	4160.0	4160.0	4160.0	4160.0	4160.0	4160.0	4160.0	4160.0	4160.0	4160.0	4160.0	4160.0	4160.0	4160.0
338_TASK07_CON39_8.0_posneg	posneg	8.0	581.0	581.0	581.0	581.0	581.0	581.0	581.0	581.0	581.0	581.0	581.0	581.0	581.0	581.0	581.0	581.0	581.0	581.0	581.0	581.0	581.0	581.0	581.0	581.0	581.0	581.0	581.0	581.0	581.0	581.0	581.0	581.0	581.0	581.0	581.0	581.0	581.0	581.0	581.0	581.0	581.0	581.0	581.0	581.0	581.0	581.0	581.0
338_TASK07_CON39_8.0_pos	pos	8.0	577.0	577.0	577.0	577.0	577.0	577.0	577.0	577.0	577.0	577.0	577.0	577.0	577.0	577.0	577.0	577.0	577.0	577.0	577.0	577.0	577.0	577.0	577.0	577.0	577.0	577.0	577.0	577.0	577.0	577.0	577.0	577.0	577.0	577.0	577.0	577.0	577.0	577.0	577.0	577.0	577.0	577.0	577.0	577.0	577.0	577.0	577.0
338_TASK07_CON39_9.0_posneg	posneg	9.0	25.0	25.0	25.0	25.0	25.0	25.0	25.0	25.0	25.0	25.0	25.0	25.0	25.0	25.0	25.0	25.0	25.0	25.0	25.0	25.0	25.0	25.0	25.0	25.0	25.0	25.0	25.0	25.0	25.0	25.0	25.0	25.0	25.0	25.0	25.0	25.0	25.0	25.0	25.0	25.0	25.0	25.0	25.0	25.0	25.0	25.0	25.0
338_TASK07_CON39_9.0_pos	pos	9.0	25.0	25.0	25.0	25.0	25.0	25.0	25.0	25.0	25.0	25.0	25.0	25.0	25.0	25.0	25.0	25.0	25.0	25.0	25.0	25.0	25.0	25.0	25.0	25.0	25.0	25.0	25.0	25.0	25.0	25.0	25.0	25.0	25.0	25.0	25.0	25.0	25.0	25.0	25.0	25.0	25.0	25.0	25.0	25.0	25.0	25.0	25.0
338_TASK07_CON39_10.0_posneg	posneg	10.0	0.0	0.0	0.0	0.0	0.0	0.0	0.0	0.0	0.0	0.0	0.0	0.0	0.0	0.0	0.0	0.0	0.0	0.0	0.0	0.0	0.0	0.0	0.0	0.0	0.0	0.0	0.0	0.0	0.0	0.0	0.0	0.0	0.0	0.0	0.0	0.0	0.0	0.0	0.0	0.0	0.0	0.0	0.0	0.0	0.0	0.0	0.0
338_TASK07_CON39_10.0_pos	pos	10.0	0.0	0.0	0.0	0.0	0.0	0.0	0.0	0.0	0.0	0.0	0.0	0.0	0.0	0.0	0.0	0.0	0.0	0.0	0.0	0.0	0.0	0.0	0.0	0.0	0.0	0.0	0.0	0.0	0.0	0.0	0.0	0.0	0.0	0.0	0.0	0.0	0.0	0.0	0.0	0.0	0.0	0.0	0.0	0.0	0.0	0.0	0.0
338_TASK07_CON39_11.0_posneg	posneg	11.0	0.0	0.0	0.0	0.0	0.0	0.0	0.0	0.0	0.0	0.0	0.0	0.0	0.0	0.0	0.0	0.0	0.0	0.0	0.0	0.0	0.0	0.0	0.0	0.0	0.0	0.0	0.0	0.0	0.0	0.0	0.0	0.0	0.0	0.0	0.0	0.0	0.0	0.0	0.0	0.0	0.0	0.0	0.0	0.0	0.0	0.0	0.0
338_TASK07_CON39_11.0_pos	pos	11.0	0.0	0.0	0.0	0.0	0.0	0.0	0.0	0.0	0.0	0.0	0.0	0.0	0.0	0.0	0.0	0.0	0.0	0.0	0.0	0.0	0.0	0.0	0.0	0.0	0.0	0.0	0.0	0.0	0.0	0.0	0.0	0.0	0.0	0.0	0.0	0.0	0.0	0.0	0.0	0.0	0.0	0.0	0.0	0.0	0.0	0.0	0.0
338_TASK07_CON39_12.0_posneg	posneg	12.0	0.0	0.0	0.0	0.0	0.0	0.0	0.0	0.0	0.0	0.0	0.0	0.0	0.0	0.0	0.0	0.0	0.0	0.0	0.0	0.0	0.0	0.0	0.0	0.0	0.0	0.0	0.0	0.0	0.0	0.0	0.0	0.0	0.0	0.0	0.0	0.0	0.0	0.0	0.0	0.0	0.0	0.0	0.0	0.0	0.0	0.0	0.0
338_TASK07_CON39_12.0_pos	pos	12.0	0.0	0.0	0.0	0.0	0.0	0.0	0.0	0.0	0.0	0.0	0.0	0.0	0.0	0.0	0.0	0.0	0.0	0.0	0.0	0.0	0.0	0.0	0.0	0.0	0.0	0.0	0.0	0.0	0.0	0.0	0.0	0.0	0.0	0.0	0.0	0.0	0.0	0.0	0.0	0.0	0.0	0.0	0.0	0.0	0.0	0.0	0.0
338_TASK07_CON39_13.0_posneg	posneg	13.0	0.0	0.0	0.0	0.0	0.0	0.0	0.0	0.0	0.0	0.0	0.0	0.0	0.0	0.0	0.0	0.0	0.0	0.0	0.0	0.0	0.0	0.0	0.0	0.0	0.0	0.0	0.0	0.0	0.0	0.0	0.0	0.0	0.0	0.0	0.0	0.0	0.0	0.0	0.0	0.0	0.0	0.0	0.0	0.0	0.0	0.0	0.0
338_TASK07_CON39_13.0_pos	pos	13.0	0.0	0.0	0.0	0.0	0.0	0.0	0.0	0.0	0.0	0.0	0.0	0.0	0.0	0.0	0.0	0.0	0.0	0.0	0.0	0.0	0.0	0.0	0.0	0.0	0.0	0.0	0.0	0.0	0.0	0.0	0.0	0.0	0.0	0.0	0.0	0.0	0.0	0.0	0.0	0.0	0.0	0.0	0.0	0.0	0.0	0.0	0.0
338_TASK07_CON40_0.0_posneg	posneg	0.0	228191.0	228191.0	228191.0	228191.0	228191.0	228191.0	228191.0	228191.0	228191.0	228191.0	228191.0	228191.0	228191.0	228191.0	228191.0	228191.0	228191.0	228191.0	228191.0	228191.0	228191.0	228191.0	228191.0	228191.0	228191.0	228191.0	228191.0	228191.0	228191.0	228191.0	228191.0	228191.0	228191.0	228191.0	228191.0	228191.0	228191.0	228191.0	228191.0	228191.0	228191.0	228191.0	228191.0	228191.0	228191.0	228191.0	228191.0
338_TASK07_CON40_0.0_pos	pos	0.0	136837.0	136837.0	136837.0	136837.0	136837.0	136837.0	136837.0	136837.0	136837.0	136837.0	136837.0	136837.0	136837.0	136837.0	136837.0	136837.0	136837.0	136837.0	136837.0	136837.0	136837.0	136837.0	136837.0	136837.0	136837.0	136837.0	136837.0	136837.0	136837.0	136837.0	136837.0	136837.0	136837.0	136837.0	136837.0	136837.0	136837.0	136837.0	136837.0	136837.0	136837.0	136837.0	136837.0	136837.0	136837.0	136837.0	136837.0
338_TASK07_CON40_1.0_posneg	posneg	1.0	159423.0	159423.0	159423.0	159423.0	159423.0	159423.0	159423.0	159423.0	159423.0	159423.0	159423.0	159423.0	159423.0	159423.0	159423.0	159423.0	159423.0	159423.0	159423.0	159423.0	159423.0	159423.0	159423.0	159423.0	159423.0	159423.0	159423.0	159423.0	159423.0	159423.0	159423.0	159423.0	159423.0	159423.0	159423.0	159423.0	159423.0	159423.0	159423.0	159423.0	159423.0	159423.0	159423.0	159423.0	159423.0	159423.0	159423.0
338_TASK07_CON40_1.0_pos	pos	1.0	100901.0	100901.0	100901.0	100901.0	100901.0	100901.0	100901.0	100901.0	100901.0	100901.0	100901.0	100901.0	100901.0	100901.0	100901.0	100901.0	100901.0	100901.0	100901.0	100901.0	100901.0	100901.0	100901.0	100901.0	100901.0	100901.0	100901.0	100901.0	100901.0	100901.0	100901.0	100901.0	100901.0	100901.0	100901.0	100901.0	100901.0	100901.0	100901.0	100901.0	100901.0	100901.0	100901.0	100901.0	100901.0	100901.0	100901.0
338_TASK07_CON40_2.0_posneg	posneg	2.0	103729.0	103729.0	103729.0	103729.0	103729.0	103729.0	103729.0	103729.0	103729.0	103729.0	103729.0	103729.0	103729.0	103729.0	103729.0	103729.0	103729.0	103729.0	103729.0	103729.0	103729.0	103729.0	103729.0	103729.0	103729.0	103729.0	103729.0	103729.0	103729.0	103729.0	103729.0	103729.0	103729.0	103729.0	103729.0	103729.0	103729.0	103729.0	103729.0	103729.0	103729.0	103729.0	103729.0	103729.0	103729.0	103729.0	103729.0
338_TASK07_CON40_2.0_pos	pos	2.0	69899.0	69899.0	69899.0	69899.0	69899.0	69899.0	69899.0	69899.0	69899.0	69899.0	69899.0	69899.0	69899.0	69899.0	69899.0	69899.0	69899.0	69899.0	69899.0	69899.0	69899.0	69899.0	69899.0	69899.0	69899.0	69899.0	69899.0	69899.0	69899.0	69899.0	69899.0	69899.0	69899.0	69899.0	69899.0	69899.0	69899.0	69899.0	69899.0	69899.0	69899.0	69899.0	69899.0	69899.0	69899.0	69899.0	69899.0
338_TASK07_CON40_3.0_posneg	posneg	3.0	64138.0	64138.0	64138.0	64138.0	64138.0	64138.0	64138.0	64138.0	64138.0	64138.0	64138.0	64138.0	64138.0	64138.0	64138.0	64138.0	64138.0	64138.0	64138.0	64138.0	64138.0	64138.0	64138.0	64138.0	64138.0	64138.0	64138.0	64138.0	64138.0	64138.0	64138.0	64138.0	64138.0	64138.0	64138.0	64138.0	64138.0	64138.0	64138.0	64138.0	64138.0	64138.0	64138.0	64138.0	64138.0	64138.0	64138.0
338_TASK07_CON40_3.0_pos	pos	3.0	46626.0	46626.0	46626.0	46626.0	46626.0	46626.0	46626.0	46626.0	46626.0	46626.0	46626.0	46626.0	46626.0	46626.0	46626.0	46626.0	46626.0	46626.0	46626.0	46626.0	46626.0	46626.0	46626.0	46626.0	46626.0	46626.0	46626.0	46626.0	46626.0	46626.0	46626.0	46626.0	46626.0	46626.0	46626.0	46626.0	46626.0	46626.0	46626.0	46626.0	46626.0	46626.0	46626.0	46626.0	46626.0	46626.0	46626.0
338_TASK07_CON40_4.0_posneg	posneg	4.0	37605.0	37605.0	37605.0	37605.0	37605.0	37605.0	37605.0	37605.0	37605.0	37605.0	37605.0	37605.0	37605.0	37605.0	37605.0	37605.0	37605.0	37605.0	37605.0	37605.0	37605.0	37605.0	37605.0	37605.0	37605.0	37605.0	37605.0	37605.0	37605.0	37605.0	37605.0	37605.0	37605.0	37605.0	37605.0	37605.0	37605.0	37605.0	37605.0	37605.0	37605.0	37605.0	37605.0	37605.0	37605.0	37605.0	37605.0
338_TASK07_CON40_4.0_pos	pos	4.0	30196.0	30196.0	30196.0	30196.0	30196.0	30196.0	30196.0	30196.0	30196.0	30196.0	30196.0	30196.0	30196.0	30196.0	30196.0	30196.0	30196.0	30196.0	30196.0	30196.0	30196.0	30196.0	30196.0	30196.0	30196.0	30196.0	30196.0	30196.0	30196.0	30196.0	30196.0	30196.0	30196.0	30196.0	30196.0	30196.0	30196.0	30196.0	30196.0	30196.0	30196.0	30196.0	30196.0	30196.0	30196.0	30196.0	30196.0
338_TASK07_CON40_5.0_posneg	posneg	5.0	20508.0	20508.0	20508.0	20508.0	20508.0	20508.0	20508.0	20508.0	20508.0	20508.0	20508.0	20508.0	20508.0	20508.0	20508.0	20508.0	20508.0	20508.0	20508.0	20508.0	20508.0	20508.0	20508.0	20508.0	20508.0	20508.0	20508.0	20508.0	20508.0	20508.0	20508.0	20508.0	20508.0	20508.0	20508.0	20508.0	20508.0	20508.0	20508.0	20508.0	20508.0	20508.0	20508.0	20508.0	20508.0	20508.0	20508.0
338_TASK07_CON40_5.0_pos	pos	5.0	18246.0	18246.0	18246.0	18246.0	18246.0	18246.0	18246.0	18246.0	18246.0	18246.0	18246.0	18246.0	18246.0	18246.0	18246.0	18246.0	18246.0	18246.0	18246.0	18246.0	18246.0	18246.0	18246.0	18246.0	18246.0	18246.0	18246.0	18246.0	18246.0	18246.0	18246.0	18246.0	18246.0	18246.0	18246.0	18246.0	18246.0	18246.0	18246.0	18246.0	18246.0	18246.0	18246.0	18246.0	18246.0	18246.0	18246.0
338_TASK07_CON40_6.0_posneg	posneg	6.0	9803.0	9803.0	9803.0	9803.0	9803.0	9803.0	9803.0	9803.0	9803.0	9803.0	9803.0	9803.0	9803.0	9803.0	9803.0	9803.0	9803.0	9803.0	9803.0	9803.0	9803.0	9803.0	9803.0	9803.0	9803.0	9803.0	9803.0	9803.0	9803.0	9803.0	9803.0	9803.0	9803.0	9803.0	9803.0	9803.0	9803.0	9803.0	9803.0	9803.0	9803.0	9803.0	9803.0	9803.0	9803.0	9803.0	9803.0
338_TASK07_CON40_6.0_pos	pos	6.0	9469.0	9469.0	9469.0	9469.0	9469.0	9469.0	9469.0	9469.0	9469.0	9469.0	9469.0	9469.0	9469.0	9469.0	9469.0	9469.0	9469.0	9469.0	9469.0	9469.0	9469.0	9469.0	9469.0	9469.0	9469.0	9469.0	9469.0	9469.0	9469.0	9469.0	9469.0	9469.0	9469.0	9469.0	9469.0	9469.0	9469.0	9469.0	9469.0	9469.0	9469.0	9469.0	9469.0	9469.0	9469.0	9469.0	9469.0
338_TASK07_CON40_7.0_posneg	posneg	7.0	3439.0	3439.0	3439.0	3439.0	3439.0	3439.0	3439.0	3439.0	3439.0	3439.0	3439.0	3439.0	3439.0	3439.0	3439.0	3439.0	3439.0	3439.0	3439.0	3439.0	3439.0	3439.0	3439.0	3439.0	3439.0	3439.0	3439.0	3439.0	3439.0	3439.0	3439.0	3439.0	3439.0	3439.0	3439.0	3439.0	3439.0	3439.0	3439.0	3439.0	3439.0	3439.0	3439.0	3439.0	3439.0	3439.0	3439.0
338_TASK07_CON40_7.0_pos	pos	7.0	3425.0	3425.0	3425.0	3425.0	3425.0	3425.0	3425.0	3425.0	3425.0	3425.0	3425.0	3425.0	3425.0	3425.0	3425.0	3425.0	3425.0	3425.0	3425.0	3425.0	3425.0	3425.0	3425.0	3425.0	3425.0	3425.0	3425.0	3425.0	3425.0	3425.0	3425.0	3425.0	3425.0	3425.0	3425.0	3425.0	3425.0	3425.0	3425.0	3425.0	3425.0	3425.0	3425.0	3425.0	3425.0	3425.0	3425.0
338_TASK07_CON40_8.0_posneg	posneg	8.0	542.0	542.0	542.0	542.0	542.0	542.0	542.0	542.0	542.0	542.0	542.0	542.0	542.0	542.0	542.0	542.0	542.0	542.0	542.0	542.0	542.0	542.0	542.0	542.0	542.0	542.0	542.0	542.0	542.0	542.0	542.0	542.0	542.0	542.0	542.0	542.0	542.0	542.0	542.0	542.0	542.0	542.0	542.0	542.0	542.0	542.0	542.0
338_TASK07_CON40_8.0_pos	pos	8.0	542.0	542.0	542.0	542.0	542.0	542.0	542.0	542.0	542.0	542.0	542.0	542.0	542.0	542.0	542.0	542.0	542.0	542.0	542.0	542.0	542.0	542.0	542.0	542.0	542.0	542.0	542.0	542.0	542.0	542.0	542.0	542.0	542.0	542.0	542.0	542.0	542.0	542.0	542.0	542.0	542.0	542.0	542.0	542.0	542.0	542.0	542.0
338_TASK07_CON40_9.0_posneg	posneg	9.0	27.0	27.0	27.0	27.0	27.0	27.0	27.0	27.0	27.0	27.0	27.0	27.0	27.0	27.0	27.0	27.0	27.0	27.0	27.0	27.0	27.0	27.0	27.0	27.0	27.0	27.0	27.0	27.0	27.0	27.0	27.0	27.0	27.0	27.0	27.0	27.0	27.0	27.0	27.0	27.0	27.0	27.0	27.0	27.0	27.0	27.0	27.0
338_TASK07_CON40_9.0_pos	pos	9.0	27.0	27.0	27.0	27.0	27.0	27.0	27.0	27.0	27.0	27.0	27.0	27.0	27.0	27.0	27.0	27.0	27.0	27.0	27.0	27.0	27.0	27.0	27.0	27.0	27.0	27.0	27.0	27.0	27.0	27.0	27.0	27.0	27.0	27.0	27.0	27.0	27.0	27.0	27.0	27.0	27.0	27.0	27.0	27.0	27.0	27.0	27.0
338_TASK07_CON40_10.0_posneg	posneg	10.0	0.0	0.0	0.0	0.0	0.0	0.0	0.0	0.0	0.0	0.0	0.0	0.0	0.0	0.0	0.0	0.0	0.0	0.0	0.0	0.0	0.0	0.0	0.0	0.0	0.0	0.0	0.0	0.0	0.0	0.0	0.0	0.0	0.0	0.0	0.0	0.0	0.0	0.0	0.0	0.0	0.0	0.0	0.0	0.0	0.0	0.0	0.0
338_TASK07_CON40_10.0_pos	pos	10.0	0.0	0.0	0.0	0.0	0.0	0.0	0.0	0.0	0.0	0.0	0.0	0.0	0.0	0.0	0.0	0.0	0.0	0.0	0.0	0.0	0.0	0.0	0.0	0.0	0.0	0.0	0.0	0.0	0.0	0.0	0.0	0.0	0.0	0.0	0.0	0.0	0.0	0.0	0.0	0.0	0.0	0.0	0.0	0.0	0.0	0.0	0.0
338_TASK07_CON40_11.0_posneg	posneg	11.0	0.0	0.0	0.0	0.0	0.0	0.0	0.0	0.0	0.0	0.0	0.0	0.0	0.0	0.0	0.0	0.0	0.0	0.0	0.0	0.0	0.0	0.0	0.0	0.0	0.0	0.0	0.0	0.0	0.0	0.0	0.0	0.0	0.0	0.0	0.0	0.0	0.0	0.0	0.0	0.0	0.0	0.0	0.0	0.0	0.0	0.0	0.0
338_TASK07_CON40_11.0_pos	pos	11.0	0.0	0.0	0.0	0.0	0.0	0.0	0.0	0.0	0.0	0.0	0.0	0.0	0.0	0.0	0.0	0.0	0.0	0.0	0.0	0.0	0.0	0.0	0.0	0.0	0.0	0.0	0.0	0.0	0.0	0.0	0.0	0.0	0.0	0.0	0.0	0.0	0.0	0.0	0.0	0.0	0.0	0.0	0.0	0.0	0.0	0.0	0.0
338_TASK07_CON40_12.0_posneg	posneg	12.0	0.0	0.0	0.0	0.0	0.0	0.0	0.0	0.0	0.0	0.0	0.0	0.0	0.0	0.0	0.0	0.0	0.0	0.0	0.0	0.0	0.0	0.0	0.0	0.0	0.0	0.0	0.0	0.0	0.0	0.0	0.0	0.0	0.0	0.0	0.0	0.0	0.0	0.0	0.0	0.0	0.0	0.0	0.0	0.0	0.0	0.0	0.0
338_TASK07_CON40_12.0_pos	pos	12.0	0.0	0.0	0.0	0.0	0.0	0.0	0.0	0.0	0.0	0.0	0.0	0.0	0.0	0.0	0.0	0.0	0.0	0.0	0.0	0.0	0.0	0.0	0.0	0.0	0.0	0.0	0.0	0.0	0.0	0.0	0.0	0.0	0.0	0.0	0.0	0.0	0.0	0.0	0.0	0.0	0.0	0.0	0.0	0.0	0.0	0.0	0.0
338_TASK07_CON40_13.0_posneg	posneg	13.0	0.0	0.0	0.0	0.0	0.0	0.0	0.0	0.0	0.0	0.0	0.0	0.0	0.0	0.0	0.0	0.0	0.0	0.0	0.0	0.0	0.0	0.0	0.0	0.0	0.0	0.0	0.0	0.0	0.0	0.0	0.0	0.0	0.0	0.0	0.0	0.0	0.0	0.0	0.0	0.0	0.0	0.0	0.0	0.0	0.0	0.0	0.0
338_TASK07_CON40_13.0_pos	pos	13.0	0.0	0.0	0.0	0.0	0.0	0.0	0.0	0.0	0.0	0.0	0.0	0.0	0.0	0.0	0.0	0.0	0.0	0.0	0.0	0.0	0.0	0.0	0.0	0.0	0.0	0.0	0.0	0.0	0.0	0.0	0.0	0.0	0.0	0.0	0.0	0.0	0.0	0.0	0.0	0.0	0.0	0.0	0.0	0.0	0.0	0.0	0.0
338_TASK07_CON41_0.0_posneg	posneg	0.0	228191.0	228191.0	228191.0	228191.0	228191.0	228191.0	228191.0	228191.0	228191.0	228191.0	228191.0	228191.0	228191.0	228191.0	228191.0	228191.0	228191.0	228191.0	228191.0	228191.0	228191.0	228191.0	228191.0	228191.0	228191.0	228191.0	228191.0	228191.0	228191.0	228191.0	228191.0	228191.0	228191.0	228191.0	228191.0	228191.0	228191.0	228191.0	228191.0	228191.0	228191.0	228191.0	228191.0	228191.0	228191.0	228191.0	228191.0
338_TASK07_CON41_0.0_pos	pos	0.0	132714.0	132714.0	132714.0	132714.0	132714.0	132714.0	132714.0	132714.0	132714.0	132714.0	132714.0	132714.0	132714.0	132714.0	132714.0	132714.0	132714.0	132714.0	132714.0	132714.0	132714.0	132714.0	132714.0	132714.0	132714.0	132714.0	132714.0	132714.0	132714.0	132714.0	132714.0	132714.0	132714.0	132714.0	132714.0	132714.0	132714.0	132714.0	132714.0	132714.0	132714.0	132714.0	132714.0	132714.0	132714.0	132714.0	132714.0
338_TASK07_CON41_1.0_posneg	posneg	1.0	145966.0	145966.0	145966.0	145966.0	145966.0	145966.0	145966.0	145966.0	145966.0	145966.0	145966.0	145966.0	145966.0	145966.0	145966.0	145966.0	145966.0	145966.0	145966.0	145966.0	145966.0	145966.0	145966.0	145966.0	145966.0	145966.0	145966.0	145966.0	145966.0	145966.0	145966.0	145966.0	145966.0	145966.0	145966.0	145966.0	145966.0	145966.0	145966.0	145966.0	145966.0	145966.0	145966.0	145966.0	145966.0	145966.0	145966.0
338_TASK07_CON41_1.0_pos	pos	1.0	89877.0	89877.0	89877.0	89877.0	89877.0	89877.0	89877.0	89877.0	89877.0	89877.0	89877.0	89877.0	89877.0	89877.0	89877.0	89877.0	89877.0	89877.0	89877.0	89877.0	89877.0	89877.0	89877.0	89877.0	89877.0	89877.0	89877.0	89877.0	89877.0	89877.0	89877.0	89877.0	89877.0	89877.0	89877.0	89877.0	89877.0	89877.0	89877.0	89877.0	89877.0	89877.0	89877.0	89877.0	89877.0	89877.0	89877.0
338_TASK07_CON41_2.0_posneg	posneg	2.0	80280.0	80280.0	80280.0	80280.0	80280.0	80280.0	80280.0	80280.0	80280.0	80280.0	80280.0	80280.0	80280.0	80280.0	80280.0	80280.0	80280.0	80280.0	80280.0	80280.0	80280.0	80280.0	80280.0	80280.0	80280.0	80280.0	80280.0	80280.0	80280.0	80280.0	80280.0	80280.0	80280.0	80280.0	80280.0	80280.0	80280.0	80280.0	80280.0	80280.0	80280.0	80280.0	80280.0	80280.0	80280.0	80280.0	80280.0
338_TASK07_CON41_2.0_pos	pos	2.0	52968.0	52968.0	52968.0	52968.0	52968.0	52968.0	52968.0	52968.0	52968.0	52968.0	52968.0	52968.0	52968.0	52968.0	52968.0	52968.0	52968.0	52968.0	52968.0	52968.0	52968.0	52968.0	52968.0	52968.0	52968.0	52968.0	52968.0	52968.0	52968.0	52968.0	52968.0	52968.0	52968.0	52968.0	52968.0	52968.0	52968.0	52968.0	52968.0	52968.0	52968.0	52968.0	52968.0	52968.0	52968.0	52968.0	52968.0
338_TASK07_CON41_3.0_posneg	posneg	3.0	39250.0	39250.0	39250.0	39250.0	39250.0	39250.0	39250.0	39250.0	39250.0	39250.0	39250.0	39250.0	39250.0	39250.0	39250.0	39250.0	39250.0	39250.0	39250.0	39250.0	39250.0	39250.0	39250.0	39250.0	39250.0	39250.0	39250.0	39250.0	39250.0	39250.0	39250.0	39250.0	39250.0	39250.0	39250.0	39250.0	39250.0	39250.0	39250.0	39250.0	39250.0	39250.0	39250.0	39250.0	39250.0	39250.0	39250.0
338_TASK07_CON41_3.0_pos	pos	3.0	29211.0	29211.0	29211.0	29211.0	29211.0	29211.0	29211.0	29211.0	29211.0	29211.0	29211.0	29211.0	29211.0	29211.0	29211.0	29211.0	29211.0	29211.0	29211.0	29211.0	29211.0	29211.0	29211.0	29211.0	29211.0	29211.0	29211.0	29211.0	29211.0	29211.0	29211.0	29211.0	29211.0	29211.0	29211.0	29211.0	29211.0	29211.0	29211.0	29211.0	29211.0	29211.0	29211.0	29211.0	29211.0	29211.0	29211.0
338_TASK07_CON41_4.0_posneg	posneg	4.0	16707.0	16707.0	16707.0	16707.0	16707.0	16707.0	16707.0	16707.0	16707.0	16707.0	16707.0	16707.0	16707.0	16707.0	16707.0	16707.0	16707.0	16707.0	16707.0	16707.0	16707.0	16707.0	16707.0	16707.0	16707.0	16707.0	16707.0	16707.0	16707.0	16707.0	16707.0	16707.0	16707.0	16707.0	16707.0	16707.0	16707.0	16707.0	16707.0	16707.0	16707.0	16707.0	16707.0	16707.0	16707.0	16707.0	16707.0
338_TASK07_CON41_4.0_pos	pos	4.0	14404.0	14404.0	14404.0	14404.0	14404.0	14404.0	14404.0	14404.0	14404.0	14404.0	14404.0	14404.0	14404.0	14404.0	14404.0	14404.0	14404.0	14404.0	14404.0	14404.0	14404.0	14404.0	14404.0	14404.0	14404.0	14404.0	14404.0	14404.0	14404.0	14404.0	14404.0	14404.0	14404.0	14404.0	14404.0	14404.0	14404.0	14404.0	14404.0	14404.0	14404.0	14404.0	14404.0	14404.0	14404.0	14404.0	14404.0
338_TASK07_CON41_5.0_posneg	posneg	5.0	5209.0	5209.0	5209.0	5209.0	5209.0	5209.0	5209.0	5209.0	5209.0	5209.0	5209.0	5209.0	5209.0	5209.0	5209.0	5209.0	5209.0	5209.0	5209.0	5209.0	5209.0	5209.0	5209.0	5209.0	5209.0	5209.0	5209.0	5209.0	5209.0	5209.0	5209.0	5209.0	5209.0	5209.0	5209.0	5209.0	5209.0	5209.0	5209.0	5209.0	5209.0	5209.0	5209.0	5209.0	5209.0	5209.0	5209.0
338_TASK07_CON41_5.0_pos	pos	5.0	4966.0	4966.0	4966.0	4966.0	4966.0	4966.0	4966.0	4966.0	4966.0	4966.0	4966.0	4966.0	4966.0	4966.0	4966.0	4966.0	4966.0	4966.0	4966.0	4966.0	4966.0	4966.0	4966.0	4966.0	4966.0	4966.0	4966.0	4966.0	4966.0	4966.0	4966.0	4966.0	4966.0	4966.0	4966.0	4966.0	4966.0	4966.0	4966.0	4966.0	4966.0	4966.0	4966.0	4966.0	4966.0	4966.0	4966.0
338_TASK07_CON41_6.0_posneg	posneg	6.0	754.0	754.0	754.0	754.0	754.0	754.0	754.0	754.0	754.0	754.0	754.0	754.0	754.0	754.0	754.0	754.0	754.0	754.0	754.0	754.0	754.0	754.0	754.0	754.0	754.0	754.0	754.0	754.0	754.0	754.0	754.0	754.0	754.0	754.0	754.0	754.0	754.0	754.0	754.0	754.0	754.0	754.0	754.0	754.0	754.0	754.0	754.0
338_TASK07_CON41_6.0_pos	pos	6.0	744.0	744.0	744.0	744.0	744.0	744.0	744.0	744.0	744.0	744.0	744.0	744.0	744.0	744.0	744.0	744.0	744.0	744.0	744.0	744.0	744.0	744.0	744.0	744.0	744.0	744.0	744.0	744.0	744.0	744.0	744.0	744.0	744.0	744.0	744.0	744.0	744.0	744.0	744.0	744.0	744.0	744.0	744.0	744.0	744.0	744.0	744.0
338_TASK07_CON41_7.0_posneg	posneg	7.0	43.0	43.0	43.0	43.0	43.0	43.0	43.0	43.0	43.0	43.0	43.0	43.0	43.0	43.0	43.0	43.0	43.0	43.0	43.0	43.0	43.0	43.0	43.0	43.0	43.0	43.0	43.0	43.0	43.0	43.0	43.0	43.0	43.0	43.0	43.0	43.0	43.0	43.0	43.0	43.0	43.0	43.0	43.0	43.0	43.0	43.0	43.0
338_TASK07_CON41_7.0_pos	pos	7.0	43.0	43.0	43.0	43.0	43.0	43.0	43.0	43.0	43.0	43.0	43.0	43.0	43.0	43.0	43.0	43.0	43.0	43.0	43.0	43.0	43.0	43.0	43.0	43.0	43.0	43.0	43.0	43.0	43.0	43.0	43.0	43.0	43.0	43.0	43.0	43.0	43.0	43.0	43.0	43.0	43.0	43.0	43.0	43.0	43.0	43.0	43.0
338_TASK07_CON41_8.0_posneg	posneg	8.0	0.0	0.0	0.0	0.0	0.0	0.0	0.0	0.0	0.0	0.0	0.0	0.0	0.0	0.0	0.0	0.0	0.0	0.0	0.0	0.0	0.0	0.0	0.0	0.0	0.0	0.0	0.0	0.0	0.0	0.0	0.0	0.0	0.0	0.0	0.0	0.0	0.0	0.0	0.0	0.0	0.0	0.0	0.0	0.0	0.0	0.0	0.0
338_TASK07_CON41_8.0_pos	pos	8.0	0.0	0.0	0.0	0.0	0.0	0.0	0.0	0.0	0.0	0.0	0.0	0.0	0.0	0.0	0.0	0.0	0.0	0.0	0.0	0.0	0.0	0.0	0.0	0.0	0.0	0.0	0.0	0.0	0.0	0.0	0.0	0.0	0.0	0.0	0.0	0.0	0.0	0.0	0.0	0.0	0.0	0.0	0.0	0.0	0.0	0.0	0.0
338_TASK07_CON41_9.0_posneg	posneg	9.0	0.0	0.0	0.0	0.0	0.0	0.0	0.0	0.0	0.0	0.0	0.0	0.0	0.0	0.0	0.0	0.0	0.0	0.0	0.0	0.0	0.0	0.0	0.0	0.0	0.0	0.0	0.0	0.0	0.0	0.0	0.0	0.0	0.0	0.0	0.0	0.0	0.0	0.0	0.0	0.0	0.0	0.0	0.0	0.0	0.0	0.0	0.0
338_TASK07_CON41_9.0_pos	pos	9.0	0.0	0.0	0.0	0.0	0.0	0.0	0.0	0.0	0.0	0.0	0.0	0.0	0.0	0.0	0.0	0.0	0.0	0.0	0.0	0.0	0.0	0.0	0.0	0.0	0.0	0.0	0.0	0.0	0.0	0.0	0.0	0.0	0.0	0.0	0.0	0.0	0.0	0.0	0.0	0.0	0.0	0.0	0.0	0.0	0.0	0.0	0.0
338_TASK07_CON41_10.0_posneg	posneg	10.0	0.0	0.0	0.0	0.0	0.0	0.0	0.0	0.0	0.0	0.0	0.0	0.0	0.0	0.0	0.0	0.0	0.0	0.0	0.0	0.0	0.0	0.0	0.0	0.0	0.0	0.0	0.0	0.0	0.0	0.0	0.0	0.0	0.0	0.0	0.0	0.0	0.0	0.0	0.0	0.0	0.0	0.0	0.0	0.0	0.0	0.0	0.0
338_TASK07_CON41_10.0_pos	pos	10.0	0.0	0.0	0.0	0.0	0.0	0.0	0.0	0.0	0.0	0.0	0.0	0.0	0.0	0.0	0.0	0.0	0.0	0.0	0.0	0.0	0.0	0.0	0.0	0.0	0.0	0.0	0.0	0.0	0.0	0.0	0.0	0.0	0.0	0.0	0.0	0.0	0.0	0.0	0.0	0.0	0.0	0.0	0.0	0.0	0.0	0.0	0.0
338_TASK07_CON41_11.0_posneg	posneg	11.0	0.0	0.0	0.0	0.0	0.0	0.0	0.0	0.0	0.0	0.0	0.0	0.0	0.0	0.0	0.0	0.0	0.0	0.0	0.0	0.0	0.0	0.0	0.0	0.0	0.0	0.0	0.0	0.0	0.0	0.0	0.0	0.0	0.0	0.0	0.0	0.0	0.0	0.0	0.0	0.0	0.0	0.0	0.0	0.0	0.0	0.0	0.0
338_TASK07_CON41_11.0_pos	pos	11.0	0.0	0.0	0.0	0.0	0.0	0.0	0.0	0.0	0.0	0.0	0.0	0.0	0.0	0.0	0.0	0.0	0.0	0.0	0.0	0.0	0.0	0.0	0.0	0.0	0.0	0.0	0.0	0.0	0.0	0.0	0.0	0.0	0.0	0.0	0.0	0.0	0.0	0.0	0.0	0.0	0.0	0.0	0.0	0.0	0.0	0.0	0.0
338_TASK07_CON41_12.0_posneg	posneg	12.0	0.0	0.0	0.0	0.0	0.0	0.0	0.0	0.0	0.0	0.0	0.0	0.0	0.0	0.0	0.0	0.0	0.0	0.0	0.0	0.0	0.0	0.0	0.0	0.0	0.0	0.0	0.0	0.0	0.0	0.0	0.0	0.0	0.0	0.0	0.0	0.0	0.0	0.0	0.0	0.0	0.0	0.0	0.0	0.0	0.0	0.0	0.0
338_TASK07_CON41_12.0_pos	pos	12.0	0.0	0.0	0.0	0.0	0.0	0.0	0.0	0.0	0.0	0.0	0.0	0.0	0.0	0.0	0.0	0.0	0.0	0.0	0.0	0.0	0.0	0.0	0.0	0.0	0.0	0.0	0.0	0.0	0.0	0.0	0.0	0.0	0.0	0.0	0.0	0.0	0.0	0.0	0.0	0.0	0.0	0.0	0.0	0.0	0.0	0.0	0.0
338_TASK07_CON41_13.0_posneg	posneg	13.0	0.0	0.0	0.0	0.0	0.0	0.0	0.0	0.0	0.0	0.0	0.0	0.0	0.0	0.0	0.0	0.0	0.0	0.0	0.0	0.0	0.0	0.0	0.0	0.0	0.0	0.0	0.0	0.0	0.0	0.0	0.0	0.0	0.0	0.0	0.0	0.0	0.0	0.0	0.0	0.0	0.0	0.0	0.0	0.0	0.0	0.0	0.0
338_TASK07_CON41_13.0_pos	pos	13.0	0.0	0.0	0.0	0.0	0.0	0.0	0.0	0.0	0.0	0.0	0.0	0.0	0.0	0.0	0.0	0.0	0.0	0.0	0.0	0.0	0.0	0.0	0.0	0.0	0.0	0.0	0.0	0.0	0.0	0.0	0.0	0.0	0.0	0.0	0.0	0.0	0.0	0.0	0.0	0.0	0.0	0.0	0.0	0.0	0.0	0.0	0.0
338_TASK07_CON45_0.0_posneg	posneg	0.0	228191.0	228191.0	228191.0	228191.0	228191.0	228191.0	228191.0	228191.0	228191.0	228191.0	228191.0	228191.0	228191.0	228191.0	228191.0	228191.0	228191.0	228191.0	228191.0	228191.0	228191.0	228191.0	228191.0	228191.0	228191.0	228191.0	228191.0	228191.0	228191.0	228191.0	228191.0	228191.0	228191.0	228191.0	228191.0	228191.0	228191.0	228191.0	228191.0	228191.0	228191.0	228191.0	228191.0	228191.0	228191.0	228191.0	228191.0
338_TASK07_CON45_0.0_pos	pos	0.0	150174.0	150174.0	150174.0	150174.0	150174.0	150174.0	150174.0	150174.0	150174.0	150174.0	150174.0	150174.0	150174.0	150174.0	150174.0	150174.0	150174.0	150174.0	150174.0	150174.0	150174.0	150174.0	150174.0	150174.0	150174.0	150174.0	150174.0	150174.0	150174.0	150174.0	150174.0	150174.0	150174.0	150174.0	150174.0	150174.0	150174.0	150174.0	150174.0	150174.0	150174.0	150174.0	150174.0	150174.0	150174.0	150174.0	150174.0
338_TASK07_CON45_1.0_posneg	posneg	1.0	162843.0	162843.0	162843.0	162843.0	162843.0	162843.0	162843.0	162843.0	162843.0	162843.0	162843.0	162843.0	162843.0	162843.0	162843.0	162843.0	162843.0	162843.0	162843.0	162843.0	162843.0	162843.0	162843.0	162843.0	162843.0	162843.0	162843.0	162843.0	162843.0	162843.0	162843.0	162843.0	162843.0	162843.0	162843.0	162843.0	162843.0	162843.0	162843.0	162843.0	162843.0	162843.0	162843.0	162843.0	162843.0	162843.0	162843.0
338_TASK07_CON45_1.0_pos	pos	1.0	114811.0	114811.0	114811.0	114811.0	114811.0	114811.0	114811.0	114811.0	114811.0	114811.0	114811.0	114811.0	114811.0	114811.0	114811.0	114811.0	114811.0	114811.0	114811.0	114811.0	114811.0	114811.0	114811.0	114811.0	114811.0	114811.0	114811.0	114811.0	114811.0	114811.0	114811.0	114811.0	114811.0	114811.0	114811.0	114811.0	114811.0	114811.0	114811.0	114811.0	114811.0	114811.0	114811.0	114811.0	114811.0	114811.0	114811.0
338_TASK07_CON45_2.0_posneg	posneg	2.0	107779.0	107779.0	107779.0	107779.0	107779.0	107779.0	107779.0	107779.0	107779.0	107779.0	107779.0	107779.0	107779.0	107779.0	107779.0	107779.0	107779.0	107779.0	107779.0	107779.0	107779.0	107779.0	107779.0	107779.0	107779.0	107779.0	107779.0	107779.0	107779.0	107779.0	107779.0	107779.0	107779.0	107779.0	107779.0	107779.0	107779.0	107779.0	107779.0	107779.0	107779.0	107779.0	107779.0	107779.0	107779.0	107779.0	107779.0
338_TASK07_CON45_2.0_pos	pos	2.0	81329.0	81329.0	81329.0	81329.0	81329.0	81329.0	81329.0	81329.0	81329.0	81329.0	81329.0	81329.0	81329.0	81329.0	81329.0	81329.0	81329.0	81329.0	81329.0	81329.0	81329.0	81329.0	81329.0	81329.0	81329.0	81329.0	81329.0	81329.0	81329.0	81329.0	81329.0	81329.0	81329.0	81329.0	81329.0	81329.0	81329.0	81329.0	81329.0	81329.0	81329.0	81329.0	81329.0	81329.0	81329.0	81329.0	81329.0
338_TASK07_CON45_3.0_posneg	posneg	3.0	68293.0	68293.0	68293.0	68293.0	68293.0	68293.0	68293.0	68293.0	68293.0	68293.0	68293.0	68293.0	68293.0	68293.0	68293.0	68293.0	68293.0	68293.0	68293.0	68293.0	68293.0	68293.0	68293.0	68293.0	68293.0	68293.0	68293.0	68293.0	68293.0	68293.0	68293.0	68293.0	68293.0	68293.0	68293.0	68293.0	68293.0	68293.0	68293.0	68293.0	68293.0	68293.0	68293.0	68293.0	68293.0	68293.0	68293.0
338_TASK07_CON45_3.0_pos	pos	3.0	55550.0	55550.0	55550.0	55550.0	55550.0	55550.0	55550.0	55550.0	55550.0	55550.0	55550.0	55550.0	55550.0	55550.0	55550.0	55550.0	55550.0	55550.0	55550.0	55550.0	55550.0	55550.0	55550.0	55550.0	55550.0	55550.0	55550.0	55550.0	55550.0	55550.0	55550.0	55550.0	55550.0	55550.0	55550.0	55550.0	55550.0	55550.0	55550.0	55550.0	55550.0	55550.0	55550.0	55550.0	55550.0	55550.0	55550.0
338_TASK07_CON45_4.0_posneg	posneg	4.0	40701.0	40701.0	40701.0	40701.0	40701.0	40701.0	40701.0	40701.0	40701.0	40701.0	40701.0	40701.0	40701.0	40701.0	40701.0	40701.0	40701.0	40701.0	40701.0	40701.0	40701.0	40701.0	40701.0	40701.0	40701.0	40701.0	40701.0	40701.0	40701.0	40701.0	40701.0	40701.0	40701.0	40701.0	40701.0	40701.0	40701.0	40701.0	40701.0	40701.0	40701.0	40701.0	40701.0	40701.0	40701.0	40701.0	40701.0
338_TASK07_CON45_4.0_pos	pos	4.0	35984.0	35984.0	35984.0	35984.0	35984.0	35984.0	35984.0	35984.0	35984.0	35984.0	35984.0	35984.0	35984.0	35984.0	35984.0	35984.0	35984.0	35984.0	35984.0	35984.0	35984.0	35984.0	35984.0	35984.0	35984.0	35984.0	35984.0	35984.0	35984.0	35984.0	35984.0	35984.0	35984.0	35984.0	35984.0	35984.0	35984.0	35984.0	35984.0	35984.0	35984.0	35984.0	35984.0	35984.0	35984.0	35984.0	35984.0
338_TASK07_CON45_5.0_posneg	posneg	5.0	22093.0	22093.0	22093.0	22093.0	22093.0	22093.0	22093.0	22093.0	22093.0	22093.0	22093.0	22093.0	22093.0	22093.0	22093.0	22093.0	22093.0	22093.0	22093.0	22093.0	22093.0	22093.0	22093.0	22093.0	22093.0	22093.0	22093.0	22093.0	22093.0	22093.0	22093.0	22093.0	22093.0	22093.0	22093.0	22093.0	22093.0	22093.0	22093.0	22093.0	22093.0	22093.0	22093.0	22093.0	22093.0	22093.0	22093.0
338_TASK07_CON45_5.0_pos	pos	5.0	20829.0	20829.0	20829.0	20829.0	20829.0	20829.0	20829.0	20829.0	20829.0	20829.0	20829.0	20829.0	20829.0	20829.0	20829.0	20829.0	20829.0	20829.0	20829.0	20829.0	20829.0	20829.0	20829.0	20829.0	20829.0	20829.0	20829.0	20829.0	20829.0	20829.0	20829.0	20829.0	20829.0	20829.0	20829.0	20829.0	20829.0	20829.0	20829.0	20829.0	20829.0	20829.0	20829.0	20829.0	20829.0	20829.0	20829.0
338_TASK07_CON45_6.0_posneg	posneg	6.0	9860.0	9860.0	9860.0	9860.0	9860.0	9860.0	9860.0	9860.0	9860.0	9860.0	9860.0	9860.0	9860.0	9860.0	9860.0	9860.0	9860.0	9860.0	9860.0	9860.0	9860.0	9860.0	9860.0	9860.0	9860.0	9860.0	9860.0	9860.0	9860.0	9860.0	9860.0	9860.0	9860.0	9860.0	9860.0	9860.0	9860.0	9860.0	9860.0	9860.0	9860.0	9860.0	9860.0	9860.0	9860.0	9860.0	9860.0
338_TASK07_CON45_6.0_pos	pos	6.0	9716.0	9716.0	9716.0	9716.0	9716.0	9716.0	9716.0	9716.0	9716.0	9716.0	9716.0	9716.0	9716.0	9716.0	9716.0	9716.0	9716.0	9716.0	9716.0	9716.0	9716.0	9716.0	9716.0	9716.0	9716.0	9716.0	9716.0	9716.0	9716.0	9716.0	9716.0	9716.0	9716.0	9716.0	9716.0	9716.0	9716.0	9716.0	9716.0	9716.0	9716.0	9716.0	9716.0	9716.0	9716.0	9716.0	9716.0
338_TASK07_CON45_7.0_posneg	posneg	7.0	2979.0	2979.0	2979.0	2979.0	2979.0	2979.0	2979.0	2979.0	2979.0	2979.0	2979.0	2979.0	2979.0	2979.0	2979.0	2979.0	2979.0	2979.0	2979.0	2979.0	2979.0	2979.0	2979.0	2979.0	2979.0	2979.0	2979.0	2979.0	2979.0	2979.0	2979.0	2979.0	2979.0	2979.0	2979.0	2979.0	2979.0	2979.0	2979.0	2979.0	2979.0	2979.0	2979.0	2979.0	2979.0	2979.0	2979.0
338_TASK07_CON45_7.0_pos	pos	7.0	2975.0	2975.0	2975.0	2975.0	2975.0	2975.0	2975.0	2975.0	2975.0	2975.0	2975.0	2975.0	2975.0	2975.0	2975.0	2975.0	2975.0	2975.0	2975.0	2975.0	2975.0	2975.0	2975.0	2975.0	2975.0	2975.0	2975.0	2975.0	2975.0	2975.0	2975.0	2975.0	2975.0	2975.0	2975.0	2975.0	2975.0	2975.0	2975.0	2975.0	2975.0	2975.0	2975.0	2975.0	2975.0	2975.0	2975.0
338_TASK07_CON45_8.0_posneg	posneg	8.0	319.0	319.0	319.0	319.0	319.0	319.0	319.0	319.0	319.0	319.0	319.0	319.0	319.0	319.0	319.0	319.0	319.0	319.0	319.0	319.0	319.0	319.0	319.0	319.0	319.0	319.0	319.0	319.0	319.0	319.0	319.0	319.0	319.0	319.0	319.0	319.0	319.0	319.0	319.0	319.0	319.0	319.0	319.0	319.0	319.0	319.0	319.0
338_TASK07_CON45_8.0_pos	pos	8.0	319.0	319.0	319.0	319.0	319.0	319.0	319.0	319.0	319.0	319.0	319.0	319.0	319.0	319.0	319.0	319.0	319.0	319.0	319.0	319.0	319.0	319.0	319.0	319.0	319.0	319.0	319.0	319.0	319.0	319.0	319.0	319.0	319.0	319.0	319.0	319.0	319.0	319.0	319.0	319.0	319.0	319.0	319.0	319.0	319.0	319.0	319.0
338_TASK07_CON45_9.0_posneg	posneg	9.0	4.0	4.0	4.0	4.0	4.0	4.0	4.0	4.0	4.0	4.0	4.0	4.0	4.0	4.0	4.0	4.0	4.0	4.0	4.0	4.0	4.0	4.0	4.0	4.0	4.0	4.0	4.0	4.0	4.0	4.0	4.0	4.0	4.0	4.0	4.0	4.0	4.0	4.0	4.0	4.0	4.0	4.0	4.0	4.0	4.0	4.0	4.0
338_TASK07_CON45_9.0_pos	pos	9.0	4.0	4.0	4.0	4.0	4.0	4.0	4.0	4.0	4.0	4.0	4.0	4.0	4.0	4.0	4.0	4.0	4.0	4.0	4.0	4.0	4.0	4.0	4.0	4.0	4.0	4.0	4.0	4.0	4.0	4.0	4.0	4.0	4.0	4.0	4.0	4.0	4.0	4.0	4.0	4.0	4.0	4.0	4.0	4.0	4.0	4.0	4.0
338_TASK07_CON45_10.0_posneg	posneg	10.0	0.0	0.0	0.0	0.0	0.0	0.0	0.0	0.0	0.0	0.0	0.0	0.0	0.0	0.0	0.0	0.0	0.0	0.0	0.0	0.0	0.0	0.0	0.0	0.0	0.0	0.0	0.0	0.0	0.0	0.0	0.0	0.0	0.0	0.0	0.0	0.0	0.0	0.0	0.0	0.0	0.0	0.0	0.0	0.0	0.0	0.0	0.0
338_TASK07_CON45_10.0_pos	pos	10.0	0.0	0.0	0.0	0.0	0.0	0.0	0.0	0.0	0.0	0.0	0.0	0.0	0.0	0.0	0.0	0.0	0.0	0.0	0.0	0.0	0.0	0.0	0.0	0.0	0.0	0.0	0.0	0.0	0.0	0.0	0.0	0.0	0.0	0.0	0.0	0.0	0.0	0.0	0.0	0.0	0.0	0.0	0.0	0.0	0.0	0.0	0.0
338_TASK07_CON45_11.0_posneg	posneg	11.0	0.0	0.0	0.0	0.0	0.0	0.0	0.0	0.0	0.0	0.0	0.0	0.0	0.0	0.0	0.0	0.0	0.0	0.0	0.0	0.0	0.0	0.0	0.0	0.0	0.0	0.0	0.0	0.0	0.0	0.0	0.0	0.0	0.0	0.0	0.0	0.0	0.0	0.0	0.0	0.0	0.0	0.0	0.0	0.0	0.0	0.0	0.0
338_TASK07_CON45_11.0_pos	pos	11.0	0.0	0.0	0.0	0.0	0.0	0.0	0.0	0.0	0.0	0.0	0.0	0.0	0.0	0.0	0.0	0.0	0.0	0.0	0.0	0.0	0.0	0.0	0.0	0.0	0.0	0.0	0.0	0.0	0.0	0.0	0.0	0.0	0.0	0.0	0.0	0.0	0.0	0.0	0.0	0.0	0.0	0.0	0.0	0.0	0.0	0.0	0.0
338_TASK07_CON45_12.0_posneg	posneg	12.0	0.0	0.0	0.0	0.0	0.0	0.0	0.0	0.0	0.0	0.0	0.0	0.0	0.0	0.0	0.0	0.0	0.0	0.0	0.0	0.0	0.0	0.0	0.0	0.0	0.0	0.0	0.0	0.0	0.0	0.0	0.0	0.0	0.0	0.0	0.0	0.0	0.0	0.0	0.0	0.0	0.0	0.0	0.0	0.0	0.0	0.0	0.0
338_TASK07_CON45_12.0_pos	pos	12.0	0.0	0.0	0.0	0.0	0.0	0.0	0.0	0.0	0.0	0.0	0.0	0.0	0.0	0.0	0.0	0.0	0.0	0.0	0.0	0.0	0.0	0.0	0.0	0.0	0.0	0.0	0.0	0.0	0.0	0.0	0.0	0.0	0.0	0.0	0.0	0.0	0.0	0.0	0.0	0.0	0.0	0.0	0.0	0.0	0.0	0.0	0.0
338_TASK07_CON45_13.0_posneg	posneg	13.0	0.0	0.0	0.0	0.0	0.0	0.0	0.0	0.0	0.0	0.0	0.0	0.0	0.0	0.0	0.0	0.0	0.0	0.0	0.0	0.0	0.0	0.0	0.0	0.0	0.0	0.0	0.0	0.0	0.0	0.0	0.0	0.0	0.0	0.0	0.0	0.0	0.0	0.0	0.0	0.0	0.0	0.0	0.0	0.0	0.0	0.0	0.0
338_TASK07_CON45_13.0_pos	pos	13.0	0.0	0.0	0.0	0.0	0.0	0.0	0.0	0.0	0.0	0.0	0.0	0.0	0.0	0.0	0.0	0.0	0.0	0.0	0.0	0.0	0.0	0.0	0.0	0.0	0.0	0.0	0.0	0.0	0.0	0.0	0.0	0.0	0.0	0.0	0.0	0.0	0.0	0.0	0.0	0.0	0.0	0.0	0.0	0.0	0.0	0.0	0.0
338_TASK07_CON46_0.0_posneg	posneg	0.0	228191.0	228191.0	228191.0	228191.0	228191.0	228191.0	228191.0	228191.0	228191.0	228191.0	228191.0	228191.0	228191.0	228191.0	228191.0	228191.0	228191.0	228191.0	228191.0	228191.0	228191.0	228191.0	228191.0	228191.0	228191.0	228191.0	228191.0	228191.0	228191.0	228191.0	228191.0	228191.0	228191.0	228191.0	228191.0	228191.0	228191.0	228191.0	228191.0	228191.0	228191.0	228191.0	228191.0	228191.0	228191.0	228191.0	228191.0
338_TASK07_CON46_0.0_pos	pos	0.0	143086.0	143086.0	143086.0	143086.0	143086.0	143086.0	143086.0	143086.0	143086.0	143086.0	143086.0	143086.0	143086.0	143086.0	143086.0	143086.0	143086.0	143086.0	143086.0	143086.0	143086.0	143086.0	143086.0	143086.0	143086.0	143086.0	143086.0	143086.0	143086.0	143086.0	143086.0	143086.0	143086.0	143086.0	143086.0	143086.0	143086.0	143086.0	143086.0	143086.0	143086.0	143086.0	143086.0	143086.0	143086.0	143086.0	143086.0
338_TASK07_CON46_1.0_posneg	posneg	1.0	158084.0	158084.0	158084.0	158084.0	158084.0	158084.0	158084.0	158084.0	158084.0	158084.0	158084.0	158084.0	158084.0	158084.0	158084.0	158084.0	158084.0	158084.0	158084.0	158084.0	158084.0	158084.0	158084.0	158084.0	158084.0	158084.0	158084.0	158084.0	158084.0	158084.0	158084.0	158084.0	158084.0	158084.0	158084.0	158084.0	158084.0	158084.0	158084.0	158084.0	158084.0	158084.0	158084.0	158084.0	158084.0	158084.0	158084.0
338_TASK07_CON46_1.0_pos	pos	1.0	105765.0	105765.0	105765.0	105765.0	105765.0	105765.0	105765.0	105765.0	105765.0	105765.0	105765.0	105765.0	105765.0	105765.0	105765.0	105765.0	105765.0	105765.0	105765.0	105765.0	105765.0	105765.0	105765.0	105765.0	105765.0	105765.0	105765.0	105765.0	105765.0	105765.0	105765.0	105765.0	105765.0	105765.0	105765.0	105765.0	105765.0	105765.0	105765.0	105765.0	105765.0	105765.0	105765.0	105765.0	105765.0	105765.0	105765.0
338_TASK07_CON46_2.0_posneg	posneg	2.0	101655.0	101655.0	101655.0	101655.0	101655.0	101655.0	101655.0	101655.0	101655.0	101655.0	101655.0	101655.0	101655.0	101655.0	101655.0	101655.0	101655.0	101655.0	101655.0	101655.0	101655.0	101655.0	101655.0	101655.0	101655.0	101655.0	101655.0	101655.0	101655.0	101655.0	101655.0	101655.0	101655.0	101655.0	101655.0	101655.0	101655.0	101655.0	101655.0	101655.0	101655.0	101655.0	101655.0	101655.0	101655.0	101655.0	101655.0
338_TASK07_CON46_2.0_pos	pos	2.0	71945.0	71945.0	71945.0	71945.0	71945.0	71945.0	71945.0	71945.0	71945.0	71945.0	71945.0	71945.0	71945.0	71945.0	71945.0	71945.0	71945.0	71945.0	71945.0	71945.0	71945.0	71945.0	71945.0	71945.0	71945.0	71945.0	71945.0	71945.0	71945.0	71945.0	71945.0	71945.0	71945.0	71945.0	71945.0	71945.0	71945.0	71945.0	71945.0	71945.0	71945.0	71945.0	71945.0	71945.0	71945.0	71945.0	71945.0
338_TASK07_CON46_3.0_posneg	posneg	3.0	61678.0	61678.0	61678.0	61678.0	61678.0	61678.0	61678.0	61678.0	61678.0	61678.0	61678.0	61678.0	61678.0	61678.0	61678.0	61678.0	61678.0	61678.0	61678.0	61678.0	61678.0	61678.0	61678.0	61678.0	61678.0	61678.0	61678.0	61678.0	61678.0	61678.0	61678.0	61678.0	61678.0	61678.0	61678.0	61678.0	61678.0	61678.0	61678.0	61678.0	61678.0	61678.0	61678.0	61678.0	61678.0	61678.0	61678.0
338_TASK07_CON46_3.0_pos	pos	3.0	46252.0	46252.0	46252.0	46252.0	46252.0	46252.0	46252.0	46252.0	46252.0	46252.0	46252.0	46252.0	46252.0	46252.0	46252.0	46252.0	46252.0	46252.0	46252.0	46252.0	46252.0	46252.0	46252.0	46252.0	46252.0	46252.0	46252.0	46252.0	46252.0	46252.0	46252.0	46252.0	46252.0	46252.0	46252.0	46252.0	46252.0	46252.0	46252.0	46252.0	46252.0	46252.0	46252.0	46252.0	46252.0	46252.0	46252.0
338_TASK07_CON46_4.0_posneg	posneg	4.0	34643.0	34643.0	34643.0	34643.0	34643.0	34643.0	34643.0	34643.0	34643.0	34643.0	34643.0	34643.0	34643.0	34643.0	34643.0	34643.0	34643.0	34643.0	34643.0	34643.0	34643.0	34643.0	34643.0	34643.0	34643.0	34643.0	34643.0	34643.0	34643.0	34643.0	34643.0	34643.0	34643.0	34643.0	34643.0	34643.0	34643.0	34643.0	34643.0	34643.0	34643.0	34643.0	34643.0	34643.0	34643.0	34643.0	34643.0
338_TASK07_CON46_4.0_pos	pos	4.0	28070.0	28070.0	28070.0	28070.0	28070.0	28070.0	28070.0	28070.0	28070.0	28070.0	28070.0	28070.0	28070.0	28070.0	28070.0	28070.0	28070.0	28070.0	28070.0	28070.0	28070.0	28070.0	28070.0	28070.0	28070.0	28070.0	28070.0	28070.0	28070.0	28070.0	28070.0	28070.0	28070.0	28070.0	28070.0	28070.0	28070.0	28070.0	28070.0	28070.0	28070.0	28070.0	28070.0	28070.0	28070.0	28070.0	28070.0
338_TASK07_CON46_5.0_posneg	posneg	5.0	16570.0	16570.0	16570.0	16570.0	16570.0	16570.0	16570.0	16570.0	16570.0	16570.0	16570.0	16570.0	16570.0	16570.0	16570.0	16570.0	16570.0	16570.0	16570.0	16570.0	16570.0	16570.0	16570.0	16570.0	16570.0	16570.0	16570.0	16570.0	16570.0	16570.0	16570.0	16570.0	16570.0	16570.0	16570.0	16570.0	16570.0	16570.0	16570.0	16570.0	16570.0	16570.0	16570.0	16570.0	16570.0	16570.0	16570.0
338_TASK07_CON46_5.0_pos	pos	5.0	14853.0	14853.0	14853.0	14853.0	14853.0	14853.0	14853.0	14853.0	14853.0	14853.0	14853.0	14853.0	14853.0	14853.0	14853.0	14853.0	14853.0	14853.0	14853.0	14853.0	14853.0	14853.0	14853.0	14853.0	14853.0	14853.0	14853.0	14853.0	14853.0	14853.0	14853.0	14853.0	14853.0	14853.0	14853.0	14853.0	14853.0	14853.0	14853.0	14853.0	14853.0	14853.0	14853.0	14853.0	14853.0	14853.0	14853.0
338_TASK07_CON46_6.0_posneg	posneg	6.0	6255.0	6255.0	6255.0	6255.0	6255.0	6255.0	6255.0	6255.0	6255.0	6255.0	6255.0	6255.0	6255.0	6255.0	6255.0	6255.0	6255.0	6255.0	6255.0	6255.0	6255.0	6255.0	6255.0	6255.0	6255.0	6255.0	6255.0	6255.0	6255.0	6255.0	6255.0	6255.0	6255.0	6255.0	6255.0	6255.0	6255.0	6255.0	6255.0	6255.0	6255.0	6255.0	6255.0	6255.0	6255.0	6255.0	6255.0
338_TASK07_CON46_6.0_pos	pos	6.0	6042.0	6042.0	6042.0	6042.0	6042.0	6042.0	6042.0	6042.0	6042.0	6042.0	6042.0	6042.0	6042.0	6042.0	6042.0	6042.0	6042.0	6042.0	6042.0	6042.0	6042.0	6042.0	6042.0	6042.0	6042.0	6042.0	6042.0	6042.0	6042.0	6042.0	6042.0	6042.0	6042.0	6042.0	6042.0	6042.0	6042.0	6042.0	6042.0	6042.0	6042.0	6042.0	6042.0	6042.0	6042.0	6042.0	6042.0
338_TASK07_CON46_7.0_posneg	posneg	7.0	1504.0	1504.0	1504.0	1504.0	1504.0	1504.0	1504.0	1504.0	1504.0	1504.0	1504.0	1504.0	1504.0	1504.0	1504.0	1504.0	1504.0	1504.0	1504.0	1504.0	1504.0	1504.0	1504.0	1504.0	1504.0	1504.0	1504.0	1504.0	1504.0	1504.0	1504.0	1504.0	1504.0	1504.0	1504.0	1504.0	1504.0	1504.0	1504.0	1504.0	1504.0	1504.0	1504.0	1504.0	1504.0	1504.0	1504.0
338_TASK07_CON46_7.0_pos	pos	7.0	1500.0	1500.0	1500.0	1500.0	1500.0	1500.0	1500.0	1500.0	1500.0	1500.0	1500.0	1500.0	1500.0	1500.0	1500.0	1500.0	1500.0	1500.0	1500.0	1500.0	1500.0	1500.0	1500.0	1500.0	1500.0	1500.0	1500.0	1500.0	1500.0	1500.0	1500.0	1500.0	1500.0	1500.0	1500.0	1500.0	1500.0	1500.0	1500.0	1500.0	1500.0	1500.0	1500.0	1500.0	1500.0	1500.0	1500.0
338_TASK07_CON46_8.0_posneg	posneg	8.0	98.0	98.0	98.0	98.0	98.0	98.0	98.0	98.0	98.0	98.0	98.0	98.0	98.0	98.0	98.0	98.0	98.0	98.0	98.0	98.0	98.0	98.0	98.0	98.0	98.0	98.0	98.0	98.0	98.0	98.0	98.0	98.0	98.0	98.0	98.0	98.0	98.0	98.0	98.0	98.0	98.0	98.0	98.0	98.0	98.0	98.0	98.0
338_TASK07_CON46_8.0_pos	pos	8.0	98.0	98.0	98.0	98.0	98.0	98.0	98.0	98.0	98.0	98.0	98.0	98.0	98.0	98.0	98.0	98.0	98.0	98.0	98.0	98.0	98.0	98.0	98.0	98.0	98.0	98.0	98.0	98.0	98.0	98.0	98.0	98.0	98.0	98.0	98.0	98.0	98.0	98.0	98.0	98.0	98.0	98.0	98.0	98.0	98.0	98.0	98.0
338_TASK07_CON46_9.0_posneg	posneg	9.0	1.0	1.0	1.0	1.0	1.0	1.0	1.0	1.0	1.0	1.0	1.0	1.0	1.0	1.0	1.0	1.0	1.0	1.0	1.0	1.0	1.0	1.0	1.0	1.0	1.0	1.0	1.0	1.0	1.0	1.0	1.0	1.0	1.0	1.0	1.0	1.0	1.0	1.0	1.0	1.0	1.0	1.0	1.0	1.0	1.0	1.0	1.0
338_TASK07_CON46_9.0_pos	pos	9.0	1.0	1.0	1.0	1.0	1.0	1.0	1.0	1.0	1.0	1.0	1.0	1.0	1.0	1.0	1.0	1.0	1.0	1.0	1.0	1.0	1.0	1.0	1.0	1.0	1.0	1.0	1.0	1.0	1.0	1.0	1.0	1.0	1.0	1.0	1.0	1.0	1.0	1.0	1.0	1.0	1.0	1.0	1.0	1.0	1.0	1.0	1.0
338_TASK07_CON46_10.0_posneg	posneg	10.0	0.0	0.0	0.0	0.0	0.0	0.0	0.0	0.0	0.0	0.0	0.0	0.0	0.0	0.0	0.0	0.0	0.0	0.0	0.0	0.0	0.0	0.0	0.0	0.0	0.0	0.0	0.0	0.0	0.0	0.0	0.0	0.0	0.0	0.0	0.0	0.0	0.0	0.0	0.0	0.0	0.0	0.0	0.0	0.0	0.0	0.0	0.0
338_TASK07_CON46_10.0_pos	pos	10.0	0.0	0.0	0.0	0.0	0.0	0.0	0.0	0.0	0.0	0.0	0.0	0.0	0.0	0.0	0.0	0.0	0.0	0.0	0.0	0.0	0.0	0.0	0.0	0.0	0.0	0.0	0.0	0.0	0.0	0.0	0.0	0.0	0.0	0.0	0.0	0.0	0.0	0.0	0.0	0.0	0.0	0.0	0.0	0.0	0.0	0.0	0.0
338_TASK07_CON46_11.0_posneg	posneg	11.0	0.0	0.0	0.0	0.0	0.0	0.0	0.0	0.0	0.0	0.0	0.0	0.0	0.0	0.0	0.0	0.0	0.0	0.0	0.0	0.0	0.0	0.0	0.0	0.0	0.0	0.0	0.0	0.0	0.0	0.0	0.0	0.0	0.0	0.0	0.0	0.0	0.0	0.0	0.0	0.0	0.0	0.0	0.0	0.0	0.0	0.0	0.0
338_TASK07_CON46_11.0_pos	pos	11.0	0.0	0.0	0.0	0.0	0.0	0.0	0.0	0.0	0.0	0.0	0.0	0.0	0.0	0.0	0.0	0.0	0.0	0.0	0.0	0.0	0.0	0.0	0.0	0.0	0.0	0.0	0.0	0.0	0.0	0.0	0.0	0.0	0.0	0.0	0.0	0.0	0.0	0.0	0.0	0.0	0.0	0.0	0.0	0.0	0.0	0.0	0.0
338_TASK07_CON46_12.0_posneg	posneg	12.0	0.0	0.0	0.0	0.0	0.0	0.0	0.0	0.0	0.0	0.0	0.0	0.0	0.0	0.0	0.0	0.0	0.0	0.0	0.0	0.0	0.0	0.0	0.0	0.0	0.0	0.0	0.0	0.0	0.0	0.0	0.0	0.0	0.0	0.0	0.0	0.0	0.0	0.0	0.0	0.0	0.0	0.0	0.0	0.0	0.0	0.0	0.0
338_TASK07_CON46_12.0_pos	pos	12.0	0.0	0.0	0.0	0.0	0.0	0.0	0.0	0.0	0.0	0.0	0.0	0.0	0.0	0.0	0.0	0.0	0.0	0.0	0.0	0.0	0.0	0.0	0.0	0.0	0.0	0.0	0.0	0.0	0.0	0.0	0.0	0.0	0.0	0.0	0.0	0.0	0.0	0.0	0.0	0.0	0.0	0.0	0.0	0.0	0.0	0.0	0.0
338_TASK07_CON46_13.0_posneg	posneg	13.0	0.0	0.0	0.0	0.0	0.0	0.0	0.0	0.0	0.0	0.0	0.0	0.0	0.0	0.0	0.0	0.0	0.0	0.0	0.0	0.0	0.0	0.0	0.0	0.0	0.0	0.0	0.0	0.0	0.0	0.0	0.0	0.0	0.0	0.0	0.0	0.0	0.0	0.0	0.0	0.0	0.0	0.0	0.0	0.0	0.0	0.0	0.0
338_TASK07_CON46_13.0_pos	pos	13.0	0.0	0.0	0.0	0.0	0.0	0.0	0.0	0.0	0.0	0.0	0.0	0.0	0.0	0.0	0.0	0.0	0.0	0.0	0.0	0.0	0.0	0.0	0.0	0.0	0.0	0.0	0.0	0.0	0.0	0.0	0.0	0.0	0.0	0.0	0.0	0.0	0.0	0.0	0.0	0.0	0.0	0.0	0.0	0.0	0.0	0.0	0.0
338_TASK07_CON47_0.0_posneg	posneg	0.0	228191.0	228191.0	228191.0	228191.0	228191.0	228191.0	228191.0	228191.0	228191.0	228191.0	228191.0	228191.0	228191.0	228191.0	228191.0	228191.0	228191.0	228191.0	228191.0	228191.0	228191.0	228191.0	228191.0	228191.0	228191.0	228191.0	228191.0	228191.0	228191.0	228191.0	228191.0	228191.0	228191.0	228191.0	228191.0	228191.0	228191.0	228191.0	228191.0	228191.0	228191.0	228191.0	228191.0	228191.0	228191.0	228191.0	228191.0
338_TASK07_CON47_0.0_pos	pos	0.0	137299.0	137299.0	137299.0	137299.0	137299.0	137299.0	137299.0	137299.0	137299.0	137299.0	137299.0	137299.0	137299.0	137299.0	137299.0	137299.0	137299.0	137299.0	137299.0	137299.0	137299.0	137299.0	137299.0	137299.0	137299.0	137299.0	137299.0	137299.0	137299.0	137299.0	137299.0	137299.0	137299.0	137299.0	137299.0	137299.0	137299.0	137299.0	137299.0	137299.0	137299.0	137299.0	137299.0	137299.0	137299.0	137299.0	137299.0
338_TASK07_CON47_1.0_posneg	posneg	1.0	163410.0	163410.0	163410.0	163410.0	163410.0	163410.0	163410.0	163410.0	163410.0	163410.0	163410.0	163410.0	163410.0	163410.0	163410.0	163410.0	163410.0	163410.0	163410.0	163410.0	163410.0	163410.0	163410.0	163410.0	163410.0	163410.0	163410.0	163410.0	163410.0	163410.0	163410.0	163410.0	163410.0	163410.0	163410.0	163410.0	163410.0	163410.0	163410.0	163410.0	163410.0	163410.0	163410.0	163410.0	163410.0	163410.0	163410.0
338_TASK07_CON47_1.0_pos	pos	1.0	103309.0	103309.0	103309.0	103309.0	103309.0	103309.0	103309.0	103309.0	103309.0	103309.0	103309.0	103309.0	103309.0	103309.0	103309.0	103309.0	103309.0	103309.0	103309.0	103309.0	103309.0	103309.0	103309.0	103309.0	103309.0	103309.0	103309.0	103309.0	103309.0	103309.0	103309.0	103309.0	103309.0	103309.0	103309.0	103309.0	103309.0	103309.0	103309.0	103309.0	103309.0	103309.0	103309.0	103309.0	103309.0	103309.0	103309.0
338_TASK07_CON47_2.0_posneg	posneg	2.0	109035.0	109035.0	109035.0	109035.0	109035.0	109035.0	109035.0	109035.0	109035.0	109035.0	109035.0	109035.0	109035.0	109035.0	109035.0	109035.0	109035.0	109035.0	109035.0	109035.0	109035.0	109035.0	109035.0	109035.0	109035.0	109035.0	109035.0	109035.0	109035.0	109035.0	109035.0	109035.0	109035.0	109035.0	109035.0	109035.0	109035.0	109035.0	109035.0	109035.0	109035.0	109035.0	109035.0	109035.0	109035.0	109035.0	109035.0
338_TASK07_CON47_2.0_pos	pos	2.0	72929.0	72929.0	72929.0	72929.0	72929.0	72929.0	72929.0	72929.0	72929.0	72929.0	72929.0	72929.0	72929.0	72929.0	72929.0	72929.0	72929.0	72929.0	72929.0	72929.0	72929.0	72929.0	72929.0	72929.0	72929.0	72929.0	72929.0	72929.0	72929.0	72929.0	72929.0	72929.0	72929.0	72929.0	72929.0	72929.0	72929.0	72929.0	72929.0	72929.0	72929.0	72929.0	72929.0	72929.0	72929.0	72929.0	72929.0
338_TASK07_CON47_3.0_posneg	posneg	3.0	68929.0	68929.0	68929.0	68929.0	68929.0	68929.0	68929.0	68929.0	68929.0	68929.0	68929.0	68929.0	68929.0	68929.0	68929.0	68929.0	68929.0	68929.0	68929.0	68929.0	68929.0	68929.0	68929.0	68929.0	68929.0	68929.0	68929.0	68929.0	68929.0	68929.0	68929.0	68929.0	68929.0	68929.0	68929.0	68929.0	68929.0	68929.0	68929.0	68929.0	68929.0	68929.0	68929.0	68929.0	68929.0	68929.0	68929.0
338_TASK07_CON47_3.0_pos	pos	3.0	49551.0	49551.0	49551.0	49551.0	49551.0	49551.0	49551.0	49551.0	49551.0	49551.0	49551.0	49551.0	49551.0	49551.0	49551.0	49551.0	49551.0	49551.0	49551.0	49551.0	49551.0	49551.0	49551.0	49551.0	49551.0	49551.0	49551.0	49551.0	49551.0	49551.0	49551.0	49551.0	49551.0	49551.0	49551.0	49551.0	49551.0	49551.0	49551.0	49551.0	49551.0	49551.0	49551.0	49551.0	49551.0	49551.0	49551.0
338_TASK07_CON47_4.0_posneg	posneg	4.0	41498.0	41498.0	41498.0	41498.0	41498.0	41498.0	41498.0	41498.0	41498.0	41498.0	41498.0	41498.0	41498.0	41498.0	41498.0	41498.0	41498.0	41498.0	41498.0	41498.0	41498.0	41498.0	41498.0	41498.0	41498.0	41498.0	41498.0	41498.0	41498.0	41498.0	41498.0	41498.0	41498.0	41498.0	41498.0	41498.0	41498.0	41498.0	41498.0	41498.0	41498.0	41498.0	41498.0	41498.0	41498.0	41498.0	41498.0
338_TASK07_CON47_4.0_pos	pos	4.0	32175.0	32175.0	32175.0	32175.0	32175.0	32175.0	32175.0	32175.0	32175.0	32175.0	32175.0	32175.0	32175.0	32175.0	32175.0	32175.0	32175.0	32175.0	32175.0	32175.0	32175.0	32175.0	32175.0	32175.0	32175.0	32175.0	32175.0	32175.0	32175.0	32175.0	32175.0	32175.0	32175.0	32175.0	32175.0	32175.0	32175.0	32175.0	32175.0	32175.0	32175.0	32175.0	32175.0	32175.0	32175.0	32175.0	32175.0
338_TASK07_CON47_5.0_posneg	posneg	5.0	23001.0	23001.0	23001.0	23001.0	23001.0	23001.0	23001.0	23001.0	23001.0	23001.0	23001.0	23001.0	23001.0	23001.0	23001.0	23001.0	23001.0	23001.0	23001.0	23001.0	23001.0	23001.0	23001.0	23001.0	23001.0	23001.0	23001.0	23001.0	23001.0	23001.0	23001.0	23001.0	23001.0	23001.0	23001.0	23001.0	23001.0	23001.0	23001.0	23001.0	23001.0	23001.0	23001.0	23001.0	23001.0	23001.0	23001.0
338_TASK07_CON47_5.0_pos	pos	5.0	19431.0	19431.0	19431.0	19431.0	19431.0	19431.0	19431.0	19431.0	19431.0	19431.0	19431.0	19431.0	19431.0	19431.0	19431.0	19431.0	19431.0	19431.0	19431.0	19431.0	19431.0	19431.0	19431.0	19431.0	19431.0	19431.0	19431.0	19431.0	19431.0	19431.0	19431.0	19431.0	19431.0	19431.0	19431.0	19431.0	19431.0	19431.0	19431.0	19431.0	19431.0	19431.0	19431.0	19431.0	19431.0	19431.0	19431.0
338_TASK07_CON47_6.0_posneg	posneg	6.0	10538.0	10538.0	10538.0	10538.0	10538.0	10538.0	10538.0	10538.0	10538.0	10538.0	10538.0	10538.0	10538.0	10538.0	10538.0	10538.0	10538.0	10538.0	10538.0	10538.0	10538.0	10538.0	10538.0	10538.0	10538.0	10538.0	10538.0	10538.0	10538.0	10538.0	10538.0	10538.0	10538.0	10538.0	10538.0	10538.0	10538.0	10538.0	10538.0	10538.0	10538.0	10538.0	10538.0	10538.0	10538.0	10538.0	10538.0
338_TASK07_CON47_6.0_pos	pos	6.0	9721.0	9721.0	9721.0	9721.0	9721.0	9721.0	9721.0	9721.0	9721.0	9721.0	9721.0	9721.0	9721.0	9721.0	9721.0	9721.0	9721.0	9721.0	9721.0	9721.0	9721.0	9721.0	9721.0	9721.0	9721.0	9721.0	9721.0	9721.0	9721.0	9721.0	9721.0	9721.0	9721.0	9721.0	9721.0	9721.0	9721.0	9721.0	9721.0	9721.0	9721.0	9721.0	9721.0	9721.0	9721.0	9721.0	9721.0
338_TASK07_CON47_7.0_posneg	posneg	7.0	3534.0	3534.0	3534.0	3534.0	3534.0	3534.0	3534.0	3534.0	3534.0	3534.0	3534.0	3534.0	3534.0	3534.0	3534.0	3534.0	3534.0	3534.0	3534.0	3534.0	3534.0	3534.0	3534.0	3534.0	3534.0	3534.0	3534.0	3534.0	3534.0	3534.0	3534.0	3534.0	3534.0	3534.0	3534.0	3534.0	3534.0	3534.0	3534.0	3534.0	3534.0	3534.0	3534.0	3534.0	3534.0	3534.0	3534.0
338_TASK07_CON47_7.0_pos	pos	7.0	3451.0	3451.0	3451.0	3451.0	3451.0	3451.0	3451.0	3451.0	3451.0	3451.0	3451.0	3451.0	3451.0	3451.0	3451.0	3451.0	3451.0	3451.0	3451.0	3451.0	3451.0	3451.0	3451.0	3451.0	3451.0	3451.0	3451.0	3451.0	3451.0	3451.0	3451.0	3451.0	3451.0	3451.0	3451.0	3451.0	3451.0	3451.0	3451.0	3451.0	3451.0	3451.0	3451.0	3451.0	3451.0	3451.0	3451.0
338_TASK07_CON47_8.0_posneg	posneg	8.0	643.0	643.0	643.0	643.0	643.0	643.0	643.0	643.0	643.0	643.0	643.0	643.0	643.0	643.0	643.0	643.0	643.0	643.0	643.0	643.0	643.0	643.0	643.0	643.0	643.0	643.0	643.0	643.0	643.0	643.0	643.0	643.0	643.0	643.0	643.0	643.0	643.0	643.0	643.0	643.0	643.0	643.0	643.0	643.0	643.0	643.0	643.0
338_TASK07_CON47_8.0_pos	pos	8.0	641.0	641.0	641.0	641.0	641.0	641.0	641.0	641.0	641.0	641.0	641.0	641.0	641.0	641.0	641.0	641.0	641.0	641.0	641.0	641.0	641.0	641.0	641.0	641.0	641.0	641.0	641.0	641.0	641.0	641.0	641.0	641.0	641.0	641.0	641.0	641.0	641.0	641.0	641.0	641.0	641.0	641.0	641.0	641.0	641.0	641.0	641.0
338_TASK07_CON47_9.0_posneg	posneg	9.0	27.0	27.0	27.0	27.0	27.0	27.0	27.0	27.0	27.0	27.0	27.0	27.0	27.0	27.0	27.0	27.0	27.0	27.0	27.0	27.0	27.0	27.0	27.0	27.0	27.0	27.0	27.0	27.0	27.0	27.0	27.0	27.0	27.0	27.0	27.0	27.0	27.0	27.0	27.0	27.0	27.0	27.0	27.0	27.0	27.0	27.0	27.0
338_TASK07_CON47_9.0_pos	pos	9.0	27.0	27.0	27.0	27.0	27.0	27.0	27.0	27.0	27.0	27.0	27.0	27.0	27.0	27.0	27.0	27.0	27.0	27.0	27.0	27.0	27.0	27.0	27.0	27.0	27.0	27.0	27.0	27.0	27.0	27.0	27.0	27.0	27.0	27.0	27.0	27.0	27.0	27.0	27.0	27.0	27.0	27.0	27.0	27.0	27.0	27.0	27.0
338_TASK07_CON47_10.0_posneg	posneg	10.0	0.0	0.0	0.0	0.0	0.0	0.0	0.0	0.0	0.0	0.0	0.0	0.0	0.0	0.0	0.0	0.0	0.0	0.0	0.0	0.0	0.0	0.0	0.0	0.0	0.0	0.0	0.0	0.0	0.0	0.0	0.0	0.0	0.0	0.0	0.0	0.0	0.0	0.0	0.0	0.0	0.0	0.0	0.0	0.0	0.0	0.0	0.0
338_TASK07_CON47_10.0_pos	pos	10.0	0.0	0.0	0.0	0.0	0.0	0.0	0.0	0.0	0.0	0.0	0.0	0.0	0.0	0.0	0.0	0.0	0.0	0.0	0.0	0.0	0.0	0.0	0.0	0.0	0.0	0.0	0.0	0.0	0.0	0.0	0.0	0.0	0.0	0.0	0.0	0.0	0.0	0.0	0.0	0.0	0.0	0.0	0.0	0.0	0.0	0.0	0.0
338_TASK07_CON47_11.0_posneg	posneg	11.0	0.0	0.0	0.0	0.0	0.0	0.0	0.0	0.0	0.0	0.0	0.0	0.0	0.0	0.0	0.0	0.0	0.0	0.0	0.0	0.0	0.0	0.0	0.0	0.0	0.0	0.0	0.0	0.0	0.0	0.0	0.0	0.0	0.0	0.0	0.0	0.0	0.0	0.0	0.0	0.0	0.0	0.0	0.0	0.0	0.0	0.0	0.0
338_TASK07_CON47_11.0_pos	pos	11.0	0.0	0.0	0.0	0.0	0.0	0.0	0.0	0.0	0.0	0.0	0.0	0.0	0.0	0.0	0.0	0.0	0.0	0.0	0.0	0.0	0.0	0.0	0.0	0.0	0.0	0.0	0.0	0.0	0.0	0.0	0.0	0.0	0.0	0.0	0.0	0.0	0.0	0.0	0.0	0.0	0.0	0.0	0.0	0.0	0.0	0.0	0.0
338_TASK07_CON47_12.0_posneg	posneg	12.0	0.0	0.0	0.0	0.0	0.0	0.0	0.0	0.0	0.0	0.0	0.0	0.0	0.0	0.0	0.0	0.0	0.0	0.0	0.0	0.0	0.0	0.0	0.0	0.0	0.0	0.0	0.0	0.0	0.0	0.0	0.0	0.0	0.0	0.0	0.0	0.0	0.0	0.0	0.0	0.0	0.0	0.0	0.0	0.0	0.0	0.0	0.0
338_TASK07_CON47_12.0_pos	pos	12.0	0.0	0.0	0.0	0.0	0.0	0.0	0.0	0.0	0.0	0.0	0.0	0.0	0.0	0.0	0.0	0.0	0.0	0.0	0.0	0.0	0.0	0.0	0.0	0.0	0.0	0.0	0.0	0.0	0.0	0.0	0.0	0.0	0.0	0.0	0.0	0.0	0.0	0.0	0.0	0.0	0.0	0.0	0.0	0.0	0.0	0.0	0.0
338_TASK07_CON47_13.0_posneg	posneg	13.0	0.0	0.0	0.0	0.0	0.0	0.0	0.0	0.0	0.0	0.0	0.0	0.0	0.0	0.0	0.0	0.0	0.0	0.0	0.0	0.0	0.0	0.0	0.0	0.0	0.0	0.0	0.0	0.0	0.0	0.0	0.0	0.0	0.0	0.0	0.0	0.0	0.0	0.0	0.0	0.0	0.0	0.0	0.0	0.0	0.0	0.0	0.0
338_TASK07_CON47_13.0_pos	pos	13.0	0.0	0.0	0.0	0.0	0.0	0.0	0.0	0.0	0.0	0.0	0.0	0.0	0.0	0.0	0.0	0.0	0.0	0.0	0.0	0.0	0.0	0.0	0.0	0.0	0.0	0.0	0.0	0.0	0.0	0.0	0.0	0.0	0.0	0.0	0.0	0.0	0.0	0.0	0.0	0.0	0.0	0.0	0.0	0.0	0.0	0.0	0.0
338_TASK07_CON48_0.0_posneg	posneg	0.0	228191.0	228191.0	228191.0	228191.0	228191.0	228191.0	228191.0	228191.0	228191.0	228191.0	228191.0	228191.0	228191.0	228191.0	228191.0	228191.0	228191.0	228191.0	228191.0	228191.0	228191.0	228191.0	228191.0	228191.0	228191.0	228191.0	228191.0	228191.0	228191.0	228191.0	228191.0	228191.0	228191.0	228191.0	228191.0	228191.0	228191.0	228191.0	228191.0	228191.0	228191.0	228191.0	228191.0	228191.0	228191.0	228191.0	228191.0
338_TASK07_CON48_0.0_pos	pos	0.0	132362.0	132362.0	132362.0	132362.0	132362.0	132362.0	132362.0	132362.0	132362.0	132362.0	132362.0	132362.0	132362.0	132362.0	132362.0	132362.0	132362.0	132362.0	132362.0	132362.0	132362.0	132362.0	132362.0	132362.0	132362.0	132362.0	132362.0	132362.0	132362.0	132362.0	132362.0	132362.0	132362.0	132362.0	132362.0	132362.0	132362.0	132362.0	132362.0	132362.0	132362.0	132362.0	132362.0	132362.0	132362.0	132362.0	132362.0
338_TASK07_CON48_1.0_posneg	posneg	1.0	164510.0	164510.0	164510.0	164510.0	164510.0	164510.0	164510.0	164510.0	164510.0	164510.0	164510.0	164510.0	164510.0	164510.0	164510.0	164510.0	164510.0	164510.0	164510.0	164510.0	164510.0	164510.0	164510.0	164510.0	164510.0	164510.0	164510.0	164510.0	164510.0	164510.0	164510.0	164510.0	164510.0	164510.0	164510.0	164510.0	164510.0	164510.0	164510.0	164510.0	164510.0	164510.0	164510.0	164510.0	164510.0	164510.0	164510.0
338_TASK07_CON48_1.0_pos	pos	1.0	99567.0	99567.0	99567.0	99567.0	99567.0	99567.0	99567.0	99567.0	99567.0	99567.0	99567.0	99567.0	99567.0	99567.0	99567.0	99567.0	99567.0	99567.0	99567.0	99567.0	99567.0	99567.0	99567.0	99567.0	99567.0	99567.0	99567.0	99567.0	99567.0	99567.0	99567.0	99567.0	99567.0	99567.0	99567.0	99567.0	99567.0	99567.0	99567.0	99567.0	99567.0	99567.0	99567.0	99567.0	99567.0	99567.0	99567.0
338_TASK07_CON48_2.0_posneg	posneg	2.0	111957.0	111957.0	111957.0	111957.0	111957.0	111957.0	111957.0	111957.0	111957.0	111957.0	111957.0	111957.0	111957.0	111957.0	111957.0	111957.0	111957.0	111957.0	111957.0	111957.0	111957.0	111957.0	111957.0	111957.0	111957.0	111957.0	111957.0	111957.0	111957.0	111957.0	111957.0	111957.0	111957.0	111957.0	111957.0	111957.0	111957.0	111957.0	111957.0	111957.0	111957.0	111957.0	111957.0	111957.0	111957.0	111957.0	111957.0
338_TASK07_CON48_2.0_pos	pos	2.0	71472.0	71472.0	71472.0	71472.0	71472.0	71472.0	71472.0	71472.0	71472.0	71472.0	71472.0	71472.0	71472.0	71472.0	71472.0	71472.0	71472.0	71472.0	71472.0	71472.0	71472.0	71472.0	71472.0	71472.0	71472.0	71472.0	71472.0	71472.0	71472.0	71472.0	71472.0	71472.0	71472.0	71472.0	71472.0	71472.0	71472.0	71472.0	71472.0	71472.0	71472.0	71472.0	71472.0	71472.0	71472.0	71472.0	71472.0
338_TASK07_CON48_3.0_posneg	posneg	3.0	72045.0	72045.0	72045.0	72045.0	72045.0	72045.0	72045.0	72045.0	72045.0	72045.0	72045.0	72045.0	72045.0	72045.0	72045.0	72045.0	72045.0	72045.0	72045.0	72045.0	72045.0	72045.0	72045.0	72045.0	72045.0	72045.0	72045.0	72045.0	72045.0	72045.0	72045.0	72045.0	72045.0	72045.0	72045.0	72045.0	72045.0	72045.0	72045.0	72045.0	72045.0	72045.0	72045.0	72045.0	72045.0	72045.0	72045.0
338_TASK07_CON48_3.0_pos	pos	3.0	49246.0	49246.0	49246.0	49246.0	49246.0	49246.0	49246.0	49246.0	49246.0	49246.0	49246.0	49246.0	49246.0	49246.0	49246.0	49246.0	49246.0	49246.0	49246.0	49246.0	49246.0	49246.0	49246.0	49246.0	49246.0	49246.0	49246.0	49246.0	49246.0	49246.0	49246.0	49246.0	49246.0	49246.0	49246.0	49246.0	49246.0	49246.0	49246.0	49246.0	49246.0	49246.0	49246.0	49246.0	49246.0	49246.0	49246.0
338_TASK07_CON48_4.0_posneg	posneg	4.0	42945.0	42945.0	42945.0	42945.0	42945.0	42945.0	42945.0	42945.0	42945.0	42945.0	42945.0	42945.0	42945.0	42945.0	42945.0	42945.0	42945.0	42945.0	42945.0	42945.0	42945.0	42945.0	42945.0	42945.0	42945.0	42945.0	42945.0	42945.0	42945.0	42945.0	42945.0	42945.0	42945.0	42945.0	42945.0	42945.0	42945.0	42945.0	42945.0	42945.0	42945.0	42945.0	42945.0	42945.0	42945.0	42945.0	42945.0
338_TASK07_CON48_4.0_pos	pos	4.0	32148.0	32148.0	32148.0	32148.0	32148.0	32148.0	32148.0	32148.0	32148.0	32148.0	32148.0	32148.0	32148.0	32148.0	32148.0	32148.0	32148.0	32148.0	32148.0	32148.0	32148.0	32148.0	32148.0	32148.0	32148.0	32148.0	32148.0	32148.0	32148.0	32148.0	32148.0	32148.0	32148.0	32148.0	32148.0	32148.0	32148.0	32148.0	32148.0	32148.0	32148.0	32148.0	32148.0	32148.0	32148.0	32148.0	32148.0
338_TASK07_CON48_5.0_posneg	posneg	5.0	23168.0	23168.0	23168.0	23168.0	23168.0	23168.0	23168.0	23168.0	23168.0	23168.0	23168.0	23168.0	23168.0	23168.0	23168.0	23168.0	23168.0	23168.0	23168.0	23168.0	23168.0	23168.0	23168.0	23168.0	23168.0	23168.0	23168.0	23168.0	23168.0	23168.0	23168.0	23168.0	23168.0	23168.0	23168.0	23168.0	23168.0	23168.0	23168.0	23168.0	23168.0	23168.0	23168.0	23168.0	23168.0	23168.0	23168.0
338_TASK07_CON48_5.0_pos	pos	5.0	19430.0	19430.0	19430.0	19430.0	19430.0	19430.0	19430.0	19430.0	19430.0	19430.0	19430.0	19430.0	19430.0	19430.0	19430.0	19430.0	19430.0	19430.0	19430.0	19430.0	19430.0	19430.0	19430.0	19430.0	19430.0	19430.0	19430.0	19430.0	19430.0	19430.0	19430.0	19430.0	19430.0	19430.0	19430.0	19430.0	19430.0	19430.0	19430.0	19430.0	19430.0	19430.0	19430.0	19430.0	19430.0	19430.0	19430.0
338_TASK07_CON48_6.0_posneg	posneg	6.0	10230.0	10230.0	10230.0	10230.0	10230.0	10230.0	10230.0	10230.0	10230.0	10230.0	10230.0	10230.0	10230.0	10230.0	10230.0	10230.0	10230.0	10230.0	10230.0	10230.0	10230.0	10230.0	10230.0	10230.0	10230.0	10230.0	10230.0	10230.0	10230.0	10230.0	10230.0	10230.0	10230.0	10230.0	10230.0	10230.0	10230.0	10230.0	10230.0	10230.0	10230.0	10230.0	10230.0	10230.0	10230.0	10230.0	10230.0
338_TASK07_CON48_6.0_pos	pos	6.0	9520.0	9520.0	9520.0	9520.0	9520.0	9520.0	9520.0	9520.0	9520.0	9520.0	9520.0	9520.0	9520.0	9520.0	9520.0	9520.0	9520.0	9520.0	9520.0	9520.0	9520.0	9520.0	9520.0	9520.0	9520.0	9520.0	9520.0	9520.0	9520.0	9520.0	9520.0	9520.0	9520.0	9520.0	9520.0	9520.0	9520.0	9520.0	9520.0	9520.0	9520.0	9520.0	9520.0	9520.0	9520.0	9520.0	9520.0
338_TASK07_CON48_7.0_posneg	posneg	7.0	3314.0	3314.0	3314.0	3314.0	3314.0	3314.0	3314.0	3314.0	3314.0	3314.0	3314.0	3314.0	3314.0	3314.0	3314.0	3314.0	3314.0	3314.0	3314.0	3314.0	3314.0	3314.0	3314.0	3314.0	3314.0	3314.0	3314.0	3314.0	3314.0	3314.0	3314.0	3314.0	3314.0	3314.0	3314.0	3314.0	3314.0	3314.0	3314.0	3314.0	3314.0	3314.0	3314.0	3314.0	3314.0	3314.0	3314.0
338_TASK07_CON48_7.0_pos	pos	7.0	3270.0	3270.0	3270.0	3270.0	3270.0	3270.0	3270.0	3270.0	3270.0	3270.0	3270.0	3270.0	3270.0	3270.0	3270.0	3270.0	3270.0	3270.0	3270.0	3270.0	3270.0	3270.0	3270.0	3270.0	3270.0	3270.0	3270.0	3270.0	3270.0	3270.0	3270.0	3270.0	3270.0	3270.0	3270.0	3270.0	3270.0	3270.0	3270.0	3270.0	3270.0	3270.0	3270.0	3270.0	3270.0	3270.0	3270.0
338_TASK07_CON48_8.0_posneg	posneg	8.0	398.0	398.0	398.0	398.0	398.0	398.0	398.0	398.0	398.0	398.0	398.0	398.0	398.0	398.0	398.0	398.0	398.0	398.0	398.0	398.0	398.0	398.0	398.0	398.0	398.0	398.0	398.0	398.0	398.0	398.0	398.0	398.0	398.0	398.0	398.0	398.0	398.0	398.0	398.0	398.0	398.0	398.0	398.0	398.0	398.0	398.0	398.0
338_TASK07_CON48_8.0_pos	pos	8.0	398.0	398.0	398.0	398.0	398.0	398.0	398.0	398.0	398.0	398.0	398.0	398.0	398.0	398.0	398.0	398.0	398.0	398.0	398.0	398.0	398.0	398.0	398.0	398.0	398.0	398.0	398.0	398.0	398.0	398.0	398.0	398.0	398.0	398.0	398.0	398.0	398.0	398.0	398.0	398.0	398.0	398.0	398.0	398.0	398.0	398.0	398.0
338_TASK07_CON48_9.0_posneg	posneg	9.0	13.0	13.0	13.0	13.0	13.0	13.0	13.0	13.0	13.0	13.0	13.0	13.0	13.0	13.0	13.0	13.0	13.0	13.0	13.0	13.0	13.0	13.0	13.0	13.0	13.0	13.0	13.0	13.0	13.0	13.0	13.0	13.0	13.0	13.0	13.0	13.0	13.0	13.0	13.0	13.0	13.0	13.0	13.0	13.0	13.0	13.0	13.0
338_TASK07_CON48_9.0_pos	pos	9.0	13.0	13.0	13.0	13.0	13.0	13.0	13.0	13.0	13.0	13.0	13.0	13.0	13.0	13.0	13.0	13.0	13.0	13.0	13.0	13.0	13.0	13.0	13.0	13.0	13.0	13.0	13.0	13.0	13.0	13.0	13.0	13.0	13.0	13.0	13.0	13.0	13.0	13.0	13.0	13.0	13.0	13.0	13.0	13.0	13.0	13.0	13.0
338_TASK07_CON48_10.0_posneg	posneg	10.0	0.0	0.0	0.0	0.0	0.0	0.0	0.0	0.0	0.0	0.0	0.0	0.0	0.0	0.0	0.0	0.0	0.0	0.0	0.0	0.0	0.0	0.0	0.0	0.0	0.0	0.0	0.0	0.0	0.0	0.0	0.0	0.0	0.0	0.0	0.0	0.0	0.0	0.0	0.0	0.0	0.0	0.0	0.0	0.0	0.0	0.0	0.0
338_TASK07_CON48_10.0_pos	pos	10.0	0.0	0.0	0.0	0.0	0.0	0.0	0.0	0.0	0.0	0.0	0.0	0.0	0.0	0.0	0.0	0.0	0.0	0.0	0.0	0.0	0.0	0.0	0.0	0.0	0.0	0.0	0.0	0.0	0.0	0.0	0.0	0.0	0.0	0.0	0.0	0.0	0.0	0.0	0.0	0.0	0.0	0.0	0.0	0.0	0.0	0.0	0.0
338_TASK07_CON48_11.0_posneg	posneg	11.0	0.0	0.0	0.0	0.0	0.0	0.0	0.0	0.0	0.0	0.0	0.0	0.0	0.0	0.0	0.0	0.0	0.0	0.0	0.0	0.0	0.0	0.0	0.0	0.0	0.0	0.0	0.0	0.0	0.0	0.0	0.0	0.0	0.0	0.0	0.0	0.0	0.0	0.0	0.0	0.0	0.0	0.0	0.0	0.0	0.0	0.0	0.0
338_TASK07_CON48_11.0_pos	pos	11.0	0.0	0.0	0.0	0.0	0.0	0.0	0.0	0.0	0.0	0.0	0.0	0.0	0.0	0.0	0.0	0.0	0.0	0.0	0.0	0.0	0.0	0.0	0.0	0.0	0.0	0.0	0.0	0.0	0.0	0.0	0.0	0.0	0.0	0.0	0.0	0.0	0.0	0.0	0.0	0.0	0.0	0.0	0.0	0.0	0.0	0.0	0.0
338_TASK07_CON48_12.0_posneg	posneg	12.0	0.0	0.0	0.0	0.0	0.0	0.0	0.0	0.0	0.0	0.0	0.0	0.0	0.0	0.0	0.0	0.0	0.0	0.0	0.0	0.0	0.0	0.0	0.0	0.0	0.0	0.0	0.0	0.0	0.0	0.0	0.0	0.0	0.0	0.0	0.0	0.0	0.0	0.0	0.0	0.0	0.0	0.0	0.0	0.0	0.0	0.0	0.0
338_TASK07_CON48_12.0_pos	pos	12.0	0.0	0.0	0.0	0.0	0.0	0.0	0.0	0.0	0.0	0.0	0.0	0.0	0.0	0.0	0.0	0.0	0.0	0.0	0.0	0.0	0.0	0.0	0.0	0.0	0.0	0.0	0.0	0.0	0.0	0.0	0.0	0.0	0.0	0.0	0.0	0.0	0.0	0.0	0.0	0.0	0.0	0.0	0.0	0.0	0.0	0.0	0.0
338_TASK07_CON48_13.0_posneg	posneg	13.0	0.0	0.0	0.0	0.0	0.0	0.0	0.0	0.0	0.0	0.0	0.0	0.0	0.0	0.0	0.0	0.0	0.0	0.0	0.0	0.0	0.0	0.0	0.0	0.0	0.0	0.0	0.0	0.0	0.0	0.0	0.0	0.0	0.0	0.0	0.0	0.0	0.0	0.0	0.0	0.0	0.0	0.0	0.0	0.0	0.0	0.0	0.0
338_TASK07_CON48_13.0_pos	pos	13.0	0.0	0.0	0.0	0.0	0.0	0.0	0.0	0.0	0.0	0.0	0.0	0.0	0.0	0.0	0.0	0.0	0.0	0.0	0.0	0.0	0.0	0.0	0.0	0.0	0.0	0.0	0.0	0.0	0.0	0.0	0.0	0.0	0.0	0.0	0.0	0.0	0.0	0.0	0.0	0.0	0.0	0.0	0.0	0.0	0.0	0.0	0.0
338_TASK07_CON49_0.0_posneg	posneg	0.0	228191.0	228191.0	228191.0	228191.0	228191.0	228191.0	228191.0	228191.0	228191.0	228191.0	228191.0	228191.0	228191.0	228191.0	228191.0	228191.0	228191.0	228191.0	228191.0	228191.0	228191.0	228191.0	228191.0	228191.0	228191.0	228191.0	228191.0	228191.0	228191.0	228191.0	228191.0	228191.0	228191.0	228191.0	228191.0	228191.0	228191.0	228191.0	228191.0	228191.0	228191.0	228191.0	228191.0	228191.0	228191.0	228191.0	228191.0
338_TASK07_CON49_0.0_pos	pos	0.0	143372.0	143372.0	143372.0	143372.0	143372.0	143372.0	143372.0	143372.0	143372.0	143372.0	143372.0	143372.0	143372.0	143372.0	143372.0	143372.0	143372.0	143372.0	143372.0	143372.0	143372.0	143372.0	143372.0	143372.0	143372.0	143372.0	143372.0	143372.0	143372.0	143372.0	143372.0	143372.0	143372.0	143372.0	143372.0	143372.0	143372.0	143372.0	143372.0	143372.0	143372.0	143372.0	143372.0	143372.0	143372.0	143372.0	143372.0
338_TASK07_CON49_1.0_posneg	posneg	1.0	115002.0	115002.0	115002.0	115002.0	115002.0	115002.0	115002.0	115002.0	115002.0	115002.0	115002.0	115002.0	115002.0	115002.0	115002.0	115002.0	115002.0	115002.0	115002.0	115002.0	115002.0	115002.0	115002.0	115002.0	115002.0	115002.0	115002.0	115002.0	115002.0	115002.0	115002.0	115002.0	115002.0	115002.0	115002.0	115002.0	115002.0	115002.0	115002.0	115002.0	115002.0	115002.0	115002.0	115002.0	115002.0	115002.0	115002.0
338_TASK07_CON49_1.0_pos	pos	1.0	78636.0	78636.0	78636.0	78636.0	78636.0	78636.0	78636.0	78636.0	78636.0	78636.0	78636.0	78636.0	78636.0	78636.0	78636.0	78636.0	78636.0	78636.0	78636.0	78636.0	78636.0	78636.0	78636.0	78636.0	78636.0	78636.0	78636.0	78636.0	78636.0	78636.0	78636.0	78636.0	78636.0	78636.0	78636.0	78636.0	78636.0	78636.0	78636.0	78636.0	78636.0	78636.0	78636.0	78636.0	78636.0	78636.0	78636.0
338_TASK07_CON49_2.0_posneg	posneg	2.0	44009.0	44009.0	44009.0	44009.0	44009.0	44009.0	44009.0	44009.0	44009.0	44009.0	44009.0	44009.0	44009.0	44009.0	44009.0	44009.0	44009.0	44009.0	44009.0	44009.0	44009.0	44009.0	44009.0	44009.0	44009.0	44009.0	44009.0	44009.0	44009.0	44009.0	44009.0	44009.0	44009.0	44009.0	44009.0	44009.0	44009.0	44009.0	44009.0	44009.0	44009.0	44009.0	44009.0	44009.0	44009.0	44009.0	44009.0
338_TASK07_CON49_2.0_pos	pos	2.0	29247.0	29247.0	29247.0	29247.0	29247.0	29247.0	29247.0	29247.0	29247.0	29247.0	29247.0	29247.0	29247.0	29247.0	29247.0	29247.0	29247.0	29247.0	29247.0	29247.0	29247.0	29247.0	29247.0	29247.0	29247.0	29247.0	29247.0	29247.0	29247.0	29247.0	29247.0	29247.0	29247.0	29247.0	29247.0	29247.0	29247.0	29247.0	29247.0	29247.0	29247.0	29247.0	29247.0	29247.0	29247.0	29247.0	29247.0
338_TASK07_CON49_3.0_posneg	posneg	3.0	15601.0	15601.0	15601.0	15601.0	15601.0	15601.0	15601.0	15601.0	15601.0	15601.0	15601.0	15601.0	15601.0	15601.0	15601.0	15601.0	15601.0	15601.0	15601.0	15601.0	15601.0	15601.0	15601.0	15601.0	15601.0	15601.0	15601.0	15601.0	15601.0	15601.0	15601.0	15601.0	15601.0	15601.0	15601.0	15601.0	15601.0	15601.0	15601.0	15601.0	15601.0	15601.0	15601.0	15601.0	15601.0	15601.0	15601.0
338_TASK07_CON49_3.0_pos	pos	3.0	8170.0	8170.0	8170.0	8170.0	8170.0	8170.0	8170.0	8170.0	8170.0	8170.0	8170.0	8170.0	8170.0	8170.0	8170.0	8170.0	8170.0	8170.0	8170.0	8170.0	8170.0	8170.0	8170.0	8170.0	8170.0	8170.0	8170.0	8170.0	8170.0	8170.0	8170.0	8170.0	8170.0	8170.0	8170.0	8170.0	8170.0	8170.0	8170.0	8170.0	8170.0	8170.0	8170.0	8170.0	8170.0	8170.0	8170.0
338_TASK07_CON49_4.0_posneg	posneg	4.0	6424.0	6424.0	6424.0	6424.0	6424.0	6424.0	6424.0	6424.0	6424.0	6424.0	6424.0	6424.0	6424.0	6424.0	6424.0	6424.0	6424.0	6424.0	6424.0	6424.0	6424.0	6424.0	6424.0	6424.0	6424.0	6424.0	6424.0	6424.0	6424.0	6424.0	6424.0	6424.0	6424.0	6424.0	6424.0	6424.0	6424.0	6424.0	6424.0	6424.0	6424.0	6424.0	6424.0	6424.0	6424.0	6424.0	6424.0
338_TASK07_CON49_4.0_pos	pos	4.0	2425.0	2425.0	2425.0	2425.0	2425.0	2425.0	2425.0	2425.0	2425.0	2425.0	2425.0	2425.0	2425.0	2425.0	2425.0	2425.0	2425.0	2425.0	2425.0	2425.0	2425.0	2425.0	2425.0	2425.0	2425.0	2425.0	2425.0	2425.0	2425.0	2425.0	2425.0	2425.0	2425.0	2425.0	2425.0	2425.0	2425.0	2425.0	2425.0	2425.0	2425.0	2425.0	2425.0	2425.0	2425.0	2425.0	2425.0
338_TASK07_CON49_5.0_posneg	posneg	5.0	2631.0	2631.0	2631.0	2631.0	2631.0	2631.0	2631.0	2631.0	2631.0	2631.0	2631.0	2631.0	2631.0	2631.0	2631.0	2631.0	2631.0	2631.0	2631.0	2631.0	2631.0	2631.0	2631.0	2631.0	2631.0	2631.0	2631.0	2631.0	2631.0	2631.0	2631.0	2631.0	2631.0	2631.0	2631.0	2631.0	2631.0	2631.0	2631.0	2631.0	2631.0	2631.0	2631.0	2631.0	2631.0	2631.0	2631.0
338_TASK07_CON49_5.0_pos	pos	5.0	758.0	758.0	758.0	758.0	758.0	758.0	758.0	758.0	758.0	758.0	758.0	758.0	758.0	758.0	758.0	758.0	758.0	758.0	758.0	758.0	758.0	758.0	758.0	758.0	758.0	758.0	758.0	758.0	758.0	758.0	758.0	758.0	758.0	758.0	758.0	758.0	758.0	758.0	758.0	758.0	758.0	758.0	758.0	758.0	758.0	758.0	758.0
338_TASK07_CON49_6.0_posneg	posneg	6.0	671.0	671.0	671.0	671.0	671.0	671.0	671.0	671.0	671.0	671.0	671.0	671.0	671.0	671.0	671.0	671.0	671.0	671.0	671.0	671.0	671.0	671.0	671.0	671.0	671.0	671.0	671.0	671.0	671.0	671.0	671.0	671.0	671.0	671.0	671.0	671.0	671.0	671.0	671.0	671.0	671.0	671.0	671.0	671.0	671.0	671.0	671.0
338_TASK07_CON49_6.0_pos	pos	6.0	167.0	167.0	167.0	167.0	167.0	167.0	167.0	167.0	167.0	167.0	167.0	167.0	167.0	167.0	167.0	167.0	167.0	167.0	167.0	167.0	167.0	167.0	167.0	167.0	167.0	167.0	167.0	167.0	167.0	167.0	167.0	167.0	167.0	167.0	167.0	167.0	167.0	167.0	167.0	167.0	167.0	167.0	167.0	167.0	167.0	167.0	167.0
338_TASK07_CON49_7.0_posneg	posneg	7.0	56.0	56.0	56.0	56.0	56.0	56.0	56.0	56.0	56.0	56.0	56.0	56.0	56.0	56.0	56.0	56.0	56.0	56.0	56.0	56.0	56.0	56.0	56.0	56.0	56.0	56.0	56.0	56.0	56.0	56.0	56.0	56.0	56.0	56.0	56.0	56.0	56.0	56.0	56.0	56.0	56.0	56.0	56.0	56.0	56.0	56.0	56.0
338_TASK07_CON49_7.0_pos	pos	7.0	11.0	11.0	11.0	11.0	11.0	11.0	11.0	11.0	11.0	11.0	11.0	11.0	11.0	11.0	11.0	11.0	11.0	11.0	11.0	11.0	11.0	11.0	11.0	11.0	11.0	11.0	11.0	11.0	11.0	11.0	11.0	11.0	11.0	11.0	11.0	11.0	11.0	11.0	11.0	11.0	11.0	11.0	11.0	11.0	11.0	11.0	11.0
338_TASK07_CON49_8.0_posneg	posneg	8.0	0.0	0.0	0.0	0.0	0.0	0.0	0.0	0.0	0.0	0.0	0.0	0.0	0.0	0.0	0.0	0.0	0.0	0.0	0.0	0.0	0.0	0.0	0.0	0.0	0.0	0.0	0.0	0.0	0.0	0.0	0.0	0.0	0.0	0.0	0.0	0.0	0.0	0.0	0.0	0.0	0.0	0.0	0.0	0.0	0.0	0.0	0.0
338_TASK07_CON49_8.0_pos	pos	8.0	0.0	0.0	0.0	0.0	0.0	0.0	0.0	0.0	0.0	0.0	0.0	0.0	0.0	0.0	0.0	0.0	0.0	0.0	0.0	0.0	0.0	0.0	0.0	0.0	0.0	0.0	0.0	0.0	0.0	0.0	0.0	0.0	0.0	0.0	0.0	0.0	0.0	0.0	0.0	0.0	0.0	0.0	0.0	0.0	0.0	0.0	0.0
338_TASK07_CON49_9.0_posneg	posneg	9.0	0.0	0.0	0.0	0.0	0.0	0.0	0.0	0.0	0.0	0.0	0.0	0.0	0.0	0.0	0.0	0.0	0.0	0.0	0.0	0.0	0.0	0.0	0.0	0.0	0.0	0.0	0.0	0.0	0.0	0.0	0.0	0.0	0.0	0.0	0.0	0.0	0.0	0.0	0.0	0.0	0.0	0.0	0.0	0.0	0.0	0.0	0.0
338_TASK07_CON49_9.0_pos	pos	9.0	0.0	0.0	0.0	0.0	0.0	0.0	0.0	0.0	0.0	0.0	0.0	0.0	0.0	0.0	0.0	0.0	0.0	0.0	0.0	0.0	0.0	0.0	0.0	0.0	0.0	0.0	0.0	0.0	0.0	0.0	0.0	0.0	0.0	0.0	0.0	0.0	0.0	0.0	0.0	0.0	0.0	0.0	0.0	0.0	0.0	0.0	0.0
338_TASK07_CON49_10.0_posneg	posneg	10.0	0.0	0.0	0.0	0.0	0.0	0.0	0.0	0.0	0.0	0.0	0.0	0.0	0.0	0.0	0.0	0.0	0.0	0.0	0.0	0.0	0.0	0.0	0.0	0.0	0.0	0.0	0.0	0.0	0.0	0.0	0.0	0.0	0.0	0.0	0.0	0.0	0.0	0.0	0.0	0.0	0.0	0.0	0.0	0.0	0.0	0.0	0.0
338_TASK07_CON49_10.0_pos	pos	10.0	0.0	0.0	0.0	0.0	0.0	0.0	0.0	0.0	0.0	0.0	0.0	0.0	0.0	0.0	0.0	0.0	0.0	0.0	0.0	0.0	0.0	0.0	0.0	0.0	0.0	0.0	0.0	0.0	0.0	0.0	0.0	0.0	0.0	0.0	0.0	0.0	0.0	0.0	0.0	0.0	0.0	0.0	0.0	0.0	0.0	0.0	0.0
338_TASK07_CON49_11.0_posneg	posneg	11.0	0.0	0.0	0.0	0.0	0.0	0.0	0.0	0.0	0.0	0.0	0.0	0.0	0.0	0.0	0.0	0.0	0.0	0.0	0.0	0.0	0.0	0.0	0.0	0.0	0.0	0.0	0.0	0.0	0.0	0.0	0.0	0.0	0.0	0.0	0.0	0.0	0.0	0.0	0.0	0.0	0.0	0.0	0.0	0.0	0.0	0.0	0.0
338_TASK07_CON49_11.0_pos	pos	11.0	0.0	0.0	0.0	0.0	0.0	0.0	0.0	0.0	0.0	0.0	0.0	0.0	0.0	0.0	0.0	0.0	0.0	0.0	0.0	0.0	0.0	0.0	0.0	0.0	0.0	0.0	0.0	0.0	0.0	0.0	0.0	0.0	0.0	0.0	0.0	0.0	0.0	0.0	0.0	0.0	0.0	0.0	0.0	0.0	0.0	0.0	0.0
338_TASK07_CON49_12.0_posneg	posneg	12.0	0.0	0.0	0.0	0.0	0.0	0.0	0.0	0.0	0.0	0.0	0.0	0.0	0.0	0.0	0.0	0.0	0.0	0.0	0.0	0.0	0.0	0.0	0.0	0.0	0.0	0.0	0.0	0.0	0.0	0.0	0.0	0.0	0.0	0.0	0.0	0.0	0.0	0.0	0.0	0.0	0.0	0.0	0.0	0.0	0.0	0.0	0.0
338_TASK07_CON49_12.0_pos	pos	12.0	0.0	0.0	0.0	0.0	0.0	0.0	0.0	0.0	0.0	0.0	0.0	0.0	0.0	0.0	0.0	0.0	0.0	0.0	0.0	0.0	0.0	0.0	0.0	0.0	0.0	0.0	0.0	0.0	0.0	0.0	0.0	0.0	0.0	0.0	0.0	0.0	0.0	0.0	0.0	0.0	0.0	0.0	0.0	0.0	0.0	0.0	0.0
338_TASK07_CON49_13.0_posneg	posneg	13.0	0.0	0.0	0.0	0.0	0.0	0.0	0.0	0.0	0.0	0.0	0.0	0.0	0.0	0.0	0.0	0.0	0.0	0.0	0.0	0.0	0.0	0.0	0.0	0.0	0.0	0.0	0.0	0.0	0.0	0.0	0.0	0.0	0.0	0.0	0.0	0.0	0.0	0.0	0.0	0.0	0.0	0.0	0.0	0.0	0.0	0.0	0.0
338_TASK07_CON49_13.0_pos	pos	13.0	0.0	0.0	0.0	0.0	0.0	0.0	0.0	0.0	0.0	0.0	0.0	0.0	0.0	0.0	0.0	0.0	0.0	0.0	0.0	0.0	0.0	0.0	0.0	0.0	0.0	0.0	0.0	0.0	0.0	0.0	0.0	0.0	0.0	0.0	0.0	0.0	0.0	0.0	0.0	0.0	0.0	0.0	0.0	0.0	0.0	0.0	0.0
338_TASK07_CON50_0.0_posneg	posneg	0.0	228191.0	228191.0	228191.0	228191.0	228191.0	228191.0	228191.0	228191.0	228191.0	228191.0	228191.0	228191.0	228191.0	228191.0	228191.0	228191.0	228191.0	228191.0	228191.0	228191.0	228191.0	228191.0	228191.0	228191.0	228191.0	228191.0	228191.0	228191.0	228191.0	228191.0	228191.0	228191.0	228191.0	228191.0	228191.0	228191.0	228191.0	228191.0	228191.0	228191.0	228191.0	228191.0	228191.0	228191.0	228191.0	228191.0	228191.0
338_TASK07_CON50_0.0_pos	pos	0.0	117809.0	117809.0	117809.0	117809.0	117809.0	117809.0	117809.0	117809.0	117809.0	117809.0	117809.0	117809.0	117809.0	117809.0	117809.0	117809.0	117809.0	117809.0	117809.0	117809.0	117809.0	117809.0	117809.0	117809.0	117809.0	117809.0	117809.0	117809.0	117809.0	117809.0	117809.0	117809.0	117809.0	117809.0	117809.0	117809.0	117809.0	117809.0	117809.0	117809.0	117809.0	117809.0	117809.0	117809.0	117809.0	117809.0	117809.0
338_TASK07_CON50_1.0_posneg	posneg	1.0	107541.0	107541.0	107541.0	107541.0	107541.0	107541.0	107541.0	107541.0	107541.0	107541.0	107541.0	107541.0	107541.0	107541.0	107541.0	107541.0	107541.0	107541.0	107541.0	107541.0	107541.0	107541.0	107541.0	107541.0	107541.0	107541.0	107541.0	107541.0	107541.0	107541.0	107541.0	107541.0	107541.0	107541.0	107541.0	107541.0	107541.0	107541.0	107541.0	107541.0	107541.0	107541.0	107541.0	107541.0	107541.0	107541.0	107541.0
338_TASK07_CON50_1.0_pos	pos	1.0	52063.0	52063.0	52063.0	52063.0	52063.0	52063.0	52063.0	52063.0	52063.0	52063.0	52063.0	52063.0	52063.0	52063.0	52063.0	52063.0	52063.0	52063.0	52063.0	52063.0	52063.0	52063.0	52063.0	52063.0	52063.0	52063.0	52063.0	52063.0	52063.0	52063.0	52063.0	52063.0	52063.0	52063.0	52063.0	52063.0	52063.0	52063.0	52063.0	52063.0	52063.0	52063.0	52063.0	52063.0	52063.0	52063.0	52063.0
338_TASK07_CON50_2.0_posneg	posneg	2.0	42442.0	42442.0	42442.0	42442.0	42442.0	42442.0	42442.0	42442.0	42442.0	42442.0	42442.0	42442.0	42442.0	42442.0	42442.0	42442.0	42442.0	42442.0	42442.0	42442.0	42442.0	42442.0	42442.0	42442.0	42442.0	42442.0	42442.0	42442.0	42442.0	42442.0	42442.0	42442.0	42442.0	42442.0	42442.0	42442.0	42442.0	42442.0	42442.0	42442.0	42442.0	42442.0	42442.0	42442.0	42442.0	42442.0	42442.0
338_TASK07_CON50_2.0_pos	pos	2.0	13455.0	13455.0	13455.0	13455.0	13455.0	13455.0	13455.0	13455.0	13455.0	13455.0	13455.0	13455.0	13455.0	13455.0	13455.0	13455.0	13455.0	13455.0	13455.0	13455.0	13455.0	13455.0	13455.0	13455.0	13455.0	13455.0	13455.0	13455.0	13455.0	13455.0	13455.0	13455.0	13455.0	13455.0	13455.0	13455.0	13455.0	13455.0	13455.0	13455.0	13455.0	13455.0	13455.0	13455.0	13455.0	13455.0	13455.0
338_TASK07_CON50_3.0_posneg	posneg	3.0	21186.0	21186.0	21186.0	21186.0	21186.0	21186.0	21186.0	21186.0	21186.0	21186.0	21186.0	21186.0	21186.0	21186.0	21186.0	21186.0	21186.0	21186.0	21186.0	21186.0	21186.0	21186.0	21186.0	21186.0	21186.0	21186.0	21186.0	21186.0	21186.0	21186.0	21186.0	21186.0	21186.0	21186.0	21186.0	21186.0	21186.0	21186.0	21186.0	21186.0	21186.0	21186.0	21186.0	21186.0	21186.0	21186.0	21186.0
338_TASK07_CON50_3.0_pos	pos	3.0	2839.0	2839.0	2839.0	2839.0	2839.0	2839.0	2839.0	2839.0	2839.0	2839.0	2839.0	2839.0	2839.0	2839.0	2839.0	2839.0	2839.0	2839.0	2839.0	2839.0	2839.0	2839.0	2839.0	2839.0	2839.0	2839.0	2839.0	2839.0	2839.0	2839.0	2839.0	2839.0	2839.0	2839.0	2839.0	2839.0	2839.0	2839.0	2839.0	2839.0	2839.0	2839.0	2839.0	2839.0	2839.0	2839.0	2839.0
338_TASK07_CON50_4.0_posneg	posneg	4.0	12339.0	12339.0	12339.0	12339.0	12339.0	12339.0	12339.0	12339.0	12339.0	12339.0	12339.0	12339.0	12339.0	12339.0	12339.0	12339.0	12339.0	12339.0	12339.0	12339.0	12339.0	12339.0	12339.0	12339.0	12339.0	12339.0	12339.0	12339.0	12339.0	12339.0	12339.0	12339.0	12339.0	12339.0	12339.0	12339.0	12339.0	12339.0	12339.0	12339.0	12339.0	12339.0	12339.0	12339.0	12339.0	12339.0	12339.0
338_TASK07_CON50_4.0_pos	pos	4.0	745.0	745.0	745.0	745.0	745.0	745.0	745.0	745.0	745.0	745.0	745.0	745.0	745.0	745.0	745.0	745.0	745.0	745.0	745.0	745.0	745.0	745.0	745.0	745.0	745.0	745.0	745.0	745.0	745.0	745.0	745.0	745.0	745.0	745.0	745.0	745.0	745.0	745.0	745.0	745.0	745.0	745.0	745.0	745.0	745.0	745.0	745.0
338_TASK07_CON50_5.0_posneg	posneg	5.0	6417.0	6417.0	6417.0	6417.0	6417.0	6417.0	6417.0	6417.0	6417.0	6417.0	6417.0	6417.0	6417.0	6417.0	6417.0	6417.0	6417.0	6417.0	6417.0	6417.0	6417.0	6417.0	6417.0	6417.0	6417.0	6417.0	6417.0	6417.0	6417.0	6417.0	6417.0	6417.0	6417.0	6417.0	6417.0	6417.0	6417.0	6417.0	6417.0	6417.0	6417.0	6417.0	6417.0	6417.0	6417.0	6417.0	6417.0
338_TASK07_CON50_5.0_pos	pos	5.0	153.0	153.0	153.0	153.0	153.0	153.0	153.0	153.0	153.0	153.0	153.0	153.0	153.0	153.0	153.0	153.0	153.0	153.0	153.0	153.0	153.0	153.0	153.0	153.0	153.0	153.0	153.0	153.0	153.0	153.0	153.0	153.0	153.0	153.0	153.0	153.0	153.0	153.0	153.0	153.0	153.0	153.0	153.0	153.0	153.0	153.0	153.0
338_TASK07_CON50_6.0_posneg	posneg	6.0	2706.0	2706.0	2706.0	2706.0	2706.0	2706.0	2706.0	2706.0	2706.0	2706.0	2706.0	2706.0	2706.0	2706.0	2706.0	2706.0	2706.0	2706.0	2706.0	2706.0	2706.0	2706.0	2706.0	2706.0	2706.0	2706.0	2706.0	2706.0	2706.0	2706.0	2706.0	2706.0	2706.0	2706.0	2706.0	2706.0	2706.0	2706.0	2706.0	2706.0	2706.0	2706.0	2706.0	2706.0	2706.0	2706.0	2706.0
338_TASK07_CON50_6.0_pos	pos	6.0	20.0	20.0	20.0	20.0	20.0	20.0	20.0	20.0	20.0	20.0	20.0	20.0	20.0	20.0	20.0	20.0	20.0	20.0	20.0	20.0	20.0	20.0	20.0	20.0	20.0	20.0	20.0	20.0	20.0	20.0	20.0	20.0	20.0	20.0	20.0	20.0	20.0	20.0	20.0	20.0	20.0	20.0	20.0	20.0	20.0	20.0	20.0
338_TASK07_CON50_7.0_posneg	posneg	7.0	779.0	779.0	779.0	779.0	779.0	779.0	779.0	779.0	779.0	779.0	779.0	779.0	779.0	779.0	779.0	779.0	779.0	779.0	779.0	779.0	779.0	779.0	779.0	779.0	779.0	779.0	779.0	779.0	779.0	779.0	779.0	779.0	779.0	779.0	779.0	779.0	779.0	779.0	779.0	779.0	779.0	779.0	779.0	779.0	779.0	779.0	779.0
338_TASK07_CON50_7.0_pos	pos	7.0	0.0	0.0	0.0	0.0	0.0	0.0	0.0	0.0	0.0	0.0	0.0	0.0	0.0	0.0	0.0	0.0	0.0	0.0	0.0	0.0	0.0	0.0	0.0	0.0	0.0	0.0	0.0	0.0	0.0	0.0	0.0	0.0	0.0	0.0	0.0	0.0	0.0	0.0	0.0	0.0	0.0	0.0	0.0	0.0	0.0	0.0	0.0
338_TASK07_CON50_8.0_posneg	posneg	8.0	110.0	110.0	110.0	110.0	110.0	110.0	110.0	110.0	110.0	110.0	110.0	110.0	110.0	110.0	110.0	110.0	110.0	110.0	110.0	110.0	110.0	110.0	110.0	110.0	110.0	110.0	110.0	110.0	110.0	110.0	110.0	110.0	110.0	110.0	110.0	110.0	110.0	110.0	110.0	110.0	110.0	110.0	110.0	110.0	110.0	110.0	110.0
338_TASK07_CON50_8.0_pos	pos	8.0	0.0	0.0	0.0	0.0	0.0	0.0	0.0	0.0	0.0	0.0	0.0	0.0	0.0	0.0	0.0	0.0	0.0	0.0	0.0	0.0	0.0	0.0	0.0	0.0	0.0	0.0	0.0	0.0	0.0	0.0	0.0	0.0	0.0	0.0	0.0	0.0	0.0	0.0	0.0	0.0	0.0	0.0	0.0	0.0	0.0	0.0	0.0
338_TASK07_CON50_9.0_posneg	posneg	9.0	11.0	11.0	11.0	11.0	11.0	11.0	11.0	11.0	11.0	11.0	11.0	11.0	11.0	11.0	11.0	11.0	11.0	11.0	11.0	11.0	11.0	11.0	11.0	11.0	11.0	11.0	11.0	11.0	11.0	11.0	11.0	11.0	11.0	11.0	11.0	11.0	11.0	11.0	11.0	11.0	11.0	11.0	11.0	11.0	11.0	11.0	11.0
338_TASK07_CON50_9.0_pos	pos	9.0	0.0	0.0	0.0	0.0	0.0	0.0	0.0	0.0	0.0	0.0	0.0	0.0	0.0	0.0	0.0	0.0	0.0	0.0	0.0	0.0	0.0	0.0	0.0	0.0	0.0	0.0	0.0	0.0	0.0	0.0	0.0	0.0	0.0	0.0	0.0	0.0	0.0	0.0	0.0	0.0	0.0	0.0	0.0	0.0	0.0	0.0	0.0
338_TASK07_CON50_10.0_posneg	posneg	10.0	0.0	0.0	0.0	0.0	0.0	0.0	0.0	0.0	0.0	0.0	0.0	0.0	0.0	0.0	0.0	0.0	0.0	0.0	0.0	0.0	0.0	0.0	0.0	0.0	0.0	0.0	0.0	0.0	0.0	0.0	0.0	0.0	0.0	0.0	0.0	0.0	0.0	0.0	0.0	0.0	0.0	0.0	0.0	0.0	0.0	0.0	0.0
338_TASK07_CON50_10.0_pos	pos	10.0	0.0	0.0	0.0	0.0	0.0	0.0	0.0	0.0	0.0	0.0	0.0	0.0	0.0	0.0	0.0	0.0	0.0	0.0	0.0	0.0	0.0	0.0	0.0	0.0	0.0	0.0	0.0	0.0	0.0	0.0	0.0	0.0	0.0	0.0	0.0	0.0	0.0	0.0	0.0	0.0	0.0	0.0	0.0	0.0	0.0	0.0	0.0
338_TASK07_CON50_11.0_posneg	posneg	11.0	0.0	0.0	0.0	0.0	0.0	0.0	0.0	0.0	0.0	0.0	0.0	0.0	0.0	0.0	0.0	0.0	0.0	0.0	0.0	0.0	0.0	0.0	0.0	0.0	0.0	0.0	0.0	0.0	0.0	0.0	0.0	0.0	0.0	0.0	0.0	0.0	0.0	0.0	0.0	0.0	0.0	0.0	0.0	0.0	0.0	0.0	0.0
338_TASK07_CON50_11.0_pos	pos	11.0	0.0	0.0	0.0	0.0	0.0	0.0	0.0	0.0	0.0	0.0	0.0	0.0	0.0	0.0	0.0	0.0	0.0	0.0	0.0	0.0	0.0	0.0	0.0	0.0	0.0	0.0	0.0	0.0	0.0	0.0	0.0	0.0	0.0	0.0	0.0	0.0	0.0	0.0	0.0	0.0	0.0	0.0	0.0	0.0	0.0	0.0	0.0
338_TASK07_CON50_12.0_posneg	posneg	12.0	0.0	0.0	0.0	0.0	0.0	0.0	0.0	0.0	0.0	0.0	0.0	0.0	0.0	0.0	0.0	0.0	0.0	0.0	0.0	0.0	0.0	0.0	0.0	0.0	0.0	0.0	0.0	0.0	0.0	0.0	0.0	0.0	0.0	0.0	0.0	0.0	0.0	0.0	0.0	0.0	0.0	0.0	0.0	0.0	0.0	0.0	0.0
338_TASK07_CON50_12.0_pos	pos	12.0	0.0	0.0	0.0	0.0	0.0	0.0	0.0	0.0	0.0	0.0	0.0	0.0	0.0	0.0	0.0	0.0	0.0	0.0	0.0	0.0	0.0	0.0	0.0	0.0	0.0	0.0	0.0	0.0	0.0	0.0	0.0	0.0	0.0	0.0	0.0	0.0	0.0	0.0	0.0	0.0	0.0	0.0	0.0	0.0	0.0	0.0	0.0
338_TASK07_CON50_13.0_posneg	posneg	13.0	0.0	0.0	0.0	0.0	0.0	0.0	0.0	0.0	0.0	0.0	0.0	0.0	0.0	0.0	0.0	0.0	0.0	0.0	0.0	0.0	0.0	0.0	0.0	0.0	0.0	0.0	0.0	0.0	0.0	0.0	0.0	0.0	0.0	0.0	0.0	0.0	0.0	0.0	0.0	0.0	0.0	0.0	0.0	0.0	0.0	0.0	0.0
338_TASK07_CON50_13.0_pos	pos	13.0	0.0	0.0	0.0	0.0	0.0	0.0	0.0	0.0	0.0	0.0	0.0	0.0	0.0	0.0	0.0	0.0	0.0	0.0	0.0	0.0	0.0	0.0	0.0	0.0	0.0	0.0	0.0	0.0	0.0	0.0	0.0	0.0	0.0	0.0	0.0	0.0	0.0	0.0	0.0	0.0	0.0	0.0	0.0	0.0	0.0	0.0	0.0
338_TASK07_CON51_0.0_posneg	posneg	0.0	228191.0	228191.0	228191.0	228191.0	228191.0	228191.0	228191.0	228191.0	228191.0	228191.0	228191.0	228191.0	228191.0	228191.0	228191.0	228191.0	228191.0	228191.0	228191.0	228191.0	228191.0	228191.0	228191.0	228191.0	228191.0	228191.0	228191.0	228191.0	228191.0	228191.0	228191.0	228191.0	228191.0	228191.0	228191.0	228191.0	228191.0	228191.0	228191.0	228191.0	228191.0	228191.0	228191.0	228191.0	228191.0	228191.0	228191.0
338_TASK07_CON51_0.0_pos	pos	0.0	97701.0	97701.0	97701.0	97701.0	97701.0	97701.0	97701.0	97701.0	97701.0	97701.0	97701.0	97701.0	97701.0	97701.0	97701.0	97701.0	97701.0	97701.0	97701.0	97701.0	97701.0	97701.0	97701.0	97701.0	97701.0	97701.0	97701.0	97701.0	97701.0	97701.0	97701.0	97701.0	97701.0	97701.0	97701.0	97701.0	97701.0	97701.0	97701.0	97701.0	97701.0	97701.0	97701.0	97701.0	97701.0	97701.0	97701.0
338_TASK07_CON51_1.0_posneg	posneg	1.0	119313.0	119313.0	119313.0	119313.0	119313.0	119313.0	119313.0	119313.0	119313.0	119313.0	119313.0	119313.0	119313.0	119313.0	119313.0	119313.0	119313.0	119313.0	119313.0	119313.0	119313.0	119313.0	119313.0	119313.0	119313.0	119313.0	119313.0	119313.0	119313.0	119313.0	119313.0	119313.0	119313.0	119313.0	119313.0	119313.0	119313.0	119313.0	119313.0	119313.0	119313.0	119313.0	119313.0	119313.0	119313.0	119313.0	119313.0
338_TASK07_CON51_1.0_pos	pos	1.0	49868.0	49868.0	49868.0	49868.0	49868.0	49868.0	49868.0	49868.0	49868.0	49868.0	49868.0	49868.0	49868.0	49868.0	49868.0	49868.0	49868.0	49868.0	49868.0	49868.0	49868.0	49868.0	49868.0	49868.0	49868.0	49868.0	49868.0	49868.0	49868.0	49868.0	49868.0	49868.0	49868.0	49868.0	49868.0	49868.0	49868.0	49868.0	49868.0	49868.0	49868.0	49868.0	49868.0	49868.0	49868.0	49868.0	49868.0
338_TASK07_CON51_2.0_posneg	posneg	2.0	49721.0	49721.0	49721.0	49721.0	49721.0	49721.0	49721.0	49721.0	49721.0	49721.0	49721.0	49721.0	49721.0	49721.0	49721.0	49721.0	49721.0	49721.0	49721.0	49721.0	49721.0	49721.0	49721.0	49721.0	49721.0	49721.0	49721.0	49721.0	49721.0	49721.0	49721.0	49721.0	49721.0	49721.0	49721.0	49721.0	49721.0	49721.0	49721.0	49721.0	49721.0	49721.0	49721.0	49721.0	49721.0	49721.0	49721.0
338_TASK07_CON51_2.0_pos	pos	2.0	25234.0	25234.0	25234.0	25234.0	25234.0	25234.0	25234.0	25234.0	25234.0	25234.0	25234.0	25234.0	25234.0	25234.0	25234.0	25234.0	25234.0	25234.0	25234.0	25234.0	25234.0	25234.0	25234.0	25234.0	25234.0	25234.0	25234.0	25234.0	25234.0	25234.0	25234.0	25234.0	25234.0	25234.0	25234.0	25234.0	25234.0	25234.0	25234.0	25234.0	25234.0	25234.0	25234.0	25234.0	25234.0	25234.0	25234.0
338_TASK07_CON51_3.0_posneg	posneg	3.0	20932.0	20932.0	20932.0	20932.0	20932.0	20932.0	20932.0	20932.0	20932.0	20932.0	20932.0	20932.0	20932.0	20932.0	20932.0	20932.0	20932.0	20932.0	20932.0	20932.0	20932.0	20932.0	20932.0	20932.0	20932.0	20932.0	20932.0	20932.0	20932.0	20932.0	20932.0	20932.0	20932.0	20932.0	20932.0	20932.0	20932.0	20932.0	20932.0	20932.0	20932.0	20932.0	20932.0	20932.0	20932.0	20932.0	20932.0
338_TASK07_CON51_3.0_pos	pos	3.0	14282.0	14282.0	14282.0	14282.0	14282.0	14282.0	14282.0	14282.0	14282.0	14282.0	14282.0	14282.0	14282.0	14282.0	14282.0	14282.0	14282.0	14282.0	14282.0	14282.0	14282.0	14282.0	14282.0	14282.0	14282.0	14282.0	14282.0	14282.0	14282.0	14282.0	14282.0	14282.0	14282.0	14282.0	14282.0	14282.0	14282.0	14282.0	14282.0	14282.0	14282.0	14282.0	14282.0	14282.0	14282.0	14282.0	14282.0
338_TASK07_CON51_4.0_posneg	posneg	4.0	10843.0	10843.0	10843.0	10843.0	10843.0	10843.0	10843.0	10843.0	10843.0	10843.0	10843.0	10843.0	10843.0	10843.0	10843.0	10843.0	10843.0	10843.0	10843.0	10843.0	10843.0	10843.0	10843.0	10843.0	10843.0	10843.0	10843.0	10843.0	10843.0	10843.0	10843.0	10843.0	10843.0	10843.0	10843.0	10843.0	10843.0	10843.0	10843.0	10843.0	10843.0	10843.0	10843.0	10843.0	10843.0	10843.0	10843.0
338_TASK07_CON51_4.0_pos	pos	4.0	8966.0	8966.0	8966.0	8966.0	8966.0	8966.0	8966.0	8966.0	8966.0	8966.0	8966.0	8966.0	8966.0	8966.0	8966.0	8966.0	8966.0	8966.0	8966.0	8966.0	8966.0	8966.0	8966.0	8966.0	8966.0	8966.0	8966.0	8966.0	8966.0	8966.0	8966.0	8966.0	8966.0	8966.0	8966.0	8966.0	8966.0	8966.0	8966.0	8966.0	8966.0	8966.0	8966.0	8966.0	8966.0	8966.0	8966.0
338_TASK07_CON51_5.0_posneg	posneg	5.0	5742.0	5742.0	5742.0	5742.0	5742.0	5742.0	5742.0	5742.0	5742.0	5742.0	5742.0	5742.0	5742.0	5742.0	5742.0	5742.0	5742.0	5742.0	5742.0	5742.0	5742.0	5742.0	5742.0	5742.0	5742.0	5742.0	5742.0	5742.0	5742.0	5742.0	5742.0	5742.0	5742.0	5742.0	5742.0	5742.0	5742.0	5742.0	5742.0	5742.0	5742.0	5742.0	5742.0	5742.0	5742.0	5742.0	5742.0
338_TASK07_CON51_5.0_pos	pos	5.0	5336.0	5336.0	5336.0	5336.0	5336.0	5336.0	5336.0	5336.0	5336.0	5336.0	5336.0	5336.0	5336.0	5336.0	5336.0	5336.0	5336.0	5336.0	5336.0	5336.0	5336.0	5336.0	5336.0	5336.0	5336.0	5336.0	5336.0	5336.0	5336.0	5336.0	5336.0	5336.0	5336.0	5336.0	5336.0	5336.0	5336.0	5336.0	5336.0	5336.0	5336.0	5336.0	5336.0	5336.0	5336.0	5336.0	5336.0
338_TASK07_CON51_6.0_posneg	posneg	6.0	2376.0	2376.0	2376.0	2376.0	2376.0	2376.0	2376.0	2376.0	2376.0	2376.0	2376.0	2376.0	2376.0	2376.0	2376.0	2376.0	2376.0	2376.0	2376.0	2376.0	2376.0	2376.0	2376.0	2376.0	2376.0	2376.0	2376.0	2376.0	2376.0	2376.0	2376.0	2376.0	2376.0	2376.0	2376.0	2376.0	2376.0	2376.0	2376.0	2376.0	2376.0	2376.0	2376.0	2376.0	2376.0	2376.0	2376.0
338_TASK07_CON51_6.0_pos	pos	6.0	2322.0	2322.0	2322.0	2322.0	2322.0	2322.0	2322.0	2322.0	2322.0	2322.0	2322.0	2322.0	2322.0	2322.0	2322.0	2322.0	2322.0	2322.0	2322.0	2322.0	2322.0	2322.0	2322.0	2322.0	2322.0	2322.0	2322.0	2322.0	2322.0	2322.0	2322.0	2322.0	2322.0	2322.0	2322.0	2322.0	2322.0	2322.0	2322.0	2322.0	2322.0	2322.0	2322.0	2322.0	2322.0	2322.0	2322.0
338_TASK07_CON51_7.0_posneg	posneg	7.0	532.0	532.0	532.0	532.0	532.0	532.0	532.0	532.0	532.0	532.0	532.0	532.0	532.0	532.0	532.0	532.0	532.0	532.0	532.0	532.0	532.0	532.0	532.0	532.0	532.0	532.0	532.0	532.0	532.0	532.0	532.0	532.0	532.0	532.0	532.0	532.0	532.0	532.0	532.0	532.0	532.0	532.0	532.0	532.0	532.0	532.0	532.0
338_TASK07_CON51_7.0_pos	pos	7.0	532.0	532.0	532.0	532.0	532.0	532.0	532.0	532.0	532.0	532.0	532.0	532.0	532.0	532.0	532.0	532.0	532.0	532.0	532.0	532.0	532.0	532.0	532.0	532.0	532.0	532.0	532.0	532.0	532.0	532.0	532.0	532.0	532.0	532.0	532.0	532.0	532.0	532.0	532.0	532.0	532.0	532.0	532.0	532.0	532.0	532.0	532.0
338_TASK07_CON51_8.0_posneg	posneg	8.0	69.0	69.0	69.0	69.0	69.0	69.0	69.0	69.0	69.0	69.0	69.0	69.0	69.0	69.0	69.0	69.0	69.0	69.0	69.0	69.0	69.0	69.0	69.0	69.0	69.0	69.0	69.0	69.0	69.0	69.0	69.0	69.0	69.0	69.0	69.0	69.0	69.0	69.0	69.0	69.0	69.0	69.0	69.0	69.0	69.0	69.0	69.0
338_TASK07_CON51_8.0_pos	pos	8.0	69.0	69.0	69.0	69.0	69.0	69.0	69.0	69.0	69.0	69.0	69.0	69.0	69.0	69.0	69.0	69.0	69.0	69.0	69.0	69.0	69.0	69.0	69.0	69.0	69.0	69.0	69.0	69.0	69.0	69.0	69.0	69.0	69.0	69.0	69.0	69.0	69.0	69.0	69.0	69.0	69.0	69.0	69.0	69.0	69.0	69.0	69.0
338_TASK07_CON51_9.0_posneg	posneg	9.0	2.0	2.0	2.0	2.0	2.0	2.0	2.0	2.0	2.0	2.0	2.0	2.0	2.0	2.0	2.0	2.0	2.0	2.0	2.0	2.0	2.0	2.0	2.0	2.0	2.0	2.0	2.0	2.0	2.0	2.0	2.0	2.0	2.0	2.0	2.0	2.0	2.0	2.0	2.0	2.0	2.0	2.0	2.0	2.0	2.0	2.0	2.0
338_TASK07_CON51_9.0_pos	pos	9.0	2.0	2.0	2.0	2.0	2.0	2.0	2.0	2.0	2.0	2.0	2.0	2.0	2.0	2.0	2.0	2.0	2.0	2.0	2.0	2.0	2.0	2.0	2.0	2.0	2.0	2.0	2.0	2.0	2.0	2.0	2.0	2.0	2.0	2.0	2.0	2.0	2.0	2.0	2.0	2.0	2.0	2.0	2.0	2.0	2.0	2.0	2.0
338_TASK07_CON51_10.0_posneg	posneg	10.0	0.0	0.0	0.0	0.0	0.0	0.0	0.0	0.0	0.0	0.0	0.0	0.0	0.0	0.0	0.0	0.0	0.0	0.0	0.0	0.0	0.0	0.0	0.0	0.0	0.0	0.0	0.0	0.0	0.0	0.0	0.0	0.0	0.0	0.0	0.0	0.0	0.0	0.0	0.0	0.0	0.0	0.0	0.0	0.0	0.0	0.0	0.0
338_TASK07_CON51_10.0_pos	pos	10.0	0.0	0.0	0.0	0.0	0.0	0.0	0.0	0.0	0.0	0.0	0.0	0.0	0.0	0.0	0.0	0.0	0.0	0.0	0.0	0.0	0.0	0.0	0.0	0.0	0.0	0.0	0.0	0.0	0.0	0.0	0.0	0.0	0.0	0.0	0.0	0.0	0.0	0.0	0.0	0.0	0.0	0.0	0.0	0.0	0.0	0.0	0.0
338_TASK07_CON51_11.0_posneg	posneg	11.0	0.0	0.0	0.0	0.0	0.0	0.0	0.0	0.0	0.0	0.0	0.0	0.0	0.0	0.0	0.0	0.0	0.0	0.0	0.0	0.0	0.0	0.0	0.0	0.0	0.0	0.0	0.0	0.0	0.0	0.0	0.0	0.0	0.0	0.0	0.0	0.0	0.0	0.0	0.0	0.0	0.0	0.0	0.0	0.0	0.0	0.0	0.0
338_TASK07_CON51_11.0_pos	pos	11.0	0.0	0.0	0.0	0.0	0.0	0.0	0.0	0.0	0.0	0.0	0.0	0.0	0.0	0.0	0.0	0.0	0.0	0.0	0.0	0.0	0.0	0.0	0.0	0.0	0.0	0.0	0.0	0.0	0.0	0.0	0.0	0.0	0.0	0.0	0.0	0.0	0.0	0.0	0.0	0.0	0.0	0.0	0.0	0.0	0.0	0.0	0.0
338_TASK07_CON51_12.0_posneg	posneg	12.0	0.0	0.0	0.0	0.0	0.0	0.0	0.0	0.0	0.0	0.0	0.0	0.0	0.0	0.0	0.0	0.0	0.0	0.0	0.0	0.0	0.0	0.0	0.0	0.0	0.0	0.0	0.0	0.0	0.0	0.0	0.0	0.0	0.0	0.0	0.0	0.0	0.0	0.0	0.0	0.0	0.0	0.0	0.0	0.0	0.0	0.0	0.0
338_TASK07_CON51_12.0_pos	pos	12.0	0.0	0.0	0.0	0.0	0.0	0.0	0.0	0.0	0.0	0.0	0.0	0.0	0.0	0.0	0.0	0.0	0.0	0.0	0.0	0.0	0.0	0.0	0.0	0.0	0.0	0.0	0.0	0.0	0.0	0.0	0.0	0.0	0.0	0.0	0.0	0.0	0.0	0.0	0.0	0.0	0.0	0.0	0.0	0.0	0.0	0.0	0.0
338_TASK07_CON51_13.0_posneg	posneg	13.0	0.0	0.0	0.0	0.0	0.0	0.0	0.0	0.0	0.0	0.0	0.0	0.0	0.0	0.0	0.0	0.0	0.0	0.0	0.0	0.0	0.0	0.0	0.0	0.0	0.0	0.0	0.0	0.0	0.0	0.0	0.0	0.0	0.0	0.0	0.0	0.0	0.0	0.0	0.0	0.0	0.0	0.0	0.0	0.0	0.0	0.0	0.0
338_TASK07_CON51_13.0_pos	pos	13.0	0.0	0.0	0.0	0.0	0.0	0.0	0.0	0.0	0.0	0.0	0.0	0.0	0.0	0.0	0.0	0.0	0.0	0.0	0.0	0.0	0.0	0.0	0.0	0.0	0.0	0.0	0.0	0.0	0.0	0.0	0.0	0.0	0.0	0.0	0.0	0.0	0.0	0.0	0.0	0.0	0.0	0.0	0.0	0.0	0.0	0.0	0.0
338_TASK07_CON52_0.0_posneg	posneg	0.0	228191.0	228191.0	228191.0	228191.0	228191.0	228191.0	228191.0	228191.0	228191.0	228191.0	228191.0	228191.0	228191.0	228191.0	228191.0	228191.0	228191.0	228191.0	228191.0	228191.0	228191.0	228191.0	228191.0	228191.0	228191.0	228191.0	228191.0	228191.0	228191.0	228191.0	228191.0	228191.0	228191.0	228191.0	228191.0	228191.0	228191.0	228191.0	228191.0	228191.0	228191.0	228191.0	228191.0	228191.0	228191.0	228191.0	228191.0
338_TASK07_CON52_0.0_pos	pos	0.0	74699.0	74699.0	74699.0	74699.0	74699.0	74699.0	74699.0	74699.0	74699.0	74699.0	74699.0	74699.0	74699.0	74699.0	74699.0	74699.0	74699.0	74699.0	74699.0	74699.0	74699.0	74699.0	74699.0	74699.0	74699.0	74699.0	74699.0	74699.0	74699.0	74699.0	74699.0	74699.0	74699.0	74699.0	74699.0	74699.0	74699.0	74699.0	74699.0	74699.0	74699.0	74699.0	74699.0	74699.0	74699.0	74699.0	74699.0
338_TASK07_CON52_1.0_posneg	posneg	1.0	116581.0	116581.0	116581.0	116581.0	116581.0	116581.0	116581.0	116581.0	116581.0	116581.0	116581.0	116581.0	116581.0	116581.0	116581.0	116581.0	116581.0	116581.0	116581.0	116581.0	116581.0	116581.0	116581.0	116581.0	116581.0	116581.0	116581.0	116581.0	116581.0	116581.0	116581.0	116581.0	116581.0	116581.0	116581.0	116581.0	116581.0	116581.0	116581.0	116581.0	116581.0	116581.0	116581.0	116581.0	116581.0	116581.0	116581.0
338_TASK07_CON52_1.0_pos	pos	1.0	29642.0	29642.0	29642.0	29642.0	29642.0	29642.0	29642.0	29642.0	29642.0	29642.0	29642.0	29642.0	29642.0	29642.0	29642.0	29642.0	29642.0	29642.0	29642.0	29642.0	29642.0	29642.0	29642.0	29642.0	29642.0	29642.0	29642.0	29642.0	29642.0	29642.0	29642.0	29642.0	29642.0	29642.0	29642.0	29642.0	29642.0	29642.0	29642.0	29642.0	29642.0	29642.0	29642.0	29642.0	29642.0	29642.0	29642.0
338_TASK07_CON52_2.0_posneg	posneg	2.0	45015.0	45015.0	45015.0	45015.0	45015.0	45015.0	45015.0	45015.0	45015.0	45015.0	45015.0	45015.0	45015.0	45015.0	45015.0	45015.0	45015.0	45015.0	45015.0	45015.0	45015.0	45015.0	45015.0	45015.0	45015.0	45015.0	45015.0	45015.0	45015.0	45015.0	45015.0	45015.0	45015.0	45015.0	45015.0	45015.0	45015.0	45015.0	45015.0	45015.0	45015.0	45015.0	45015.0	45015.0	45015.0	45015.0	45015.0
338_TASK07_CON52_2.0_pos	pos	2.0	12608.0	12608.0	12608.0	12608.0	12608.0	12608.0	12608.0	12608.0	12608.0	12608.0	12608.0	12608.0	12608.0	12608.0	12608.0	12608.0	12608.0	12608.0	12608.0	12608.0	12608.0	12608.0	12608.0	12608.0	12608.0	12608.0	12608.0	12608.0	12608.0	12608.0	12608.0	12608.0	12608.0	12608.0	12608.0	12608.0	12608.0	12608.0	12608.0	12608.0	12608.0	12608.0	12608.0	12608.0	12608.0	12608.0	12608.0
338_TASK07_CON52_3.0_posneg	posneg	3.0	13442.0	13442.0	13442.0	13442.0	13442.0	13442.0	13442.0	13442.0	13442.0	13442.0	13442.0	13442.0	13442.0	13442.0	13442.0	13442.0	13442.0	13442.0	13442.0	13442.0	13442.0	13442.0	13442.0	13442.0	13442.0	13442.0	13442.0	13442.0	13442.0	13442.0	13442.0	13442.0	13442.0	13442.0	13442.0	13442.0	13442.0	13442.0	13442.0	13442.0	13442.0	13442.0	13442.0	13442.0	13442.0	13442.0	13442.0
338_TASK07_CON52_3.0_pos	pos	3.0	6365.0	6365.0	6365.0	6365.0	6365.0	6365.0	6365.0	6365.0	6365.0	6365.0	6365.0	6365.0	6365.0	6365.0	6365.0	6365.0	6365.0	6365.0	6365.0	6365.0	6365.0	6365.0	6365.0	6365.0	6365.0	6365.0	6365.0	6365.0	6365.0	6365.0	6365.0	6365.0	6365.0	6365.0	6365.0	6365.0	6365.0	6365.0	6365.0	6365.0	6365.0	6365.0	6365.0	6365.0	6365.0	6365.0	6365.0
338_TASK07_CON52_4.0_posneg	posneg	4.0	3785.0	3785.0	3785.0	3785.0	3785.0	3785.0	3785.0	3785.0	3785.0	3785.0	3785.0	3785.0	3785.0	3785.0	3785.0	3785.0	3785.0	3785.0	3785.0	3785.0	3785.0	3785.0	3785.0	3785.0	3785.0	3785.0	3785.0	3785.0	3785.0	3785.0	3785.0	3785.0	3785.0	3785.0	3785.0	3785.0	3785.0	3785.0	3785.0	3785.0	3785.0	3785.0	3785.0	3785.0	3785.0	3785.0	3785.0
338_TASK07_CON52_4.0_pos	pos	4.0	3079.0	3079.0	3079.0	3079.0	3079.0	3079.0	3079.0	3079.0	3079.0	3079.0	3079.0	3079.0	3079.0	3079.0	3079.0	3079.0	3079.0	3079.0	3079.0	3079.0	3079.0	3079.0	3079.0	3079.0	3079.0	3079.0	3079.0	3079.0	3079.0	3079.0	3079.0	3079.0	3079.0	3079.0	3079.0	3079.0	3079.0	3079.0	3079.0	3079.0	3079.0	3079.0	3079.0	3079.0	3079.0	3079.0	3079.0
338_TASK07_CON52_5.0_posneg	posneg	5.0	1101.0	1101.0	1101.0	1101.0	1101.0	1101.0	1101.0	1101.0	1101.0	1101.0	1101.0	1101.0	1101.0	1101.0	1101.0	1101.0	1101.0	1101.0	1101.0	1101.0	1101.0	1101.0	1101.0	1101.0	1101.0	1101.0	1101.0	1101.0	1101.0	1101.0	1101.0	1101.0	1101.0	1101.0	1101.0	1101.0	1101.0	1101.0	1101.0	1101.0	1101.0	1101.0	1101.0	1101.0	1101.0	1101.0	1101.0
338_TASK07_CON52_5.0_pos	pos	5.0	1082.0	1082.0	1082.0	1082.0	1082.0	1082.0	1082.0	1082.0	1082.0	1082.0	1082.0	1082.0	1082.0	1082.0	1082.0	1082.0	1082.0	1082.0	1082.0	1082.0	1082.0	1082.0	1082.0	1082.0	1082.0	1082.0	1082.0	1082.0	1082.0	1082.0	1082.0	1082.0	1082.0	1082.0	1082.0	1082.0	1082.0	1082.0	1082.0	1082.0	1082.0	1082.0	1082.0	1082.0	1082.0	1082.0	1082.0
338_TASK07_CON52_6.0_posneg	posneg	6.0	255.0	255.0	255.0	255.0	255.0	255.0	255.0	255.0	255.0	255.0	255.0	255.0	255.0	255.0	255.0	255.0	255.0	255.0	255.0	255.0	255.0	255.0	255.0	255.0	255.0	255.0	255.0	255.0	255.0	255.0	255.0	255.0	255.0	255.0	255.0	255.0	255.0	255.0	255.0	255.0	255.0	255.0	255.0	255.0	255.0	255.0	255.0
338_TASK07_CON52_6.0_pos	pos	6.0	255.0	255.0	255.0	255.0	255.0	255.0	255.0	255.0	255.0	255.0	255.0	255.0	255.0	255.0	255.0	255.0	255.0	255.0	255.0	255.0	255.0	255.0	255.0	255.0	255.0	255.0	255.0	255.0	255.0	255.0	255.0	255.0	255.0	255.0	255.0	255.0	255.0	255.0	255.0	255.0	255.0	255.0	255.0	255.0	255.0	255.0	255.0
338_TASK07_CON52_7.0_posneg	posneg	7.0	41.0	41.0	41.0	41.0	41.0	41.0	41.0	41.0	41.0	41.0	41.0	41.0	41.0	41.0	41.0	41.0	41.0	41.0	41.0	41.0	41.0	41.0	41.0	41.0	41.0	41.0	41.0	41.0	41.0	41.0	41.0	41.0	41.0	41.0	41.0	41.0	41.0	41.0	41.0	41.0	41.0	41.0	41.0	41.0	41.0	41.0	41.0
338_TASK07_CON52_7.0_pos	pos	7.0	41.0	41.0	41.0	41.0	41.0	41.0	41.0	41.0	41.0	41.0	41.0	41.0	41.0	41.0	41.0	41.0	41.0	41.0	41.0	41.0	41.0	41.0	41.0	41.0	41.0	41.0	41.0	41.0	41.0	41.0	41.0	41.0	41.0	41.0	41.0	41.0	41.0	41.0	41.0	41.0	41.0	41.0	41.0	41.0	41.0	41.0	41.0
338_TASK07_CON52_8.0_posneg	posneg	8.0	2.0	2.0	2.0	2.0	2.0	2.0	2.0	2.0	2.0	2.0	2.0	2.0	2.0	2.0	2.0	2.0	2.0	2.0	2.0	2.0	2.0	2.0	2.0	2.0	2.0	2.0	2.0	2.0	2.0	2.0	2.0	2.0	2.0	2.0	2.0	2.0	2.0	2.0	2.0	2.0	2.0	2.0	2.0	2.0	2.0	2.0	2.0
338_TASK07_CON52_8.0_pos	pos	8.0	2.0	2.0	2.0	2.0	2.0	2.0	2.0	2.0	2.0	2.0	2.0	2.0	2.0	2.0	2.0	2.0	2.0	2.0	2.0	2.0	2.0	2.0	2.0	2.0	2.0	2.0	2.0	2.0	2.0	2.0	2.0	2.0	2.0	2.0	2.0	2.0	2.0	2.0	2.0	2.0	2.0	2.0	2.0	2.0	2.0	2.0	2.0
338_TASK07_CON52_9.0_posneg	posneg	9.0	0.0	0.0	0.0	0.0	0.0	0.0	0.0	0.0	0.0	0.0	0.0	0.0	0.0	0.0	0.0	0.0	0.0	0.0	0.0	0.0	0.0	0.0	0.0	0.0	0.0	0.0	0.0	0.0	0.0	0.0	0.0	0.0	0.0	0.0	0.0	0.0	0.0	0.0	0.0	0.0	0.0	0.0	0.0	0.0	0.0	0.0	0.0
338_TASK07_CON52_9.0_pos	pos	9.0	0.0	0.0	0.0	0.0	0.0	0.0	0.0	0.0	0.0	0.0	0.0	0.0	0.0	0.0	0.0	0.0	0.0	0.0	0.0	0.0	0.0	0.0	0.0	0.0	0.0	0.0	0.0	0.0	0.0	0.0	0.0	0.0	0.0	0.0	0.0	0.0	0.0	0.0	0.0	0.0	0.0	0.0	0.0	0.0	0.0	0.0	0.0
338_TASK07_CON52_10.0_posneg	posneg	10.0	0.0	0.0	0.0	0.0	0.0	0.0	0.0	0.0	0.0	0.0	0.0	0.0	0.0	0.0	0.0	0.0	0.0	0.0	0.0	0.0	0.0	0.0	0.0	0.0	0.0	0.0	0.0	0.0	0.0	0.0	0.0	0.0	0.0	0.0	0.0	0.0	0.0	0.0	0.0	0.0	0.0	0.0	0.0	0.0	0.0	0.0	0.0
338_TASK07_CON52_10.0_pos	pos	10.0	0.0	0.0	0.0	0.0	0.0	0.0	0.0	0.0	0.0	0.0	0.0	0.0	0.0	0.0	0.0	0.0	0.0	0.0	0.0	0.0	0.0	0.0	0.0	0.0	0.0	0.0	0.0	0.0	0.0	0.0	0.0	0.0	0.0	0.0	0.0	0.0	0.0	0.0	0.0	0.0	0.0	0.0	0.0	0.0	0.0	0.0	0.0
338_TASK07_CON52_11.0_posneg	posneg	11.0	0.0	0.0	0.0	0.0	0.0	0.0	0.0	0.0	0.0	0.0	0.0	0.0	0.0	0.0	0.0	0.0	0.0	0.0	0.0	0.0	0.0	0.0	0.0	0.0	0.0	0.0	0.0	0.0	0.0	0.0	0.0	0.0	0.0	0.0	0.0	0.0	0.0	0.0	0.0	0.0	0.0	0.0	0.0	0.0	0.0	0.0	0.0
338_TASK07_CON52_11.0_pos	pos	11.0	0.0	0.0	0.0	0.0	0.0	0.0	0.0	0.0	0.0	0.0	0.0	0.0	0.0	0.0	0.0	0.0	0.0	0.0	0.0	0.0	0.0	0.0	0.0	0.0	0.0	0.0	0.0	0.0	0.0	0.0	0.0	0.0	0.0	0.0	0.0	0.0	0.0	0.0	0.0	0.0	0.0	0.0	0.0	0.0	0.0	0.0	0.0
338_TASK07_CON52_12.0_posneg	posneg	12.0	0.0	0.0	0.0	0.0	0.0	0.0	0.0	0.0	0.0	0.0	0.0	0.0	0.0	0.0	0.0	0.0	0.0	0.0	0.0	0.0	0.0	0.0	0.0	0.0	0.0	0.0	0.0	0.0	0.0	0.0	0.0	0.0	0.0	0.0	0.0	0.0	0.0	0.0	0.0	0.0	0.0	0.0	0.0	0.0	0.0	0.0	0.0
338_TASK07_CON52_12.0_pos	pos	12.0	0.0	0.0	0.0	0.0	0.0	0.0	0.0	0.0	0.0	0.0	0.0	0.0	0.0	0.0	0.0	0.0	0.0	0.0	0.0	0.0	0.0	0.0	0.0	0.0	0.0	0.0	0.0	0.0	0.0	0.0	0.0	0.0	0.0	0.0	0.0	0.0	0.0	0.0	0.0	0.0	0.0	0.0	0.0	0.0	0.0	0.0	0.0
338_TASK07_CON52_13.0_posneg	posneg	13.0	0.0	0.0	0.0	0.0	0.0	0.0	0.0	0.0	0.0	0.0	0.0	0.0	0.0	0.0	0.0	0.0	0.0	0.0	0.0	0.0	0.0	0.0	0.0	0.0	0.0	0.0	0.0	0.0	0.0	0.0	0.0	0.0	0.0	0.0	0.0	0.0	0.0	0.0	0.0	0.0	0.0	0.0	0.0	0.0	0.0	0.0	0.0
338_TASK07_CON52_13.0_pos	pos	13.0	0.0	0.0	0.0	0.0	0.0	0.0	0.0	0.0	0.0	0.0	0.0	0.0	0.0	0.0	0.0	0.0	0.0	0.0	0.0	0.0	0.0	0.0	0.0	0.0	0.0	0.0	0.0	0.0	0.0	0.0	0.0	0.0	0.0	0.0	0.0	0.0	0.0	0.0	0.0	0.0	0.0	0.0	0.0	0.0	0.0	0.0	0.0
