	direction	thresh	343_TASK01_CON07	343_TASK01_CON08	343_TASK01_CON09	343_TASK02_CON25	343_TASK02_CON26	343_TASK02_CON27	343_TASK03_CON19	343_TASK03_CON20	343_TASK03_CON22	343_TASK04_CON61	343_TASK04_CON62	343_TASK04_CON63	343_TASK04_CON64	343_TASK04_CON65	343_TASK04_CON66	343_TASK04_CON67	343_TASK04_CON68	343_TASK04_CON69	343_TASK04_CON70	343_TASK04_CON71	343_TASK04_CON72	343_TASK04_CON73	343_TASK05_CON13	343_TASK05_CON14	343_TASK05_CON15	343_TASK06_CON01	343_TASK06_CON02	343_TASK06_CON06	343_TASK07_CON31	343_TASK07_CON32	343_TASK07_CON33	343_TASK07_CON34	343_TASK07_CON35	343_TASK07_CON36	343_TASK07_CON37	343_TASK07_CON38	343_TASK07_CON39	343_TASK07_CON40	343_TASK07_CON41	343_TASK07_CON45	343_TASK07_CON46	343_TASK07_CON47	343_TASK07_CON48	343_TASK07_CON49	343_TASK07_CON50	343_TASK07_CON51	343_TASK07_CON52
343_TASK01_CON07_0.0_posneg	posneg	0.0	0.878177464008	0.804868996143	0.484992176294	0.742425024509	0.755477964878	-0.340715587139	0.421235740185	0.265843987465	-0.191607758403	0.403558343649	-0.0152417756617	0.070798099041	0.0334545522928	0.147957712412	0.035549480468	0.0486528426409	0.386556178331	-0.0859074443579	-0.00322651769966	-0.0152125079185	0.134423017502	0.0400943793356	0.743695259094	0.724538505077	-0.141378298402	0.606885492802	0.608351826668	0.275578379631	0.700372576714	0.611197829247	0.63753682375	0.71070843935	0.741141438484	0.689120471478	0.69595849514	0.723653376102	0.688124418259	0.743833422661	0.0922888293862	0.73508733511	0.662307083607	0.671127200127	0.728518605232	-0.0507549531758	-0.439613908529	0.163413286209	0.326323181391
343_TASK01_CON07_0.0_pos	pos	0.0	0.845811367035	0.722893536091	0.458322882652	0.688717067242	0.690895855427	-0.363173156977	0.0344054438174	-0.0249538104981	-0.00469325203449	0.457431614399	-0.111445643008	-0.0534264221787	-0.114781655371	-0.0764552429318	-0.115132309496	-0.112499430776	0.477068781853	0.00129603187088	0.0715266540647	-0.0107417581603	0.0470511987805	-0.0697953626513	0.671809971333	0.651749372482	-0.129910215735	0.538147211075	0.484833806753	0.147858411074	0.652853310108	0.539929687977	0.581772685051	0.667823851109	0.71382445097	0.659719049931	0.668049037457	0.712470948696	0.618850052357	0.69992351532	-0.196792975068	0.684325039387	0.586991667747	0.613878905773	0.684284090996	-0.175084799528	-0.432471185923	0.237956479192	0.357347398996
343_TASK01_CON07_1.0_posneg	posneg	1.0	0.913180649281	0.849358022213	0.539491832256	0.799647629261	0.813311636448	-0.395637273788	0.488330334425	0.333748102188	-0.224810853601	0.463597208261	-0.0169146806002	0.0840430557728	0.041299931705	0.173052594066	0.0466892458498	0.0599602870643	0.443960011005	-0.107628419995	-0.00335628469475	-0.0193053800613	0.160256594419	0.0521895028651	0.802276015282	0.785805463791	-0.170444756746	0.672090172768	0.676719605923	0.317879885435	0.761342942715	0.674523055553	0.696407735348	0.771576583385	0.798347473145	0.746669173241	0.753685534	0.777259707451	0.752234876156	0.800606906414	0.111047677696	0.793710589409	0.723769962788	0.731705248356	0.786755263805	-0.056675940752	-0.483793795109	0.178866192698	0.364988833666
343_TASK01_CON07_1.0_pos	pos	1.0	0.83436113596	0.687815368176	0.43511390686	0.659615278244	0.654680788517	-0.328968375921	-0.0453216023743	0.000388653337723	0.107158616185	0.421137630939	-0.125185832381	-0.0593485161662	-0.137174382806	-0.118655517697	-0.133870080113	-0.134225174785	0.437958300114	0.0060441349633	0.129181072116	-0.00979105755687	0.0109210368246	-0.0883210450411	0.620060622692	0.605988502502	-0.175688281655	0.476280331612	0.412596464157	0.127326160669	0.620067059994	0.504262566566	0.539167881012	0.647112667561	0.691144704819	0.637878417969	0.632000148296	0.689553916454	0.583066403866	0.667774617672	-0.270362913609	0.652512729168	0.546769380569	0.567786037922	0.657055497169	-0.20921292901	-0.390039414167	0.230979114771	0.359505951405
343_TASK01_CON07_2.0_posneg	posneg	2.0	0.944221735001	0.891513347626	0.592689335346	0.856558263302	0.869453728199	-0.446902126074	0.578828215599	0.469193547964	-0.244134649634	0.532377421856	-0.0125153698027	0.0987926647067	0.0578691773117	0.210287496448	0.0724599435925	0.0813528671861	0.505187094212	-0.134089782834	-0.00959048420191	-0.0202491357923	0.196379363537	0.0761508569121	0.858189344406	0.846287727356	-0.214632630348	0.737428843975	0.743478834629	0.369624823332	0.823944509029	0.744017243385	0.757776737213	0.837039232254	0.855798721313	0.805431723595	0.811415970325	0.833187699318	0.819216907024	0.857265651226	0.124003149569	0.852891623974	0.789063990116	0.792735636234	0.848110258579	-0.0676342695951	-0.524583101273	0.18705008924	0.415632456541
343_TASK01_CON07_2.0_pos	pos	2.0	0.811808884144	0.626859545708	0.408681452274	0.615452289581	0.606071829796	-0.271722108126	-0.130561113358	0.0410508997738	0.231603130698	0.368652015924	-0.118618361652	-0.0450208596885	-0.132820814848	-0.138916552067	-0.133998811245	-0.135220095515	0.375545293093	0.00839759316295	0.185185313225	0.00672830687836	-0.0345556363463	-0.096544124186	0.538754284382	0.531727075577	-0.219243019819	0.410756200552	0.337076336145	0.115673772991	0.567936718464	0.453444033861	0.47471126914	0.603960394859	0.64525437355	0.59974449873	0.570969462395	0.647452414036	0.528161287308	0.616551995277	-0.325047165155	0.599708616734	0.492357313633	0.497940629721	0.609233617783	-0.223387718201	-0.303789943457	0.203128859401	0.316594362259
343_TASK01_CON07_3.0_posneg	posneg	3.0	0.964385986328	0.919912874699	0.635187268257	0.902743220329	0.91268402338	-0.465103447437	0.655048072338	0.646551012993	-0.220190048218	0.595648109913	0.0081683145836	0.110542014241	0.0941085368395	0.256234943867	0.112328007817	0.112283289433	0.557799398899	-0.137537226081	-0.0276187527925	0.00368027877994	0.228981375694	0.106382854283	0.900161445141	0.89239692688	-0.274414777756	0.789871037006	0.79600995779	0.421927899122	0.875013172626	0.802223622799	0.804426372051	0.891211509705	0.899561464787	0.851869106293	0.852075338364	0.876865208149	0.87368875742	0.899798810482	0.123482055962	0.899540066719	0.842856049538	0.83765155077	0.897044360638	-0.074459515512	-0.541823804379	0.171583503485	0.453606814146
343_TASK01_CON07_3.0_pos	pos	3.0	0.771854400635	0.550149202347	0.367111623287	0.557214856148	0.547748565674	-0.188554376364	-0.178250357509	0.0862722247839	0.302023798227	0.312958478928	-0.0902822911739	-0.0236027240753	-0.0982058122754	-0.10102956742	-0.0992897301912	-0.101547218859	0.300169765949	-0.0248618442565	0.1726064533	0.00446124048904	-0.0244941674173	-0.0766630023718	0.451870322227	0.44703862071	-0.237572416663	0.354498237371	0.268983304501	0.084857866168	0.505758881569	0.415085792542	0.410114705563	0.553055644035	0.576998531818	0.553851187229	0.499082148075	0.58549618721	0.47280818224	0.549160063267	-0.332965999842	0.531090259552	0.445471048355	0.428070783615	0.549464166164	-0.220808058977	-0.17095951736	0.15856488049	0.232083573937
343_TASK01_CON07_4.0_posneg	posneg	4.0	0.97385597229	0.929530501366	0.639748871326	0.93095767498	0.939891815186	-0.430139362812	0.666937232018	0.735094189644	-0.146593302488	0.640780746937	0.0482529550791	0.0908187404275	0.15356425941	0.31453615427	0.176107376814	0.149159178138	0.589957237244	-0.109426118433	-0.0938413962722	0.0568321086466	0.265600860119	0.165382519364	0.924370288849	0.918870568275	-0.335008502007	0.819912195206	0.823617577553	0.440123587847	0.903803944588	0.831407666206	0.823929309845	0.92123234272	0.917732179165	0.871712803841	0.867882192135	0.898030042648	0.9050604105	0.91938996315	0.107426404953	0.923913896084	0.870035469532	0.857617378235	0.923432409763	-0.056818023324	-0.503258645535	0.120632454753	0.439699232578
343_TASK01_CON07_4.0_pos	pos	4.0	0.699416220188	0.450089842081	0.31353405118	0.486451864243	0.480345457792	-0.0855675712228	-0.149524629116	0.116891697049	0.266062378883	0.267983257771	-0.0380011275411	0.0199591945857	-0.0235250741243	-0.00906428415328	-0.0230904463679	-0.0239716861397	0.23453719914	-0.0886289402843	0.0976565256715	-0.00382894161157	0.0228983964771	-0.0326818190515	0.377493172884	0.376058965921	-0.220212236047	0.297563791275	0.211838468909	0.0660656318069	0.444710493088	0.386459261179	0.352872490883	0.497307509184	0.487960457802	0.492270052433	0.415273427963	0.496414393187	0.424296349287	0.464628815651	-0.267727166414	0.456414341927	0.405555307865	0.363526523113	0.480419069529	-0.180116340518	-0.0242369659245	0.0905741751194	0.125577867031
343_TASK01_CON07_5.0_posneg	posneg	5.0	0.972722887993	0.91393494606	0.558731615543	0.940523147583	0.950505137444	-0.348494082689	0.604513406754	0.706981778145	-0.107518024743	0.636615812778	0.0618934184313	0.0016081497306	0.21308645606	0.360019266605	0.211253061891	0.149255380034	0.570592582226	-0.0653956234455	-0.222967490554	0.157873019576	0.326832264662	0.22347857058	0.929609298706	0.927397370338	-0.354894727468	0.813674032688	0.812052369118	0.397238075733	0.904572486877	0.823730766773	0.807785153389	0.928252518177	0.907546579838	0.855106532574	0.847155451775	0.888693988323	0.910464882851	0.910713911057	0.138274639845	0.922235310078	0.862956345081	0.844886004925	0.92509251833	-0.019948778674	-0.373826801777	0.0401451215148	0.347050577402
343_TASK01_CON07_5.0_pos	pos	5.0	0.56748265028	0.291920423508	0.288131326437	0.36867633462	0.367082118988	-0.0184567999095	-0.115123458207	0.0669186040759	0.18507194519	0.22019957006	-0.0211300849915	0.0394677184522	0.0165703650564	0.0320843420923	0.0464154370129	0.0175860524178	0.192594259977	-0.134990513325	0.0281947832555	0.00626265723258	0.0115683535114	0.0504337176681	0.263349711895	0.26609274745	-0.171211346984	0.223468750715	0.165571540594	0.0712488219142	0.336772441864	0.324116796255	0.268260836601	0.382594048977	0.349123924971	0.372184425592	0.293529570103	0.348253071308	0.332307547331	0.329021722078	-0.147324338555	0.334399580956	0.322328329086	0.269849658012	0.351677983999	-0.125951036811	0.119640775025	0.0187637303025	-0.000270790013019
343_TASK01_CON07_6.0_posneg	posneg	6.0	0.954575121403	0.856557607651	0.402143806219	0.917383611202	0.936775445938	-0.243303090334	0.45566880703	0.556036174297	-0.0960206538439	0.56019872427	0.029835049063	-0.0522926598787	0.222697943449	0.367284864187	0.191718533635	0.126923695207	0.467328310013	-0.0850822627544	-0.267422914505	0.203336894512	0.364024072886	0.201923966408	0.894511282444	0.895599365234	-0.311697930098	0.747791409492	0.745035529137	0.315266430378	0.858554840088	0.756079673767	0.728395998478	0.897330224514	0.847062945366	0.768124341965	0.754480838776	0.825970888138	0.872149050236	0.850678026676	0.187410339713	0.87642210722	0.796267211437	0.768997311592	0.887081503868	0.00474383402616	-0.172661215067	-0.0337477587163	0.18831500411
343_TASK01_CON07_6.0_pos	pos	6.0	0.371073246002	0.077048510313	0.288698732853	0.219290569425	0.22870413959	0.0366110876203	-0.171535119414	-0.100159369409	0.1648132056	0.175127416849	-0.0970585718751	-0.0318309441209	-0.0608970150352	-0.029183248058	0.0118238255382	-0.0518102683127	0.167186781764	-0.159228816628	0.0325340516865	-0.0343129262328	0.0155822942033	0.0894932821393	0.136135071516	0.132085606456	-0.0977740064263	0.197727456689	0.202942118049	0.150276571512	0.272450208664	0.315565109253	0.236467644572	0.268852770329	0.243392765522	0.315164476633	0.230086475611	0.259236097336	0.288454979658	0.266121596098	-0.0377011112869	0.252208948135	0.302302122116	0.236836984754	0.264564037323	-0.0986964330077	0.24716116488	-0.0321274027228	-0.126116648316
343_TASK01_CON07_7.0_posneg	posneg	7.0	0.911806106567	0.73148727417	0.253968387842	0.858402490616	0.898132920265	-0.182287350297	0.273176491261	0.350866615772	-0.0828361064196	0.436145067215	-0.0664830133319	-0.0385958701372	0.161943733692	0.324785530567	0.171944499016	0.0888841822743	0.297650426626	-0.215035423636	-0.209562644362	0.151911228895	0.325337976217	0.198454335332	0.806482493877	0.807952046394	-0.212586387992	0.638475716114	0.670545339584	0.27599003911	0.758946120739	0.655158400536	0.613391458988	0.816893398762	0.748000860214	0.63504832983	0.616328537464	0.704737365246	0.787172615528	0.742051720619	0.204073503613	0.779898703098	0.688325166702	0.64999216795	0.798296630383	0.00933590810746	-0.0288969594985	-0.0649950280786	0.0770459249616
343_TASK01_CON07_7.0_pos	pos	7.0	0.139231488109	-0.0747632235289	0.257111549377	0.0510267876089	0.0861727073789	-0.0888323411345	-0.227279886603	-0.187827289104	0.195425823331	0.134414166212	-0.191937565804	-0.119376696646	-0.110490016639	-0.148881047964	-0.136473596096	-0.159570530057	0.139496937394	-0.140920579433	0.06569416821	0.101597353816	-0.00327426148579	-0.0112098576501	0.000390597793739	-0.00247951806523	-0.0116502530873	0.0649950653315	0.14188939333	0.204097554088	0.159294903278	0.198655873537	0.103387072682	0.120947800577	0.142121404409	0.175188139081	0.0724175870419	0.143050923944	0.165295615792	0.145774900913	0.0053234915249	0.153157755733	0.185035347939	0.090904392302	0.139153182507	0.046635504812	0.222920492291	-0.136643365026	-0.0811559408903
343_TASK01_CON07_8.0_posneg	posneg	8.0	0.299158602953	0.115564778447	0.179832965136	0.320047706366	0.354584127665	-0.187817066908	-0.282533347607	-0.0283530671149	0.389620214701	-0.171774476767	0.012786751613	0.141084089875	0.120488323271	0.16515520215	-0.203130498528	0.0448795668781	-0.190038323402	-0.0126046203077	0.164064869285	0.157774701715	0.277361690998	-0.405061066151	-0.196802854538	-0.262502402067	-0.0220444984734	0.227694705129	0.220910817385	0.149862036109	0.103286109865	0.195051774383	0.00953274872154	0.012281046249	0.202089309692	0.0891666188836	-0.0132599435747	0.133074104786	0.106891520321	0.121718890965	-0.257745712996	0.123480401933	0.142199680209	-0.0122442357242	0.110056035221	0.177155002952	0.320751190186	-0.22558273375	-0.261165231466
343_TASK01_CON07_8.0_pos	pos	8.0	0.299158602953	0.115564778447	0.179832965136	0.320047706366	0.354584127665	-0.187817066908	-0.282533347607	-0.0283530671149	0.389620214701	-0.171774476767	0.012786751613	0.141084089875	0.120488323271	0.16515520215	-0.203130498528	0.0448795668781	-0.190038323402	-0.0126046203077	0.164064869285	0.157774701715	0.277361690998	-0.405061066151	-0.196802854538	-0.262502402067	-0.0220444984734	0.227694705129	0.220910817385	0.149862036109	0.103286109865	0.195051774383	0.00953274872154	0.012281046249	0.202089309692	0.0891666188836	-0.0132599435747	0.133074104786	0.106891520321	0.121718890965	-0.257745712996	0.123480401933	0.142199680209	-0.0122442357242	0.110056035221	0.177155002952	0.320751190186	-0.22558273375	-0.261165231466
343_TASK01_CON07_9.0_posneg	posneg	9.0	0.989740908146	-0.264703691006	-0.778138458729	0.715391516685	0.9609131217	-0.377885103226	-0.533595263958	-0.880923688412	-0.193897768855	-0.259681433439	0.756623029709	0.783891797066	0.98087233305	-0.733096718788	0.114028312266	0.50128954649	-0.607277810574	0.942710280418	0.927420258522	0.654023170471	-0.8863235116	-0.0625394806266	-0.322073787451	-0.637359142303	0.769005894661	-0.0425414443016	0.998699724674	0.471002042294	0.847382605076	-0.553453922272	-0.551419556141	0.724718749523	0.833208501339	0.111608542502	-0.680021762848	-0.477995187044	0.559487342834	0.0989170148969	-0.989625573158	0.89205211401	-0.13909766078	-0.533965349197	0.223745107651	0.97633343935	-0.708304822445	-0.861926734447	0.438913732767
343_TASK01_CON07_9.0_pos	pos	9.0	0.989740908146	-0.264703691006	-0.778138458729	0.715391516685	0.9609131217	-0.377885103226	-0.533595263958	-0.880923688412	-0.193897768855	-0.259681433439	0.756623029709	0.783891797066	0.98087233305	-0.733096718788	0.114028312266	0.50128954649	-0.607277810574	0.942710280418	0.927420258522	0.654023170471	-0.8863235116	-0.0625394806266	-0.322073787451	-0.637359142303	0.769005894661	-0.0425414443016	0.998699724674	0.471002042294	0.847382605076	-0.553453922272	-0.551419556141	0.724718749523	0.833208501339	0.111608542502	-0.680021762848	-0.477995187044	0.559487342834	0.0989170148969	-0.989625573158	0.89205211401	-0.13909766078	-0.533965349197	0.223745107651	0.97633343935	-0.708304822445	-0.861926734447	0.438913732767
343_TASK01_CON07_10.0_posneg	posneg	10.0																																															
343_TASK01_CON07_10.0_pos	pos	10.0																																															
343_TASK01_CON07_11.0_posneg	posneg	11.0																																															
343_TASK01_CON07_11.0_pos	pos	11.0																																															
343_TASK01_CON07_12.0_posneg	posneg	12.0																																															
343_TASK01_CON07_12.0_pos	pos	12.0																																															
343_TASK01_CON07_13.0_posneg	posneg	13.0																																															
343_TASK01_CON07_13.0_pos	pos	13.0																																															
343_TASK01_CON08_0.0_posneg	posneg	0.0	0.810332834721	0.874610066414	0.205726847053	0.756396770477	0.765264809132	-0.305966585875	0.499277740717	0.226784676313	-0.345254927874	0.449900954962	0.130407214165	0.16333770752	0.182976871729	0.266431421041	0.137784764171	0.183783739805	0.40266123414	-0.034042943269	-0.0715041160583	0.0353072620928	0.108989834785	0.0496622286737	0.742340922356	0.717465937138	-0.0998454168439	0.598410189152	0.54315841198	0.111188925803	0.683719813824	0.564114630222	0.605572223663	0.707168281078	0.707176566124	0.618265271187	0.642498850822	0.66636890173	0.669657826424	0.692848443985	0.160755634308	0.713317751884	0.609580636024	0.634592056274	0.704592585564	0.0455635152757	-0.497109174728	0.105973057449	0.368762910366
343_TASK01_CON08_0.0_pos	pos	0.0	0.765393435955	0.833015501499	0.249554947019	0.68488919735	0.686736762524	-0.355517864227	0.108821474016	-0.0181538015604	-0.0900522172451	0.441330313683	-0.00630523171276	0.0471585057676	-0.0036435588263	0.0686152353883	-0.0305316261947	0.00793776009232	0.437392950058	-0.00410069385543	0.0179229732603	-0.0192043595016	0.0977989956737	-0.0716274157166	0.682499945164	0.655161440372	-0.0931238532066	0.546530783176	0.477675408125	0.0723613426089	0.62407374382	0.475903064013	0.554019093513	0.641359269619	0.658785641193	0.590452551842	0.622302532196	0.652835547924	0.581010937691	0.640267848969	-0.122281037271	0.643370747566	0.527775287628	0.582616686821	0.645397663116	-0.106492087245	-0.501456081867	0.22505094111	0.390204846859
343_TASK01_CON08_1.0_posneg	posneg	1.0	0.855851411819	0.911205112934	0.233153983951	0.817550182343	0.827682733536	-0.354988962412	0.572223484516	0.285736382008	-0.40207067132	0.518528103828	0.153909146786	0.189833328128	0.214758113027	0.305443674326	0.166925594211	0.215677827597	0.465764045715	-0.0448068454862	-0.0838068574667	0.04055948928	0.130699917674	0.0632663071156	0.802221179008	0.7823985219	-0.12236135453	0.666542828083	0.612428963184	0.131662487984	0.750787615776	0.633153736591	0.66919952631	0.774060070515	0.768962144852	0.679050922394	0.703479707241	0.723596692085	0.7401496768	0.755529463291	0.193728119135	0.77839744091	0.677601933479	0.700242519379	0.768520712852	0.0527677051723	-0.546795666218	0.114113993943	0.415239870548
343_TASK01_CON08_1.0_pos	pos	1.0	0.751171290874	0.824918568134	0.24867336452	0.664576947689	0.660222053528	-0.334222733974	0.0286195445806	0.0144029501826	0.0414243340492	0.403300285339	-0.0446011796594	0.0295924320817	-0.0522942766547	0.0183607563376	-0.06117060408	-0.0323769375682	0.40202152729	-0.0193413980305	0.0766116082668	-0.0438806153834	0.0946333780885	-0.0917730927467	0.645480036736	0.624417304993	-0.127824619412	0.501235306263	0.435893297195	0.0835548639297	0.598510503769	0.449539542198	0.522654831409	0.628965377808	0.642603635788	0.57511395216	0.60219424963	0.636865317822	0.551391303539	0.616530060768	-0.198274865746	0.618081629276	0.499522268772	0.551668941975	0.626151740551	-0.151446297765	-0.482209086418	0.236747950315	0.405639499426
343_TASK01_CON08_2.0_posneg	posneg	2.0	0.897233784199	0.942323327065	0.264389038086	0.87473654747	0.884471237659	-0.40184956789	0.64929997921	0.395701944828	-0.443743169308	0.587355554104	0.176144331694	0.211555868387	0.246395021677	0.347872555256	0.206668913364	0.24898172915	0.527764976025	-0.0643586218357	-0.100797683001	0.0426285564899	0.164570331573	0.0863450989127	0.85480505228	0.840901970863	-0.163352131844	0.736159324646	0.685347378254	0.163061931729	0.816362202168	0.705812573433	0.732399344444	0.838327169418	0.828283905983	0.742143809795	0.762502074242	0.781563401222	0.808260798454	0.815504789352	0.227087706327	0.840196728706	0.747382879257	0.762761473656	0.830199956894	0.0591234602034	-0.594464957714	0.115998059511	0.468243211508
343_TASK01_CON08_2.0_pos	pos	2.0	0.716667950153	0.792917132378	0.243060037494	0.620697021484	0.607317209244	-0.26968601346	-0.0558766312897	0.0682340338826	0.186646059155	0.329899817705	-0.0743500515819	0.0163088012487	-0.0864241272211	-0.0428475923836	-0.0869932174683	-0.0688983947039	0.331682145596	-0.0263623036444	0.144932791591	-0.0411470606923	0.0570401474833	-0.104242444038	0.564988493919	0.554854989052	-0.179080471396	0.414340853691	0.356646627188	0.0964797735214	0.538197636604	0.395047098398	0.463487952948	0.584525942802	0.593416750431	0.525390684605	0.554265201092	0.592751324177	0.492568701506	0.563053905964	-0.268003940582	0.559320688248	0.438534766436	0.490842282772	0.575742065907	-0.193842709064	-0.446872323751	0.251984328032	0.391796201468
343_TASK01_CON08_3.0_posneg	posneg	3.0	0.924927055836	0.960872769356	0.285770714283	0.915773630142	0.924489557743	-0.418764352798	0.69989669323	0.554374337196	-0.438314467669	0.640455722809	0.203315392137	0.219860360026	0.283633291721	0.388828635216	0.256700903177	0.279324501753	0.571916639805	-0.0694300532341	-0.127147257328	0.0617687255144	0.20568972826	0.116402938962	0.891575455666	0.883655309677	-0.220198184252	0.787917435169	0.742176532745	0.20500536263	0.863517940044	0.762020289898	0.775052607059	0.883856773376	0.871194839478	0.791095912457	0.8034953475	0.825270295143	0.857441067696	0.858900547028	0.240937680006	0.88409024477	0.801287829876	0.805012643337	0.874553263187	0.073541790247	-0.620240569115	0.0901733785868	0.506289958954
343_TASK01_CON08_3.0_pos	pos	3.0	0.667294561863	0.741732656956	0.217737749219	0.553324818611	0.537550985813	-0.190057486296	-0.138098269701	0.111034058034	0.29313197732	0.240877851844	-0.0936187133193	-0.0123006803915	-0.113262981176	-0.0900727957487	-0.0938631817698	-0.0972861722112	0.255371659994	-0.0218883324414	0.171227753162	-0.0384444408119	0.0134501457214	-0.0870690867305	0.464363008738	0.4672780931	-0.214442133904	0.321487635374	0.266439259052	0.0825629234314	0.441885769367	0.303960710764	0.384934097528	0.509426176548	0.50807929039	0.454779058695	0.491978764534	0.531948685646	0.403369277716	0.488262027502	-0.334717214108	0.461231470108	0.346028536558	0.412960916758	0.501059412956	-0.235668584704	-0.408511042595	0.272969931364	0.361087560654
343_TASK01_CON08_4.0_posneg	posneg	4.0	0.938654601574	0.969825029373	0.274672955275	0.939714193344	0.947541296482	-0.395694762468	0.694829642773	0.669807732105	-0.376647621393	0.65926104784	0.228228092194	0.196918353438	0.31545445323	0.428723931313	0.306795150042	0.294695079327	0.577946066856	-0.048145044595	-0.176703602076	0.0950025096536	0.260454058647	0.160556793213	0.90797072649	0.906459867954	-0.302067399025	0.814117133617	0.769681751728	0.238646194339	0.887100338936	0.788058876991	0.790154218674	0.908285737038	0.8918607831	0.817132890224	0.819288909435	0.848069250584	0.883348226547	0.880084633827	0.228294193745	0.906043112278	0.828654944897	0.821446597576	0.897550821304	0.0805862993002	-0.61195909977	0.0538438037038	0.513994276524
343_TASK01_CON08_4.0_pos	pos	4.0	0.595137774944	0.672934770584	0.15641374886	0.480419665575	0.469385325909	-0.117336772382	-0.165443837643	0.11387462914	0.29657587409	0.188540935516	-0.0791876912117	-0.0116700716317	-0.0968152657151	-0.0897291079164	-0.0528218969703	-0.0802463442087	0.204179883003	-0.0329086482525	0.145725861192	-0.0445559434593	-0.0221131872386	-0.0357901640236	0.380111515522	0.389841794968	-0.22349075973	0.245140388608	0.18524967134	0.0323833450675	0.339784264565	0.225658848882	0.320805132389	0.442930787802	0.410380572081	0.369122356176	0.422542899847	0.465779215097	0.323583096266	0.402931034565	-0.341001272202	0.358569413424	0.258047431707	0.342508554459	0.429718106985	-0.255304127932	-0.360453784466	0.27855348587	0.323517382145
343_TASK01_CON08_5.0_posneg	posneg	5.0	0.943940937519	0.971651256084	0.197484627366	0.948906481266	0.956783294678	-0.348698377609	0.641773700714	0.692876338959	-0.291094332933	0.624488413334	0.203277289867	0.13257753849	0.329312801361	0.464152485132	0.31605270505	0.268711000681	0.521052420139	-0.0501633435488	-0.236492142081	0.15689919889	0.352643847466	0.196116790175	0.908113002777	0.908776879311	-0.333388417959	0.805717170238	0.76142847538	0.242160126567	0.881753206253	0.775620281696	0.768018186092	0.914765000343	0.889392733574	0.812092781067	0.804769396782	0.849375665188	0.882776796818	0.875905692577	0.192018076777	0.902419030666	0.821207761765	0.804689586163	0.900999009609	0.0620323307812	-0.562831640244	0.0280641447753	0.492246538401
343_TASK01_CON08_5.0_pos	pos	5.0	0.456862568855	0.549036502838	0.0577498488128	0.356808155775	0.356080263853	-0.00626862701029	-0.116683207452	0.101281642914	0.20882819593	0.124158538878	-0.0230970289558	0.0532438792288	-0.00713881943375	-0.014167452231	0.011266335845	0.000253627251368	0.132866129279	-0.0662783756852	0.095936216414	-0.00809857528657	-0.0236914344132	-0.0122105935588	0.276916205883	0.290499389172	-0.200680017471	0.190854147077	0.126812696457	-0.0253748483956	0.194881692529	0.141666978598	0.255029320717	0.328698158264	0.246461346745	0.250861644745	0.31986322999	0.33284252882	0.223681569099	0.269504189491	-0.265788286924	0.205240547657	0.163614884019	0.265158772469	0.308237910271	-0.270302653313	-0.250816911459	0.288492739201	0.193885669112
343_TASK01_CON08_6.0_posneg	posneg	6.0	0.947877049446	0.970891714096	0.128282487392	0.951987802982	0.959908723831	-0.283787935972	0.579421818256	0.664955496788	-0.213293865323	0.580180823803	0.187719061971	0.116357445717	0.376036226749	0.509384334087	0.311230152845	0.263954907656	0.434305429459	-0.0639858320355	-0.254644691944	0.224660441279	0.41773378849	0.187516793609	0.902780890465	0.905247092247	-0.349963158369	0.802201509476	0.757299363613	0.220330014825	0.870718896389	0.762945353985	0.745095789433	0.912508428097	0.876303255558	0.797694861889	0.779981374741	0.836800158024	0.876995801926	0.859923183918	0.179544985294	0.891060590744	0.812690734863	0.78371578455	0.893560886383	0.00708825420588	-0.500320196152	0.0481683388352	0.450281918049
343_TASK01_CON08_6.0_pos	pos	6.0	0.250572144985	0.334168434143	-0.0290248673409	0.202700138092	0.194032475352	0.0847016572952	-0.0772458985448	0.0423635356128	0.127807304263	0.0752507969737	0.00895517133176	0.0847261250019	0.0256162602454	-0.00847148243338	0.0615102462471	0.0334480442107	0.0998937264085	-0.0590129569173	0.0682452395558	-0.000352263916284	-0.0720992311835	0.0468144342303	0.154309675097	0.169089391828	-0.162701264024	0.122074149549	0.088162779808	-0.045929107815	0.100139290094	0.0823196992278	0.183701947331	0.194980606437	0.103106953204	0.155738174915	0.210102468729	0.205230027437	0.14258132875	0.163465872407	-0.156152456999	0.0962390974164	0.100878044963	0.186035975814	0.185853168368	-0.249878615141	-0.140975505114	0.248859763145	0.0663703009486
343_TASK01_CON08_7.0_posneg	posneg	7.0	0.969061255455	0.973497450352	0.122976213694	0.957243144512	0.966116845608	-0.227670446038	0.572023391724	0.649846255779	-0.201050311327	0.625623047352	0.0794163346291	0.0902002751827	0.368316650391	0.582139492035	0.344700396061	0.281928569078	0.470516860485	-0.190493777394	-0.265702366829	0.201322793961	0.478041738272	0.278413951397	0.939830243587	0.943588197231	-0.3763718009	0.819380640984	0.822327613831	0.297452241182	0.891741931438	0.797833681107	0.770783901215	0.920611262321	0.883097112179	0.8236374259	0.813234627247	0.861388385296	0.904079556465	0.879531860352	0.224781438708	0.903310060501	0.85149204731	0.81425100565	0.908683598042	-0.0922401025891	-0.506141722202	0.120354793966	0.390595078468
343_TASK01_CON08_7.0_pos	pos	7.0	0.127080544829	0.101827077568	0.0192623008043	0.0635624229908	0.0477326251566	0.18398950994	-0.0143495462835	0.0102428942919	0.0117058195174	0.0103414412588	0.0760997533798	0.105708897114	0.0633551180363	0.00856561586261	0.116080254316	0.0850281715393	0.0148915164173	-0.0106330085546	-0.00385485542938	-0.0139804175124	-0.125849977136	0.0852827653289	0.10412170738	0.113371685147	-0.0883351787925	0.0550307407975	0.0470469743013	-0.0456409454346	0.0414600893855	0.0687801390886	0.119462534785	0.077559158206	0.011627654545	0.0915226042271	0.128464922309	0.112665012479	0.0864247083664	0.091784581542	-0.0206361617893	0.0461956746876	0.0777635499835	0.118692398071	0.0899519324303	-0.192672684789	-0.00757176382467	0.175973877311	-0.0680076256394
343_TASK01_CON08_8.0_posneg	posneg	8.0	0.996969342232	0.997365772724	0.246856495738	0.992572009563	0.99230748415	-0.295964926481	0.846694409847	0.890878617764	-0.720550537109	0.935818195343	-0.302825540304	0.449125379324	0.626075029373	0.897364318371	0.778756260872	0.66827839613	0.844785571098	-0.84979981184	-0.289723664522	0.132954508066	0.827485859394	0.714091181755	0.991415321827	0.993460178375	-0.738092303276	0.98373657465	0.9868516922	0.601202964783	0.969697892666	0.976787269115	0.98301422596	0.986892044544	0.981646060944	0.978530287743	0.971642315388	0.979643404484	0.986023783684	0.981225848198	0.465395927429	0.98015499115	0.982183396816	0.979883372784	0.985509157181	-0.682458937168	-0.772804141045	0.679155170918	0.533045470715
343_TASK01_CON08_8.0_pos	pos	8.0	-0.115766890347	0.11083945632	-0.11831831187	0.0317155085504	0.120519950986	0.251254767179	0.0627713724971	-0.0928491652012	-0.300758987665	-0.0739775151014	0.224319860339	-0.0667654722929	0.11806499958	-0.096205830574	0.218268424273	0.0988134890795	-0.185805752873	0.181457191706	-0.215172424912	0.0600766912103	-0.396115243435	0.290608167648	0.00485057150945	-0.17379117012	0.22910143435	-0.130062788725	-0.0853265598416	-0.00919460784644	0.0583301633596	0.0558838583529	0.0704205930233	0.044746670872	-0.105880729854	0.0902765542269	0.189695954323	0.0995403528214	0.136205598712	0.155103549361	0.0632464066148	0.0434513054788	0.116625770926	0.158567532897	0.109189555049	0.0432224012911	0.210881352425	-0.0512140542269	-0.107801727951
343_TASK01_CON08_9.0_posneg	posneg	9.0																																															
343_TASK01_CON08_9.0_pos	pos	9.0																																															
343_TASK01_CON08_10.0_posneg	posneg	10.0																																															
343_TASK01_CON08_10.0_pos	pos	10.0																																															
343_TASK01_CON08_11.0_posneg	posneg	11.0																																															
343_TASK01_CON08_11.0_pos	pos	11.0																																															
343_TASK01_CON08_12.0_posneg	posneg	12.0																																															
343_TASK01_CON08_12.0_pos	pos	12.0																																															
343_TASK01_CON08_13.0_posneg	posneg	13.0																																															
343_TASK01_CON08_13.0_pos	pos	13.0																																															
343_TASK01_CON09_0.0_posneg	posneg	0.0	0.405049622059	0.109892822802	0.768834650517	0.210433289409	0.217819556594	-0.162341341376	-0.0346431955695	0.174065828323	0.270525276661	0.0245811808854	-0.269357800484	-0.140099614859	-0.265998452902	-0.193458378315	-0.176297277212	-0.237221106887	0.0731382444501	-0.120128810406	0.143800243735	-0.0957882627845	0.0623700991273	-0.0112755866721	0.213324382901	0.22328093648	-0.143334373832	0.187863379717	0.2939902246	0.407035142183	0.240163862705	0.272080630064	0.243079915643	0.221933066845	0.296780109406	0.354399859905	0.306801974773	0.336490362883	0.237509295344	0.324612379074	-0.132411360741	0.264571279287	0.300358444452	0.262302398682	0.266943871975	-0.195723384619	-0.00346347875893	0.126890927553	0.032431922853
343_TASK01_CON09_0.0_pos	pos	0.0	0.566022753716	0.287783175707	0.760686337948	0.341324597597	0.349585026503	-0.248890444636	-0.0338701345026	-0.000184788295883	0.0716082826257	0.332854509354	-0.28904145956	-0.223312884569	-0.276685535908	-0.245691463351	-0.18204189837	-0.266779571772	0.385012298822	-0.0462958477437	0.0465025156736	-0.048499904573	0.00849545560777	0.0714489668608	0.435993999243	0.405397355556	-0.0792467966676	0.407156258821	0.460845351219	0.352759957314	0.455314695835	0.464121639729	0.426406145096	0.417783528566	0.488941460848	0.545203447342	0.490505248308	0.504749834538	0.434169024229	0.507232248783	-0.124858431518	0.466733038425	0.491208583117	0.444010436535	0.451283574104	-0.203568562865	-0.0972037762403	0.167558282614	0.0745045989752
343_TASK01_CON09_1.0_posneg	posneg	1.0	0.491200000048	0.143410503864	0.846016705036	0.263810157776	0.274889290333	-0.209336265922	-0.0406565777957	0.215656742454	0.331744343042	0.039828967303	-0.334532856941	-0.17887558043	-0.328014433384	-0.235065817833	-0.223569348454	-0.293372929096	0.102832041681	-0.157007619739	0.18957862258	-0.12606702745	0.0825800597668	-0.0153743671253	0.273785471916	0.283890515566	-0.179737851024	0.234041422606	0.355990052223	0.484292387962	0.302476704121	0.340822458267	0.305122762918	0.281050831079	0.368815034628	0.429681748152	0.377318352461	0.408402174711	0.301503688097	0.398820370436	-0.166891977191	0.332061648369	0.372463017702	0.327792644501	0.332558393478	-0.234868064523	-0.0100557561964	0.156873106956	0.0445001646876
343_TASK01_CON09_1.0_pos	pos	1.0	0.542959749699	0.241246283054	0.765176534653	0.307280868292	0.314267754555	-0.221708580852	-0.0759696811438	-0.078415222466	0.038574334234	0.357191801071	-0.359993427992	-0.305364370346	-0.344509869814	-0.322584837675	-0.272889405489	-0.332745224237	0.41379982233	-0.0599583536386	0.0629016906023	-0.056731544435	-0.0115994596854	0.0651385635138	0.435093164444	0.402539342642	-0.0845398083329	0.388938188553	0.443317770958	0.336046904325	0.47997918725	0.507470786572	0.457871228456	0.437414228916	0.485410004854	0.561403572559	0.513973772526	0.514875352383	0.467092782259	0.521583735943	-0.126239687204	0.478372484446	0.522245407104	0.472250372171	0.469222933054	-0.25706589222	-0.0666531100869	0.201014116406	0.0619571432471
343_TASK01_CON09_2.0_posneg	posneg	2.0	0.587019383907	0.170205190778	0.909501671791	0.325840324163	0.341348856688	-0.257099688053	-0.0512599050999	0.275355041027	0.411173075438	0.0306101366878	-0.438850432634	-0.25565046072	-0.42467585206	-0.310740321875	-0.324759423733	-0.389115840197	0.121563643217	-0.235266014934	0.277369648218	-0.17785269022	0.135941773653	-0.0505322962999	0.348308891058	0.360590398312	-0.239908054471	0.272468686104	0.408314317465	0.566399872303	0.387854009867	0.441216111183	0.397973716259	0.367789119482	0.45928299427	0.524788558483	0.477887451649	0.503677546978	0.396253466606	0.498338580132	-0.214824065566	0.421294629574	0.472364604473	0.42506480217	0.425655156374	-0.308743089437	-0.0107664410025	0.211087957025	0.0655225366354
343_TASK01_CON09_2.0_pos	pos	2.0	0.44408223033	0.0920828357339	0.76433712244	0.195847198367	0.197708532214	-0.155517920852	-0.168782442808	-0.169953420758	0.0628881901503	0.337356239557	-0.439250707626	-0.406816869974	-0.423169195652	-0.40509301424	-0.377629041672	-0.4102204144	0.407501280308	-0.0664267465472	0.0621796250343	-0.0826932862401	-0.0387942902744	0.0753536447883	0.37644135952	0.339334845543	-0.0644879117608	0.31322479248	0.407624334097	0.367766290903	0.441033214331	0.502718150616	0.448605269194	0.39163222909	0.409018158913	0.529846072197	0.490493446589	0.470719724894	0.441655993462	0.479185193777	-0.120432287455	0.419970333576	0.504474878311	0.455892473459	0.425436288118	-0.321366876364	0.023031918332	0.238431632519	-0.00442946562544
343_TASK01_CON09_3.0_posneg	posneg	3.0	0.655560016632	0.127884954214	0.947452545166	0.362144380808	0.376909166574	-0.268514037132	-0.0948675572872	0.321933358908	0.488620519638	-0.037475053221	-0.561839163303	-0.388915479183	-0.534826993942	-0.420121997595	-0.481038033962	-0.518951892853	0.103444382548	-0.325577735901	0.373054355383	-0.205414056778	0.239799901843	-0.137103825808	0.402028948069	0.415627121925	-0.310912966728	0.259870827198	0.422389000654	0.617287456989	0.467685490847	0.55039948225	0.499638438225	0.453571587801	0.526559054852	0.608547985554	0.576912343502	0.593399345875	0.495614647865	0.591756522655	-0.26263153553	0.498162150383	0.573992073536	0.527854025364	0.51775676012	-0.402211159468	0.0260951034725	0.27571234107	0.0761871039867
343_TASK01_CON09_3.0_pos	pos	3.0	0.283870726824	-0.110287040472	0.747934699059	0.0225054156035	0.0199825800955	-0.0745705738664	-0.277195900679	-0.266881942749	0.104531884193	0.281981557608	-0.51915371418	-0.473355561495	-0.490260690451	-0.454164683819	-0.472911089659	-0.484805822372	0.38892942667	-0.0978653728962	0.0785447284579	-0.0990063101053	-0.0103940423578	0.0939158201218	0.284678637981	0.243501633406	-0.0290767475963	0.16422700882	0.329885184765	0.41584610939	0.330617159605	0.426288664341	0.393158257008	0.285729080439	0.248545363545	0.431482940912	0.419595360756	0.368223249912	0.352257966995	0.371525496244	-0.0887697264552	0.281621515751	0.417254596949	0.391838103533	0.323108553886	-0.37579447031	0.10917969048	0.275769948959	-0.0893701985478
343_TASK01_CON09_4.0_posneg	posneg	4.0	0.636434137821	-0.0149742215872	0.960622906685	0.297828435898	0.303538173437	-0.173636645079	-0.171510398388	0.229745343328	0.47228038311	-0.107994697988	-0.617369115353	-0.516611218452	-0.574250817299	-0.476170539856	-0.610987901688	-0.604988873005	0.0973673909903	-0.34099522233	0.385395377874	-0.118942372501	0.375993549824	-0.250540703535	0.415539264679	0.426071077585	-0.330453515053	0.147383391857	0.358541667461	0.58234834671	0.481386333704	0.60724157095	0.548884451389	0.478622227907	0.484523236752	0.618233382702	0.615310251713	0.617743015289	0.545681536198	0.622143447399	-0.240962862968	0.491984218359	0.621519386768	0.577782869339	0.552470982075	-0.451139628887	0.0864149481058	0.291597902775	0.0538786873221
343_TASK01_CON09_4.0_pos	pos	4.0	0.0399777181447	-0.319880336523	0.696049809456	-0.192398115993	-0.195471569896	0.00486624334008	-0.360321730375	-0.336992323399	0.135512307286	0.19092926383	-0.563360214233	-0.504240095615	-0.516267240047	-0.47826269269	-0.516957163811	-0.521528482437	0.362249404192	-0.148750409484	0.0803134292364	-0.0871189907193	-0.00702108070254	0.137496218085	0.181425333023	0.134003788233	0.0205880366266	-0.0405557863414	0.208876699209	0.437984913588	0.147944003344	0.273862957954	0.297961711884	0.114946760237	0.00493898103014	0.248176649213	0.312760382891	0.213402196765	0.195805966854	0.193222030997	-0.0483399219811	0.0604957230389	0.246278330684	0.291013777256	0.164116069674	-0.411960661411	0.124602496624	0.316013395786	-0.166733622551
343_TASK01_CON09_5.0_posneg	posneg	5.0	0.343773603439	-0.192566871643	0.930151760578	0.0533595085144	0.0411484129727	-0.0138803608716	-0.238375380635	0.00314755411819	0.329449117184	-0.135701313615	-0.527638435364	-0.470350712538	-0.483577877283	-0.416932195425	-0.553981781006	-0.534405171871	0.0919128283858	-0.210852846503	0.282080054283	-0.0250622965395	0.25540754199	-0.158510193229	0.303037762642	0.293789118528	-0.210410922766	-0.0799679458141	0.129330486059	0.454239964485	0.279845923185	0.442064642906	0.418805539608	0.275850653648	0.193019717932	0.386774539948	0.460095971823	0.443650513887	0.373361051083	0.424129277468	-0.144176661968	0.244450256228	0.435351669788	0.436732679605	0.370576024055	-0.391304880381	0.0625361278653	0.256298989058	-0.00348862400278
343_TASK01_CON09_5.0_pos	pos	5.0	-0.268237560987	-0.468107908964	0.572793602943	-0.370400428772	-0.387234866619	0.0957211926579	-0.392661720514	-0.369799941778	0.123494550586	0.0355462543666	-0.522978365421	-0.497206330299	-0.483986973763	-0.460170954466	-0.510096669197	-0.49643945694	0.31451639533	-0.0726490393281	0.0194827411324	-0.0499730929732	-0.0512600243092	0.13000574708	0.0272243190557	-0.0125330546871	0.0731061547995	-0.272981137037	0.00303921918385	0.416236877441	-0.137606412172	-0.0167664308101	0.116022586823	-0.150816306472	-0.280277907848	-0.092410877347	0.102774120867	-0.0259357932955	-0.0751619264483	-0.104635827243	0.0171941835433	-0.241369664669	-0.0783840790391	0.0983293056488	-0.0919379219413	-0.348773479462	0.036824375391	0.300861001015	-0.175479486585
343_TASK01_CON09_6.0_posneg	posneg	6.0	-0.055048558861	-0.270205467939	0.74262624979	-0.190318971872	-0.208360597491	0.119195193052	-0.223800614476	-0.143136307597	0.147478818893	-0.117975667119	-0.397832036018	-0.353394091129	-0.374777108431	-0.339029997587	-0.420238077641	-0.404303073883	0.159394487739	-0.0273020379245	0.152129456401	-0.0184757001698	0.0295286867768	-0.0502214729786	0.0965677797794	0.0682822093368	-0.0297554116696	-0.184221044183	-0.021540151909	0.344921201468	-0.0605240352452	0.0595656186342	0.126494154334	-0.0499209724367	-0.139880776405	-0.0204559434205	0.139402121305	0.0661296844482	0.00703601678833	0.00439335266128	-0.0232205949724	-0.10997441411	0.0197445843369	0.125078931451	0.00926630664617	-0.265774637461	-0.0220541954041	0.210646435618	-0.0303147211671
343_TASK01_CON09_6.0_pos	pos	6.0	-0.389471948147	-0.463860362768	0.439798891544	-0.418458372355	-0.446537554264	0.222815126181	-0.326998740435	-0.3142786026	0.0386864282191	-0.118066743016	-0.450562030077	-0.45101365447	-0.424655407667	-0.42114970088	-0.452347010374	-0.435470700264	0.267033874989	0.0338256806135	-0.0481729842722	-0.0290564373136	-0.120840683579	0.119242325425	-0.0988205745816	-0.134402766824	0.0936317369342	-0.404359251261	-0.214902997017	0.368977844715	-0.369881391525	-0.278665959835	-0.102537259459	-0.345766335726	-0.428065389395	-0.344625860453	-0.118878342211	-0.248470708728	-0.316056579351	-0.350414544344	0.0400573536754	-0.424723774195	-0.337867647409	-0.11848693341	-0.310969144106	-0.278501540422	-0.0864288136363	0.283815264702	-0.0826721265912
343_TASK01_CON09_7.0_posneg	posneg	7.0	-0.237551569939	-0.280987411737	0.248092740774	-0.24032099545	-0.264387577772	0.206448048353	-0.199747130275	-0.212536498904	-0.00885688513517	0.0247302800417	-0.328817009926	-0.333868384361	-0.318257957697	-0.321051537991	-0.310317933559	-0.324793577194	0.320197343826	0.0402341037989	0.00655846716836	-0.0385297723114	-0.134056404233	0.0836303010583	0.0493886210024	0.00920297671109	0.0967862084508	-0.208581849933	-0.060765594244	0.26852285862	-0.218920588493	-0.170749992132	-0.0254371985793	-0.180193781853	-0.248856067657	-0.197708249092	-0.0581300184131	-0.110976606607	-0.182387128472	-0.197019919753	0.080573156476	-0.241461187601	-0.196939438581	-0.0464462190866	-0.153645887971	-0.220175251365	-0.135335162282	0.20559027791	0.128141224384
343_TASK01_CON09_7.0_pos	pos	7.0	-0.237551569939	-0.280987411737	0.248092740774	-0.24032099545	-0.264387577772	0.206448048353	-0.199747130275	-0.212536498904	-0.00885688513517	0.0247302800417	-0.328817009926	-0.333868384361	-0.318257957697	-0.321051537991	-0.310317933559	-0.324793577194	0.320197343826	0.0402341037989	0.00655846716836	-0.0385297723114	-0.134056404233	0.0836303010583	0.0493886210024	0.00920297671109	0.0967862084508	-0.208581849933	-0.060765594244	0.26852285862	-0.218920588493	-0.170749992132	-0.0254371985793	-0.180193781853	-0.248856067657	-0.197708249092	-0.0581300184131	-0.110976606607	-0.182387128472	-0.197019919753	0.080573156476	-0.241461187601	-0.196939438581	-0.0464462190866	-0.153645887971	-0.220175251365	-0.135335162282	0.20559027791	0.128141224384
343_TASK01_CON09_8.0_posneg	posneg	8.0	-0.105065889657	-0.0215124431998	0.139430612326	-0.114340335131	-0.12975512445	0.121567673981	0.0449495762587	0.134447991848	0.225090354681	-0.013685664162	-0.188522160053	-0.183707281947	-0.193169862032	-0.180288806558	-0.220735251904	-0.219739437103	0.234191268682	0.0109165059403	0.037676807493	-0.0180883072317	0.186892300844	-0.219424888492	0.114382110536	-0.0250579882413	0.371174544096	-0.226075276732	-0.0525644645095	0.252425611019	-0.167621180415	-0.162536799908	-0.169836834073	-0.12261813879	-0.151068329811	-0.18817910552	-0.260466426611	-0.111570313573	-0.158278957009	-0.189057976007	-0.152156531811	-0.15765067935	-0.169930011034	-0.214957892895	-0.127244085073	0.0532283522189	-0.129402041435	-0.102244541049	0.379506886005
343_TASK01_CON09_8.0_pos	pos	8.0	-0.105065889657	-0.0215124431998	0.139430612326	-0.114340335131	-0.12975512445	0.121567673981	0.0449495762587	0.134447991848	0.225090354681	-0.013685664162	-0.188522160053	-0.183707281947	-0.193169862032	-0.180288806558	-0.220735251904	-0.219739437103	0.234191268682	0.0109165059403	0.037676807493	-0.0180883072317	0.186892300844	-0.219424888492	0.114382110536	-0.0250579882413	0.371174544096	-0.226075276732	-0.0525644645095	0.252425611019	-0.167621180415	-0.162536799908	-0.169836834073	-0.12261813879	-0.151068329811	-0.18817910552	-0.260466426611	-0.111570313573	-0.158278957009	-0.189057976007	-0.152156531811	-0.15765067935	-0.169930011034	-0.214957892895	-0.127244085073	0.0532283522189	-0.129402041435	-0.102244541049	0.379506886005
343_TASK01_CON09_9.0_posneg	posneg	9.0																																															
343_TASK01_CON09_9.0_pos	pos	9.0																																															
343_TASK01_CON09_10.0_posneg	posneg	10.0																																															
343_TASK01_CON09_10.0_pos	pos	10.0																																															
343_TASK01_CON09_11.0_posneg	posneg	11.0																																															
343_TASK01_CON09_11.0_pos	pos	11.0																																															
343_TASK01_CON09_12.0_posneg	posneg	12.0																																															
343_TASK01_CON09_12.0_pos	pos	12.0																																															
343_TASK01_CON09_13.0_posneg	posneg	13.0																																															
343_TASK01_CON09_13.0_pos	pos	13.0																																															
343_TASK02_CON25_0.0_posneg	posneg	0.0	0.710761427879	0.715544462204	0.285072743893	0.906963169575	0.901229739189	-0.259908407927	0.458114683628	0.0658443644643	-0.506953775883	0.438238084316	0.0985970571637	0.104680016637	0.133569166064	0.181969314814	0.108620889485	0.119781322777	0.418705940247	0.0231472738087	-0.0738290250301	0.0575216785073	0.0598985478282	0.0760284736753	0.771444618702	0.799066483974	-0.31602165103	0.578450858593	0.504012942314	0.103220507503	0.823071241379	0.770442008972	0.755657315254	0.818362295628	0.759358167648	0.687063336372	0.7190746665	0.758203566074	0.827321887016	0.775748550892	0.423163175583	0.819124639034	0.772002995014	0.761943280697	0.815998792648	-0.0132972374558	-0.396622389555	0.126935064793	0.29725638032
343_TASK02_CON25_0.0_pos	pos	0.0	0.635299861431	0.614248096943	0.351019144058	0.837880194187	0.817196726799	-0.258585304022	0.218872353435	-0.00576029205695	-0.19715359807	0.520415425301	0.111202068627	0.0671184509993	0.074715077877	0.054674629122	0.0835636407137	0.0842302292585	0.509832859039	0.127937793732	-0.086416579783	0.0129985027015	-0.0699303969741	0.0373032540083	0.66305744648	0.686443090439	-0.208504900336	0.534704208374	0.439232319593	0.0355040766299	0.709721028805	0.618690192699	0.638338208199	0.714296162128	0.673244655132	0.626494824886	0.629488527775	0.682334303856	0.687890708447	0.668111979961	0.0565949231386	0.704462587833	0.636712968349	0.642468988895	0.708328008652	-0.113260067999	-0.375737905502	0.16751794517	0.30520606041
343_TASK02_CON25_1.0_posneg	posneg	1.0	0.752487361431	0.757065057755	0.31475803256	0.931636989117	0.928492903709	-0.294285833836	0.506081461906	0.0827634632587	-0.554537117481	0.485023021698	0.107286281884	0.117722406983	0.15053024888	0.206338748336	0.122390575707	0.133960574865	0.465018421412	0.0194787252694	-0.0788177549839	0.0656857937574	0.0740184038877	0.0867719426751	0.817072153091	0.842350423336	-0.357231587172	0.632008016109	0.556643784046	0.117435380816	0.860304772854	0.811941981316	0.797410011292	0.859120070934	0.800787448883	0.732229828835	0.764112770557	0.799552202225	0.866871833801	0.819229245186	0.462024480104	0.857700288296	0.8150639534	0.806061208248	0.856466412544	-0.016357479617	-0.43124216795	0.140216827393	0.326180875301
343_TASK02_CON25_1.0_pos	pos	1.0	0.613255918026	0.589348912239	0.355175942183	0.814734816551	0.788450360298	-0.233952090144	0.172718703747	0.038157787174	-0.0837285518646	0.479759991169	0.0862218886614	0.0747656971216	0.0528961345553	0.0384491272271	0.0701790675521	0.0671121031046	0.466970354319	0.103347048163	-0.0404016822577	-0.00351752666757	-0.0684546381235	0.0251684542745	0.620570063591	0.64777559042	-0.207351818681	0.489855647087	0.395041316748	0.0273143388331	0.666651070118	0.566326975822	0.593655645847	0.688505291939	0.638552248478	0.603357672691	0.597534120083	0.651310861111	0.639973700047	0.629942655563	-0.0254355091602	0.661889255047	0.59124404192	0.598529279232	0.675554454327	-0.15462833643	-0.350202023983	0.178856700659	0.315490007401
343_TASK02_CON25_2.0_posneg	posneg	2.0	0.798481345177	0.799285590649	0.359638720751	0.953122317791	0.951889634132	-0.331319868565	0.56102848053	0.122248105705	-0.592713475227	0.529416739941	0.112875759602	0.129373341799	0.168832093477	0.237245351076	0.137608170509	0.14787261188	0.505743503571	0.0116942115128	-0.0836404785514	0.0769869610667	0.0972131416202	0.0990344360471	0.862582743168	0.884609997272	-0.408533573151	0.690468013287	0.617738485336	0.138015791774	0.894194662571	0.851202189922	0.839402258396	0.897116005421	0.842294156551	0.779070317745	0.810616672039	0.84082877636	0.90238648653	0.860868394375	0.497615069151	0.893009185791	0.855589926243	0.849512279034	0.894155561924	-0.0284118019044	-0.468445897102	0.158891677856	0.3594404459
343_TASK02_CON25_2.0_pos	pos	2.0	0.57595795393	0.550286114216	0.342405200005	0.778624117374	0.749286174774	-0.197112411261	0.129247710109	0.0884549841285	0.0165013279766	0.422937303782	0.0486831404269	0.0773624107242	0.0234697256237	0.0116191906855	0.0410114116967	0.0375231392682	0.411897957325	0.0659160092473	0.0292629431933	-0.0140188178048	-0.060370143503	-1.20064953535e-06	0.56678545475	0.597298920155	-0.200941935182	0.427947759628	0.335363477468	0.0163633245975	0.601702988148	0.495179206133	0.529854238033	0.649415433407	0.583239495754	0.56084138155	0.544923245907	0.597026884556	0.574123680592	0.571504235268	-0.090393923223	0.598918795586	0.526586532593	0.535391867161	0.625421762466	-0.189129263163	-0.302375495434	0.177182272077	0.308672606945
343_TASK02_CON25_3.0_posneg	posneg	3.0	0.84442204237	0.840282142162	0.419400125742	0.968548774719	0.968302309513	-0.366753280163	0.614782631397	0.19577050209	-0.60867613554	0.566545307636	0.114204697311	0.131527736783	0.189154282212	0.276576131582	0.159027844667	0.162301570177	0.533942997456	-0.00185324030463	-0.0958508253098	0.0916447937489	0.130648076534	0.118563860655	0.901296913624	0.919232845306	-0.46449521184	0.746676266193	0.682037174702	0.16655009985	0.92147475481	0.884046196938	0.875003755093	0.926968276501	0.879133045673	0.824042201042	0.852521181107	0.877218604088	0.929500341415	0.896025538445	0.515065610409	0.921180486679	0.889781951904	0.886107981205	0.924482166767	-0.0514608696103	-0.500625610352	0.178106561303	0.397054344416
343_TASK02_CON25_3.0_pos	pos	3.0	0.511622846127	0.473654031754	0.333434730768	0.718834280968	0.686750531197	-0.131393328309	0.0816997140646	0.139174416661	0.0928029567003	0.378160387278	0.0206140223891	0.0710473135114	0.00475062755868	-0.00961957685649	0.0220631584525	0.0161212999374	0.364847689867	0.0248923543841	0.0779585838318	-0.0197793915868	-0.0613832995296	-0.0124797150493	0.496317774057	0.528720200062	-0.18655410409	0.348322421312	0.269584566355	0.016927478835	0.506522715092	0.404383003712	0.445354342461	0.58413875103	0.502475678921	0.496660888195	0.465674728155	0.514180481434	0.485992670059	0.490790396929	-0.130979701877	0.508828401566	0.441611915827	0.451190918684	0.549800932407	-0.214743331075	-0.222469970584	0.162976160645	0.268947631121
343_TASK02_CON25_4.0_posneg	posneg	4.0	0.883622825146	0.874604344368	0.48285228014	0.978024601936	0.977945387363	-0.388127774	0.652846038342	0.287227779627	-0.599260151386	0.610008597374	0.118615791202	0.116884239018	0.214867830276	0.31714078784	0.205973863602	0.187331885099	0.567614912987	-0.0207186564803	-0.134217217565	0.105451464653	0.159874290228	0.164884641767	0.929540157318	0.943061709404	-0.506540954113	0.794773995876	0.740176975727	0.187497273088	0.939431488514	0.907331645489	0.901058018208	0.947558581829	0.907774925232	0.860299646854	0.882796466351	0.903286576271	0.947296917439	0.921250879765	0.506455242634	0.940650224686	0.913921117783	0.911992847919	0.945186853409	-0.080304004252	-0.519249618053	0.185994848609	0.442471116781
343_TASK02_CON25_4.0_pos	pos	4.0	0.402632832527	0.349694520235	0.30938577652	0.62643301487	0.581110775471	-0.0114913927391	0.0264694280922	0.153804928064	0.114778570831	0.330273449421	0.0129339890555	0.0695432052016	0.00919779296964	-0.0182240922004	0.0319736935198	0.0170994624496	0.312765806913	-0.0191710423678	0.0803682357073	-0.0173277202994	-0.0820869579911	0.010705797933	0.401064604521	0.437266498804	-0.176852703094	0.263733029366	0.20064675808	0.00410159444436	0.378571152687	0.299394637346	0.341283649206	0.482249677181	0.382958382368	0.389379560947	0.359421342611	0.390818268061	0.372948527336	0.376746863127	-0.122134126723	0.383112996817	0.332415133715	0.347599327564	0.435906469822	-0.214774653316	-0.12064602226	0.133914530277	0.19512180984
343_TASK02_CON25_5.0_posneg	posneg	5.0	0.907857894897	0.893459200859	0.544493079185	0.983462691307	0.983595907688	-0.357794910669	0.668209791183	0.401673704386	-0.562194049358	0.65563160181	0.146238222718	0.079120695591	0.273713231087	0.366073220968	0.267133414745	0.225884914398	0.602486491203	-0.0123665267602	-0.214964225888	0.158015519381	0.192871496081	0.216410577297	0.94892257452	0.959799349308	-0.539356887341	0.835492491722	0.792348086834	0.205411270261	0.949296116829	0.921970367432	0.919392049313	0.960942566395	0.929299294949	0.887294948101	0.903950154781	0.921256065369	0.957642972469	0.9390411973	0.477356642485	0.953277349472	0.930615842342	0.929075062275	0.958608150482	-0.118001259863	-0.50500702858	0.174443274736	0.469581067562
343_TASK02_CON25_5.0_pos	pos	5.0	0.293452143669	0.234383895993	0.272225409746	0.482604146004	0.438829571009	0.0554239116609	-0.0334793440998	0.0908406302333	0.106253691018	0.251790046692	-0.0370819084346	0.00494979927316	-0.0309947915375	-0.0704743042588	0.0191455930471	-0.0269312746823	0.250644177198	-0.0644946545362	0.0661139637232	-0.0185967069119	-0.0941747799516	0.0597897432745	0.292981207371	0.335277706385	-0.15823584795	0.19843159616	0.144007369876	-0.0152320805937	0.229613929987	0.178000599146	0.230098769069	0.336479008198	0.252946257591	0.250269263983	0.241874232888	0.263329833746	0.231348663568	0.245184734464	-0.10715957731	0.23235706985	0.199561432004	0.22963707149	0.294498085976	-0.173320800066	-0.0533276125789	0.0996373444796	0.117467045784
343_TASK02_CON25_6.0_posneg	posneg	6.0	0.918592751026	0.897572517395	0.588800787926	0.984504759312	0.985389471054	-0.268271803856	0.640601992607	0.516331732273	-0.47374817729	0.680504202843	0.187479510903	-0.0102708609775	0.370782524347	0.440164923668	0.320645898581	0.258000463247	0.606692612171	0.0287919845432	-0.332251429558	0.279127538204	0.283913075924	0.26560279727	0.960149049759	0.96914345026	-0.520970404148	0.846085965633	0.812870502472	0.218792319298	0.945655286312	0.914516270161	0.915518224239	0.963682830334	0.93364405632	0.892562747002	0.905050218105	0.923040986061	0.954368293285	0.942021369934	0.414832442999	0.952874064445	0.92841988802	0.926841199398	0.960199117661	-0.125837087631	-0.429160624743	0.116684809327	0.438096791506
343_TASK02_CON25_6.0_pos	pos	6.0	0.184608280659	0.162136957049	0.142434865236	0.267827033997	0.25848710537	0.0441254898906	-0.119467929006	-0.0149829797447	0.131894424558	0.164204820991	-0.0711734965444	-0.0525912940502	-0.0831941366196	-0.100991375744	-0.0364854298532	-0.0777818784118	0.187164142728	-0.0369179621339	0.0695332661271	-0.04953905195	-0.0458716899157	0.0308834016323	0.17643634975	0.221129521728	-0.0894403457642	0.138333112001	0.0942635238171	-0.0261023379862	0.0872413218021	0.041114192456	0.104549467564	0.185495868325	0.135117352009	0.113860689104	0.14479804039	0.15326654911	0.0866524428129	0.130106985569	-0.121722102165	0.100473344326	0.0583028458059	0.116298496723	0.160120680928	-0.0833492204547	-0.0694966763258	0.0535037964582	0.103424042463
343_TASK02_CON25_7.0_posneg	posneg	7.0	0.879327774048	0.834900736809	0.502554118633	0.97343057394	0.976098954678	-0.143791779876	0.417462587357	0.414115905762	-0.276263594627	0.744052231312	0.0983168706298	0.074253603816	0.280133634806	0.276671558619	0.302393883467	0.232158526778	0.67097145319	-0.096665725112	-0.200336366892	0.170796796679	0.0588868111372	0.271382749081	0.950756907463	0.959159314632	-0.336316823959	0.80124861002	0.702797293663	0.0721541941166	0.884554743767	0.807794511318	0.819721579552	0.931147098541	0.885886311531	0.811637639999	0.828264653683	0.860376834869	0.901422142982	0.893232107162	0.170842558146	0.906260848045	0.850120544434	0.851528823376	0.921450912952	-0.0825140997767	-0.28801164031	0.0671418681741	0.332656741142
343_TASK02_CON25_7.0_pos	pos	7.0	0.0325754471123	0.0590881593525	0.0391300022602	0.0995756164193	0.135966479778	0.0124551011249	-0.0499672330916	-0.0334978476167	0.0365205593407	0.093228392303	0.0160128716379	-0.0252832006663	-0.00393918482587	-0.0172788482159	0.0191623400897	-0.0036582686007	0.0941113904119	0.0125575987622	-0.046682510525	-0.0131373424083	-0.0141635620967	0.0365663766861	0.121304184198	0.109868854284	0.049185141921	-0.0272771269083	0.000142669450724	0.0102808531374	0.0350756905973	-0.000202337905648	0.0349628478289	0.0732938796282	0.0481175780296	0.0343271903694	0.060089327395	0.0480783507228	0.0386371538043	0.0580039024353	-0.0387669317424	0.0444618277252	0.0190068371594	0.0555334016681	0.0681916549802	-0.00477669155225	-0.0636586472392	0.00842025596648	0.0637898370624
343_TASK02_CON25_8.0_posneg	posneg	8.0	0.927583456039	0.894949913025	0.435195118189	0.97527474165	0.98930066824	-0.161117568612	0.441653639078	0.350407719612	-0.477807641029	0.743057191372	0.129334270954	-0.212247490883	0.326466113329	0.0298264902085	0.383429467678	0.198988884687	0.698036789894	-0.0553277172148	-0.499473363161	0.293881833553	-0.176132142544	0.417218267918	0.963731944561	0.963868975639	-0.301142275333	0.836451649666	0.753512859344	0.112222403288	0.937238574028	0.877794325352	0.847823381424	0.962195932865	0.927549004555	0.848330140114	0.863492488861	0.929634511471	0.951278626919	0.941547751427	0.233683347702	0.952440321445	0.898568332195	0.894620835781	0.962022840977	-0.0220942180604	-0.371371388435	0.0826564580202	0.290959656239
343_TASK02_CON25_8.0_pos	pos	8.0	0.184460222721	0.00737711507827	0.245147556067	-0.105919033289	-0.0576341114938	-0.0702500864863	-0.20337601006	-0.0428145229816	0.290226459503	-0.13787189126	-0.151221141219	-0.444000393152	-0.387558609247	-0.238975793123	-0.158243626356	-0.2991065979	0.123228438199	0.0889219865203	-0.0464215986431	-0.364247053862	0.170339584351	0.0568608008325	-0.360339194536	-0.161989524961	0.484375625849	0.123122528195	0.29148748517	0.400268286467	-0.036525785923	-0.0467640273273	-0.00568313756958	-0.0327444374561	-0.0557424761355	0.091898649931	0.0565558262169	-0.0601473860443	-0.036054931581	-0.00431740889326	-0.204006761312	-0.0706246495247	-0.0163950342685	0.011046865955	-0.086341753602	-0.0731753483415	0.149342924356	0.0467061921954	-0.0929643660784
343_TASK02_CON25_9.0_posneg	posneg	9.0																																															
343_TASK02_CON25_9.0_pos	pos	9.0																																															
343_TASK02_CON25_10.0_posneg	posneg	10.0																																															
343_TASK02_CON25_10.0_pos	pos	10.0																																															
343_TASK02_CON25_11.0_posneg	posneg	11.0																																															
343_TASK02_CON25_11.0_pos	pos	11.0																																															
343_TASK02_CON25_12.0_posneg	posneg	12.0																																															
343_TASK02_CON25_12.0_pos	pos	12.0																																															
343_TASK02_CON25_13.0_posneg	posneg	13.0																																															
343_TASK02_CON25_13.0_pos	pos	13.0																																															
343_TASK02_CON26_0.0_posneg	posneg	0.0	0.715240955353	0.713062882423	0.296066552401	0.90585654974	0.922743320465	-0.330654919147	0.439786195755	0.0284850988537	-0.530089199543	0.457167297602	0.0854694619775	0.0912597030401	0.120977841318	0.176355972886	0.0835562497377	0.099961578846	0.446624398232	0.0320279374719	-0.0689473301172	0.0661235451698	0.0780369713902	0.0527740269899	0.799352884293	0.829625844955	-0.327749758959	0.614817619324	0.53757339716	0.115663446486	0.844704866409	0.787924766541	0.776022493839	0.829754710197	0.774194836617	0.694734334946	0.734613001347	0.773194253445	0.849253058434	0.793665826321	0.440700858831	0.83984464407	0.789038836956	0.78339022398	0.831690728664	0.00145969574805	-0.40637549758	0.131401374936	0.280662685633
343_TASK02_CON26_0.0_pos	pos	0.0	0.667445659637	0.634502112865	0.370327234268	0.849283695221	0.860796272755	-0.306311994791	0.249419346452	0.00219625676982	-0.226788729429	0.529618918896	0.0987749770284	0.059707339853	0.0671735107899	0.0490850247443	0.0705779343843	0.0731467232108	0.528397500515	0.122989214957	-0.0843671038747	0.0179144665599	-0.0595981329679	0.0305461958051	0.695201396942	0.71960991621	-0.204712614417	0.573557913303	0.480747818947	0.0682736262679	0.736572623253	0.645175516605	0.659432888031	0.731610000134	0.701022267342	0.646016776562	0.649459064007	0.707014024258	0.718166410923	0.699524819851	0.0753622427583	0.735761225224	0.665679097176	0.667994141579	0.734120428562	-0.0841198116541	-0.377836763859	0.153717160225	0.297766000032
343_TASK02_CON26_1.0_posneg	posneg	1.0	0.745317876339	0.743468344212	0.313548713923	0.925599932671	0.940954267979	-0.360858500004	0.478726416826	0.0406894795597	-0.572109878063	0.489383846521	0.0885116681457	0.102856427431	0.133022293448	0.19837962091	0.0892466977239	0.10821313411	0.47805082798	0.0250928085297	-0.0684821680188	0.0752688422799	0.0989379584789	0.0561241284013	0.833146750927	0.861644983292	-0.364803463221	0.656538188457	0.579835534096	0.130184814334	0.870836257935	0.818640530109	0.80752414465	0.860533297062	0.803841471672	0.72718757391	0.769599914551	0.803166091442	0.878556609154	0.826113164425	0.4758490026	0.867425501347	0.82057261467	0.817369878292	0.861816227436	-0.000737297581509	-0.43154579401	0.143886968493	0.298666089773
343_TASK02_CON26_1.0_pos	pos	1.0	0.652580618858	0.617820560932	0.37056478858	0.829439759254	0.838761091232	-0.291441202164	0.214102700353	0.0428128167987	-0.127013459802	0.492303460836	0.0787779092789	0.0698003843427	0.0456540510058	0.0361151956022	0.0517987422645	0.0564744696021	0.490686565638	0.107328593731	-0.0352092757821	0.000557075371034	-0.0511111617088	0.00726258801296	0.661863565445	0.686960637569	-0.199070304632	0.536639750004	0.443850487471	0.0642014816403	0.700835943222	0.602763056755	0.625012874603	0.710062205791	0.676551043987	0.630100846291	0.62809741497	0.687296748161	0.677692174911	0.671390473843	-0.00263304682449	0.701664865017	0.628393352032	0.634092032909	0.708812177181	-0.122723706067	-0.362331479788	0.169532924891	0.310025811195
343_TASK02_CON26_2.0_posneg	posneg	2.0	0.78021633625	0.774603784084	0.345390468836	0.944512605667	0.957706749439	-0.393989413977	0.513676464558	0.0630194321275	-0.604119718075	0.525363624096	0.0893946290016	0.110506504774	0.14836268127	0.223970875144	0.0972786098719	0.117326229811	0.510974645615	0.0137816984206	-0.0716930255294	0.0891949161887	0.12479185313	0.0623793751001	0.867177248001	0.893189549446	-0.407871633768	0.705500483513	0.63229060173	0.151948720217	0.896137595177	0.848639905453	0.839151382446	0.890147209167	0.833446323872	0.764154493809	0.806252837181	0.835433244705	0.905744791031	0.859192430973	0.505445361137	0.893631756306	0.85256588459	0.850967824459	0.891557753086	-0.00759645923972	-0.455066084862	0.157759919763	0.316799908876
343_TASK02_CON26_2.0_pos	pos	2.0	0.62994146347	0.597843885422	0.358905941248	0.799312412739	0.8086810112	-0.266861826181	0.167856380343	0.0890363901854	-0.017669454217	0.445061087608	0.0600085034966	0.0820052176714	0.032818198204	0.0257064756006	0.0381477661431	0.044937863946	0.438386976719	0.0814893767238	0.0167703665793	-0.00700621679425	-0.047323923558	-0.0109225492924	0.618734955788	0.644303441048	-0.182353377342	0.474686056376	0.386043161154	0.0561838559806	0.646288633347	0.539432406425	0.571025371552	0.678783893585	0.632963895798	0.602540969849	0.591916203499	0.650765299797	0.621599674225	0.628118336201	-0.0816954597831	0.649738192558	0.57392013073	0.582575380802	0.671001315117	-0.159553691745	-0.333765864372	0.175538241863	0.318437159061
343_TASK02_CON26_3.0_posneg	posneg	3.0	0.819430947304	0.80828255415	0.389389365911	0.959435105324	0.969966292381	-0.423716068268	0.545534670353	0.102993555367	-0.61580914259	0.561452209949	0.0909513682127	0.108126409352	0.171772882342	0.256549417973	0.103625223041	0.126106828451	0.53998208046	0.00833171699196	-0.0851947069168	0.11924494803	0.158120289445	0.0651193112135	0.899343967438	0.921277284622	-0.448424011469	0.756278932095	0.690404653549	0.178795695305	0.917123377323	0.875464379787	0.868557393551	0.916466653347	0.862497866154	0.80303633213	0.842462658882	0.867378175259	0.928022444248	0.889990389347	0.517162501812	0.915955126286	0.881956458092	0.882435977459	0.918347656727	-0.0254717934877	-0.474094212055	0.173127219081	0.341120868921
343_TASK02_CON26_3.0_pos	pos	3.0	0.593816161156	0.559908628464	0.347968757153	0.755154490471	0.76454526186	-0.225150451064	0.110982872546	0.125099077821	0.0714186355472	0.418010532856	0.0354577638209	0.0771353319287	0.0170684400946	0.00546686723828	0.0277531836182	0.0294323582202	0.402821481228	0.0488221086562	0.0517966859043	-0.0124155161902	-0.053642116487	-0.0151346931234	0.569489896297	0.595355510712	-0.162901058793	0.404082804918	0.325858622789	0.0540339760482	0.577349185944	0.457825183868	0.50165784359	0.633877933025	0.574471712112	0.558060765266	0.540147185326	0.599283456802	0.550157904625	0.569495677948	-0.145475953817	0.582805812359	0.500574171543	0.517309248447	0.61981600523	-0.180064886808	-0.292319655418	0.166977986693	0.310154974461
343_TASK02_CON26_4.0_posneg	posneg	4.0	0.855845034122	0.840821444988	0.433804869652	0.970023214817	0.977602541447	-0.442359507084	0.568742990494	0.164046451449	-0.600036501884	0.60421359539	0.097286388278	0.0883003100753	0.204906776547	0.292349666357	0.117460265756	0.139263615012	0.570033669472	0.00998277589679	-0.125021964312	0.166970014572	0.197758346796	0.0693053901196	0.926280915737	0.94318062067	-0.476866394281	0.796483278275	0.73754888773	0.195669412613	0.932131886482	0.893932819366	0.888442754745	0.937308311462	0.887091219425	0.83692574501	0.870995104313	0.892730474472	0.942940413952	0.913177371025	0.499806523323	0.932682335377	0.902546167374	0.904561817646	0.938637316227	-0.0465745069087	-0.482659548521	0.175707966089	0.370210140944
343_TASK02_CON26_4.0_pos	pos	4.0	0.515111923218	0.467315912247	0.335013180971	0.681473314762	0.681688070297	-0.140503823757	0.0495436042547	0.150194317102	0.122997619212	0.382990330458	0.0103451153263	0.05816854164	0.00134110299405	-0.0185025092214	0.0315107926726	0.0141796078533	0.358484387398	0.00422537559643	0.0624404288828	-0.0226509235799	-0.0710064694285	0.00780844688416	0.495826840401	0.522736728191	-0.153833717108	0.338518202305	0.275060892105	0.0569312795997	0.483050048351	0.37826782465	0.416965335608	0.562153279781	0.486555665731	0.480221509933	0.46201774478	0.514248967171	0.461020737886	0.481538712978	-0.158402726054	0.488010555506	0.414888262749	0.434250444174	0.539417982101	-0.194820225239	-0.203044101596	0.149061456323	0.253547102213
343_TASK02_CON26_5.0_posneg	posneg	5.0	0.878441333771	0.857959449291	0.467730462551	0.975795269012	0.981325805187	-0.421481728554	0.564480304718	0.239407062531	-0.542388021946	0.647772908211	0.105760537088	0.0547323338687	0.244170382619	0.323733747005	0.159111231565	0.16278231144	0.595519185066	0.00168293481693	-0.193832159042	0.220940008759	0.236462458968	0.0997172519565	0.943481981754	0.955313205719	-0.473820269108	0.832419276237	0.774851679802	0.19877974689	0.937853455544	0.900446951389	0.897502243519	0.947970271111	0.902528941631	0.855501949787	0.886587500572	0.905322790146	0.948593854904	0.925662100315	0.445173025131	0.941119790077	0.912268877029	0.915694475174	0.948628246784	-0.0686670169234	-0.461662054062	0.163445323706	0.377648979425
343_TASK02_CON26_5.0_pos	pos	5.0	0.402152121067	0.343433827162	0.308095216751	0.563927054405	0.556101024151	-0.0479136444628	-0.0252588298172	0.134345516562	0.142900139093	0.298893094063	-0.0288596022874	0.0222801025957	-0.0187090225518	-0.0441671945155	0.00829792115837	-0.0160743761808	0.28116825223	-0.0559055246413	0.0713499486446	-0.0097000580281	-0.053657874465	0.0100570088252	0.39223742485	0.414137750864	-0.124480225146	0.253920137882	0.198708966374	0.0365547426045	0.347586274147	0.273151248693	0.299085617065	0.446458309889	0.365805655718	0.361190795898	0.346050649881	0.388552904129	0.335605293512	0.358947306871	-0.150419399142	0.35481646657	0.299785912037	0.316051930189	0.416520923376	-0.169548600912	-0.101304218173	0.0998396128416	0.181839242578
343_TASK02_CON26_6.0_posneg	posneg	6.0	0.886812329292	0.855440020561	0.493937939405	0.975629985332	0.980676472187	-0.364788919687	0.473250061274	0.278848707676	-0.411573201418	0.645444154739	0.0933196395636	0.0501209795475	0.284481137991	0.37190631032	0.17150580883	0.187006264925	0.557859063148	-0.0497857108712	-0.213240534067	0.27358931303	0.316580802202	0.0827015936375	0.952983796597	0.960760831833	-0.423360198736	0.843643605709	0.786378383636	0.196623086929	0.927555263042	0.884946346283	0.883422255516	0.948964953423	0.906622290611	0.849741637707	0.880804538727	0.902406394482	0.940746724606	0.925889194012	0.339664340019	0.93798995018	0.904199421406	0.907335817814	0.948306679726	-0.0747330933809	-0.370587021112	0.112287409604	0.333096623421
343_TASK02_CON26_6.0_pos	pos	6.0	0.255312800407	0.188878461719	0.237703546882	0.390610486269	0.393934637308	0.0122281294316	-0.0638010203838	0.0605731718242	0.109518140554	0.217146575451	-0.045882564038	-0.0285170525312	-0.035533554852	-0.0694731920958	0.00326078687795	-0.037283886224	0.20662201941	-0.0651295781136	0.0427577123046	-0.00698485923931	-0.0522467195988	0.0473719760776	0.268624871969	0.293515473604	-0.0752503871918	0.170212686062	0.12879961729	0.0238783881068	0.191888734698	0.143102452159	0.172814458609	0.280116796494	0.215021133423	0.204566434026	0.202370777726	0.232586860657	0.187483549118	0.209402322769	-0.114035136998	0.198371693492	0.156651005149	0.181009560823	0.253402799368	-0.101140961051	-0.0172439385206	0.0384606458247	0.0925422906876
343_TASK02_CON26_7.0_posneg	posneg	7.0	0.861335992813	0.809466719627	0.486827224493	0.965990006924	0.972220122814	-0.191750854254	0.325824320316	0.288178503513	-0.216087788343	0.72044301033	0.153328835964	0.0461626239121	0.287565022707	0.308863222599	0.219823494554	0.224957734346	0.624329090118	-0.00265037990175	-0.229646280408	0.242021083832	0.143990129232	0.133107230067	0.946396648884	0.951952159405	-0.293834328651	0.835570216179	0.738129377365	0.0863058790565	0.867857635021	0.792133629322	0.802935957909	0.929449319839	0.864640653133	0.784516692162	0.823687553406	0.850127398968	0.892434298992	0.88553839922	0.146495252848	0.894315540791	0.832686305046	0.845687508583	0.921097695827	-0.0215941090137	-0.228419750929	0.00835479795933	0.28818371892
343_TASK02_CON26_7.0_pos	pos	7.0	0.140057519078	0.0694943070412	0.188024744391	0.185523614287	0.196483299136	-0.0349717028439	-0.0614883936942	0.041124176234	0.0996203199029	0.119542621076	-0.00666115852073	0.00467597739771	-0.0274508595467	-0.0124908834696	0.00405016448349	-0.00977376755327	0.0851663649082	-0.00880609732121	0.040627438575	-0.0601330585778	0.0110380901024	0.0141598768532	0.133516103029	0.136275306344	0.0255516637117	0.127049103379	0.0947107896209	0.0224790703505	0.0477971360087	0.0120155578479	0.00288778776303	0.0612841024995	0.0785347670317	0.0684403777122	0.0439208894968	0.0804990157485	0.0148240653798	0.0523154586554	-0.0853376239538	0.0510032437742	0.0149317514151	0.0123539892957	0.0627539604902	0.00720436964184	0.0205050706863	-0.037167198956	0.0466973371804
343_TASK02_CON26_8.0_posneg	posneg	8.0	0.842391908169	0.737763047218	0.564658641815	0.953267455101	0.962849795818	-0.0735475048423	0.192497849464	0.240276351571	-0.0931780561805	0.701486766338	0.16774712503	0.0611555948853	0.217660143971	0.1452216506	0.184953838587	0.188299879432	0.625341415405	0.0684200078249	-0.175514921546	0.175973147154	-0.0906241238117	0.11941331625	0.924310863018	0.928436517715	-0.291157454252	0.785548985004	0.596188127995	-0.0306405145675	0.756410717964	0.594401717186	0.656599283218	0.893052220345	0.737576305866	0.657399713993	0.743506252766	0.804225862026	0.781993329525	0.787790417671	0.0477677509189	0.771044671535	0.653881788254	0.729722261429	0.875921785831	-0.0278290640563	-0.148187592626	-0.0107950922102	0.274871438742
343_TASK02_CON26_8.0_pos	pos	8.0	-0.0774778798223	0.0171141549945	0.0275816190988	0.156531408429	0.117244705558	-0.252840399742	0.165471345186	0.212007209659	-0.133553668857	0.110210135579	0.127773761749	0.0409875623882	0.0326028764248	-0.201030090451	0.00954270083457	0.0116703137755	0.121752306819	0.160039231181	0.0525360703468	0.0615783631802	-0.264307051897	0.0624721869826	0.146417275071	0.184516429901	-0.0270473137498	0.0429419092834	-0.0476907752454	-0.14341430366	-0.201831623912	-0.316236466169	-0.214990034699	-0.0795252919197	-0.212205216289	-0.329494267702	-0.198190107942	-0.157581344247	-0.252158552408	-0.263782501221	0.152604058385	-0.231804251671	-0.342735499144	-0.221792772412	-0.149083033204	0.0204541757703	-0.214934974909	0.0240469332784	0.328447073698
343_TASK02_CON26_9.0_posneg	posneg	9.0																																															
343_TASK02_CON26_9.0_pos	pos	9.0																																															
343_TASK02_CON26_10.0_posneg	posneg	10.0																																															
343_TASK02_CON26_10.0_pos	pos	10.0																																															
343_TASK02_CON26_11.0_posneg	posneg	11.0																																															
343_TASK02_CON26_11.0_pos	pos	11.0																																															
343_TASK02_CON26_12.0_posneg	posneg	12.0																																															
343_TASK02_CON26_12.0_pos	pos	12.0																																															
343_TASK02_CON26_13.0_posneg	posneg	13.0																																															
343_TASK02_CON26_13.0_pos	pos	13.0																																															
343_TASK02_CON27_0.0_posneg	posneg	0.0	-0.266121536493	-0.235723778605	-0.170404583216	-0.23118712008	-0.285742431879	0.411432623863	0.0184954665601	0.145868182182	0.116452783346	-0.24649143219	0.0542486459017	0.0627109408379	0.0630774796009	0.046401258558	0.0701359584928	0.0753089040518	-0.278517454863	-0.0479590632021	0.0158131886274	-0.00926958490163	-0.0317078121006	0.0435776747763	-0.320169508457	-0.318651020527	0.085829757154	-0.310831278563	-0.280773073435	-0.0629574730992	-0.288528352976	-0.233119949698	-0.262289077044	-0.256556779146	-0.296119004488	-0.245502591133	-0.265576601028	-0.293402433395	-0.256749927998	-0.273827314377	-0.0326642729342	-0.287325412035	-0.24064309895	-0.262605756521	-0.26915448904	-0.0286705140024	0.23142889142	-0.0899344757199	-0.109777413309
343_TASK02_CON27_0.0_pos	pos	0.0	-0.0207428205758	-0.0164087731391	-0.0228321254253	-0.047958754003	-0.0879288837314	0.130795508623	0.0732059702277	0.114344671369	0.0702093690634	-0.0442249774933	-0.00793669000268	-0.0525431260467	-0.0181090459228	-0.0298361387104	0.0216035339981	-0.015550147742	-0.0441986434162	-0.00200752075762	-0.0278457645327	-0.00883067399263	-0.0116758104414	0.0487486571074	-0.0782963037491	-0.0930206403136	0.0616312883794	-0.0947606563568	-0.0986480489373	-0.0423360653222	-0.0937325432897	-0.0864876955748	-0.0908067449927	-0.0783754065633	-0.0761426687241	-0.0634201318026	-0.0831058621407	-0.0746867135167	-0.0947313830256	-0.0824202597141	-0.0640096887946	-0.0900574028492	-0.0829281136394	-0.0916310399771	-0.0820617824793	-0.000778398476541	0.0356934219599	-0.033558499068	0.0255695898086
343_TASK02_CON27_1.0_posneg	posneg	1.0	-0.283491581678	-0.257755845785	-0.173589915037	-0.2627132833	-0.324640095234	0.458533763885	0.0246997829527	0.172580987215	0.141877070069	-0.278242945671	0.0605779327452	0.0471490547061	0.0628175064921	0.0445526689291	0.0795517414808	0.0759613141418	-0.307751357555	-0.0436994098127	0.000575841695536	-0.0154276350513	-0.0363946221769	0.0580124184489	-0.353241562843	-0.358094125986	0.113701917231	-0.331411004066	-0.302162289619	-0.0667669922113	-0.319384694099	-0.261353522539	-0.292559415102	-0.289825469255	-0.318836957216	-0.263639688492	-0.292571663857	-0.318023175001	-0.294131785631	-0.302911013365	-0.0382800363004	-0.318217068911	-0.267102301121	-0.294615358114	-0.302154779434	-0.0212866403162	0.253088146448	-0.10605455935	-0.123376235366
343_TASK02_CON27_1.0_pos	pos	1.0	-0.0290279127657	-0.0398308411241	-0.00542167853564	-0.100308805704	-0.139307975769	0.125697717071	0.0556823648512	0.114200972021	0.107436209917	-0.0168515462428	0.0253029726446	-0.0886979624629	-0.0115731041878	-0.0361665561795	0.0171530935913	-0.0146649843082	-0.0125680230558	0.0701791793108	-0.0737856552005	0.0108790043741	-0.022791614756	0.0396706797183	-0.109687447548	-0.124733880162	0.0997230112553	-0.0904766917229	-0.105844266713	-0.0593311153352	-0.138250902295	-0.131942808628	-0.136619105935	-0.113338023424	-0.0944124981761	-0.0859145000577	-0.125560551882	-0.103059396148	-0.143497213721	-0.116566114128	-0.124023519456	-0.125129282475	-0.12595282495	-0.140082865953	-0.119046263397	0.00716856634244	0.0458333082497	-0.0569275207818	0.0383784100413
343_TASK02_CON27_2.0_posneg	posneg	2.0	-0.284206479788	-0.275101184845	-0.134242832661	-0.298729509115	-0.363646358252	0.481624662876	-6.80844777889e-06	0.156618148088	0.157616525888	-0.277231574059	0.082791864872	0.0087901102379	0.0594384372234	0.0433231964707	0.0883759185672	0.0749940127134	-0.299831241369	0.0177145097405	-0.0498964674771	-0.024633301422	-0.0430659018457	0.0736524015665	-0.366583764553	-0.37913942337	0.151389747858	-0.288498342037	-0.260900944471	-0.0376997254789	-0.323644667864	-0.258762568235	-0.299876511097	-0.305108487606	-0.302450150251	-0.247138306499	-0.295958757401	-0.314879417419	-0.311933487654	-0.301513940096	-0.0353360958397	-0.317519247532	-0.26241466403	-0.305882096291	-0.314592212439	0.0191246531904	0.268897593021	-0.133331760764	-0.142358735204
343_TASK02_CON27_2.0_pos	pos	2.0	-0.10164732486	-0.09768948704	-0.0346915870905	-0.185647040606	-0.232678368688	0.174360796809	0.0733082219958	0.12511856854	0.119528107345	0.00785186886787	0.0978186652064	-0.103008158505	0.041105620563	-0.0335327349603	0.0863131061196	0.0316818393767	0.0029569293838	0.136207699776	-0.145103409886	0.0376575700939	-0.113764837384	0.0900923162699	-0.210847169161	-0.221282705665	0.154044702649	-0.153457581997	-0.182971253991	-0.134967133403	-0.251265615225	-0.241935104132	-0.24268771708	-0.203847080469	-0.1956897825	-0.190352395177	-0.231721803546	-0.222131922841	-0.252043366432	-0.235950231552	-0.196929603815	-0.235117539763	-0.244424730539	-0.254439741373	-0.227660030127	0.0284236073494	0.0531978756189	-0.106076531112	0.0785007327795
343_TASK02_CON27_3.0_posneg	posneg	3.0	-0.274432599545	-0.275789141655	-0.0734421685338	-0.311200231314	-0.38392624259	0.497006714344	-0.0108818812296	0.060723952949	0.0840498805046	-0.223824650049	0.0821417868137	-0.0333155095577	0.0359276719391	0.0361611098051	0.103959783912	0.0612300671637	-0.246749386191	0.0997250378132	-0.121227711439	-0.0742817148566	-0.0598914884031	0.123540982604	-0.353330880404	-0.371875405312	0.20770072937	-0.126743614674	-0.100058153272	0.0671898648143	-0.264195621014	-0.195479750633	-0.249798044562	-0.278920590878	-0.230707600713	-0.190273478627	-0.25226855278	-0.285542011261	-0.268397927284	-0.253744333982	0.0183970201761	-0.255586266518	-0.204080596566	-0.262167096138	-0.292158544064	0.121145382524	0.255995154381	-0.162718325853	-0.151734486222
343_TASK02_CON27_3.0_pos	pos	3.0	0.0245576277375	-0.0319901555777	0.0769896656275	0.00894112605602	-0.0726718008518	0.21558842063	0.184942722321	0.210215240717	0.176609665155	0.139138579369	0.0678574293852	-0.0726569890976	0.0156912859529	-0.157386168838	0.121565565467	-0.00492690457031	0.166519105434	0.112290382385	-0.0975273773074	0.0422083847225	-0.240179166198	0.178136989474	-0.0690927803516	-0.0619594566524	-0.00536169623956	0.0434468351305	-0.147701472044	-0.265269160271	-0.158742159605	-0.15244551003	-0.11852452904	-0.0394962541759	-0.109465301037	-0.162277683616	-0.149504259229	-0.117128446698	-0.112852863967	-0.135194569826	-0.0616347007453	-0.137351378798	-0.163657903671	-0.159786447883	-0.0660315528512	0.00309810019098	-0.0566120781004	-0.098108291626	0.263685196638
343_TASK02_CON27_4.0_posneg	posneg	4.0	-0.269365489483	-0.314098119736	0.0425150617957	-0.276645392179	-0.333756029606	0.51724332571	-0.0533058680594	-0.341789662838	-0.221944928169	-0.055655695498	-0.206770852208	-0.227331310511	-0.225470930338	-0.135111808777	-0.120740808547	-0.185548633337	0.0115677583963	-0.0154510587454	-0.11111189425	-0.255717843771	0.138748213649	0.140999108553	-0.163305386901	-0.187572568655	0.430214971304	0.162577971816	0.230264097452	0.424031853676	-0.019544435665	-0.0279130730778	-0.0306431893259	-0.103566773236	0.00222735409625	-0.108006760478	-0.0653623044491	-0.0772013813257	-0.0192010421306	-0.0324289016426	0.194476559758	-0.000729634019081	-0.0443695448339	-0.0336122401059	-0.0768215507269	0.376105368137	0.0137379569933	-0.176619872451	-0.0776756480336
343_TASK02_CON27_4.0_pos	pos	4.0																																															
343_TASK02_CON27_5.0_posneg	posneg	5.0	-0.257398724556	-0.29326570034	-0.0556947737932	-0.200825899839	-0.248122632504	0.446731418371	-0.139448851347	-0.241620391607	-0.0903376862407	-0.0571046769619	-0.285241216421	-0.195857971907	-0.188430413604	-0.212010219693	-0.201029732823	-0.22005392611	0.0687770396471	-0.229335859418	0.116499714553	-0.0327449180186	0.006290927995	0.0873503759503	-0.183332979679	-0.207216188312	0.316970527172	-0.122652865946	-0.0667405873537	0.268778651953	-0.172152206302	-0.232935979962	-0.204492390156	-0.172297254205	-0.16641817987	-0.219258219004	-0.198924407363	-0.19788390398	-0.184752598405	-0.18324303627	0.168802708387	-0.166808709502	-0.221319749951	-0.19653762877	-0.182371735573	0.311922878027	-0.153026685119	-0.234594464302	0.179767921567
343_TASK02_CON27_5.0_pos	pos	5.0																																															
343_TASK02_CON27_6.0_posneg	posneg	6.0	-0.147925928235	-0.142684265971	-0.171537220478	-0.0997653529048	-0.150488555431	0.414558440447	-0.077344506979	-0.150335490704	-0.0911309123039	0.00253954250365	-0.0904107615352	-0.057215269655	-0.0298284962773	-0.147657155991	-0.167698085308	-0.114616282284	0.0845190137625	0.0604627355933	0.252499043941	0.126471579075	-0.167230904102	-0.108820810914	-0.219579413533	-0.224560767412	0.158149302006	-0.268328547478	-0.283611088991	-0.0753034949303	-0.244261607528	-0.247217088938	-0.294246673584	-0.231314271688	-0.2229193151	-0.267551004887	-0.255129516125	-0.265364646912	-0.265013337135	-0.256411403418	0.134421348572	-0.239731386304	-0.261718183756	-0.273540377617	-0.250368893147	0.286331474781	-0.0514866560698	-0.28613615036	0.150761172175
343_TASK02_CON27_6.0_pos	pos	6.0																																															
343_TASK02_CON27_7.0_posneg	posneg	7.0	-0.429704725742	-0.256922036409	-0.720658421516	0.575245857239	0.588354289532	0.421713650227	0.446640104055	0.240573331714	-0.712177634239	0.811559438705	0.624075055122	0.512973129749	0.424738913774	0.471984565258	0.498494446278	0.518238663673	0.874462544918	0.788153767586	0.523078620434	-0.867847323418	0.311176508665	-0.426887840033	0.260917186737	0.234616622329	-0.297895103693	-0.20317915082	0.0936761125922	0.370130121708	0.305606126785	0.305529356003	0.188319206238	0.386412531137	0.6125690341	-0.200267031789	0.339225530624	0.343061685562	0.289351642132	0.281512528658	0.641576528549	0.421053826809	0.106411233544	0.264798849821	0.359146177769	0.739711940289	-0.695514976978	-0.455353051424	0.283405959606
343_TASK02_CON27_7.0_pos	pos	7.0																																															
343_TASK02_CON27_8.0_posneg	posneg	8.0																																															
343_TASK02_CON27_8.0_pos	pos	8.0																																															
343_TASK02_CON27_9.0_posneg	posneg	9.0																																															
343_TASK02_CON27_9.0_pos	pos	9.0																																															
343_TASK02_CON27_10.0_posneg	posneg	10.0																																															
343_TASK02_CON27_10.0_pos	pos	10.0																																															
343_TASK02_CON27_11.0_posneg	posneg	11.0																																															
343_TASK02_CON27_11.0_pos	pos	11.0																																															
343_TASK02_CON27_12.0_posneg	posneg	12.0																																															
343_TASK02_CON27_12.0_pos	pos	12.0																																															
343_TASK02_CON27_13.0_posneg	posneg	13.0																																															
343_TASK02_CON27_13.0_pos	pos	13.0																																															
343_TASK03_CON19_0.0_posneg	posneg	0.0	0.384523451328	0.436678737402	0.0469252467155	0.435646176338	0.42999497056	-0.0359894298017	0.868552267551	0.61904335022	-0.345184355974	0.27307805419	0.243744447827	0.241224229336	0.25405472517	0.274136066437	0.233848333359	0.271135181189	0.203660130501	0.0215322263539	-0.0665068477392	0.0255327802151	-0.00975908059627	0.11901512742	0.427614271641	0.425620317459	-0.131353154778	0.246637180448	0.248310163617	0.111701488495	0.371086269617	0.374232977629	0.334580868483	0.437919229269	0.38054022193	0.324727475643	0.282899469137	0.310392737389	0.408695399761	0.364017605782	0.352866590023	0.404928207397	0.382392734289	0.330626606941	0.403675794601	0.106107659638	-0.124933674932	-0.0991036593914	0.148014038801
343_TASK03_CON19_0.0_pos	pos	0.0	0.0883577167988	0.104557834566	-0.0317930653691	0.106410957873	0.0467587895691	0.0833053141832	0.726258933544	0.445812851191	0.0141755864024	0.220954149961	0.207380920649	0.0577053055167	0.179626569152	0.0940740928054	0.207954525948	0.175969973207	0.184292316437	0.171592801809	-0.216151207685	0.0664032325149	-0.160693511367	0.15865790844	0.11425819993	0.0691311657429	0.0212149340659	0.159040108323	0.123167000711	0.0427309945226	0.0602704100311	0.0665227249265	0.057055786252	0.0785253494978	0.135247960687	0.116769276559	0.0186008382589	0.0659238025546	0.0290099941194	0.0610943362117	0.0700529888272	0.0852260664105	0.0748656466603	0.0287097208202	0.0589203909039	0.125184476376	0.0208070427179	-0.127738907933	0.00159451563377
343_TASK03_CON19_1.0_posneg	posneg	1.0	0.405240625143	0.456175029278	0.0551422089338	0.456047087908	0.442699253559	-0.0335104800761	0.892959475517	0.650953114033	-0.339080393314	0.309875190258	0.266477882862	0.250577509403	0.271629631519	0.284857183695	0.261881291866	0.292364686728	0.238021954894	0.0434564091265	-0.094047807157	0.027867987752	-0.0318239815533	0.143871724606	0.446959614754	0.438578218222	-0.131565839052	0.283146798611	0.283697813749	0.131614744663	0.387539714575	0.385341405869	0.347472131252	0.451188236475	0.405954122543	0.347529709339	0.293351083994	0.327238053083	0.414377570152	0.376387953758	0.36312058568	0.421398937702	0.39462018013	0.338943809271	0.41435521841	0.123945847154	-0.13148792088	-0.108260452747	0.151664659381
343_TASK03_CON19_1.0_pos	pos	1.0	0.00021153689886	0.0334801077843	-0.0997629389167	-0.0417906604707	-0.111744865775	0.166965663433	0.720474600792	0.478449881077	0.156497523189	0.11347796768	0.146476969123	0.0270058438182	0.129760816693	0.0386878848076	0.157827496529	0.121801264584	0.0844372734427	0.133896708488	-0.180483490229	0.0681392401457	-0.157515794039	0.13303026557	-0.0372218936682	-0.0836992263794	0.0770645737648	0.0280620548874	-0.0240019802004	-0.0193527881056	-0.086701951921	-0.0828137621284	-0.0825499296188	-0.0473493263125	0.00250621396117	-0.00550230359659	-0.0991207882762	-0.0651376545429	-0.11827480793	-0.0736700072885	-0.0412411987782	-0.061152908951	-0.0729606896639	-0.105699986219	-0.0751363709569	0.104501098394	0.0528839789331	-0.15751041472	0.0302876234055
343_TASK03_CON19_2.0_posneg	posneg	2.0	0.413097172976	0.46594157815	0.0485824011266	0.453904539347	0.431595176458	-0.0177616830915	0.915448486805	0.690756261349	-0.307546705008	0.328162223101	0.278549134731	0.25493940711	0.279547601938	0.284402042627	0.28560179472	0.305211484432	0.254752397537	0.0610653795302	-0.111635446548	0.0296735167503	-0.0545856505632	0.168296873569	0.443992733955	0.429003417492	-0.120578721166	0.302977383137	0.300601869822	0.148751363158	0.380995213985	0.374488472939	0.339493900537	0.447100609541	0.414393484592	0.353731691837	0.283556729555	0.32362356782	0.397854059935	0.368317604065	0.358696728945	0.417246103287	0.38526520133	0.325502336025	0.405241161585	0.141510263085	-0.131907984614	-0.12214115262	0.15665820241
343_TASK03_CON19_2.0_pos	pos	2.0	-0.093668371439	-0.0363742522895	-0.148361414671	-0.193886265159	-0.25475859642	0.25925013423	0.692210316658	0.494343996048	0.284953892231	-0.0518725514412	0.0390455424786	-0.0454843826592	0.0378348343074	-0.0601567365229	0.0698337480426	0.0204345677048	-0.056308683008	0.0734342783689	-0.1098831743	0.0665291845798	-0.137803092599	0.0925785526633	-0.197020962834	-0.226858019829	0.123385936022	-0.171584874392	-0.232279986143	-0.130047097802	-0.223713025451	-0.225533649325	-0.224628522992	-0.168390214443	-0.141336664557	-0.152397677302	-0.222447022796	-0.194058358669	-0.243743255734	-0.204983130097	-0.163688242435	-0.199437007308	-0.217799887061	-0.237142339349	-0.197805866599	0.0763350576162	0.0585422739387	-0.208921328187	0.117123395205
343_TASK03_CON19_3.0_posneg	posneg	3.0	0.415642470121	0.474575519562	0.030722849071	0.431378245354	0.398364216089	0.0257330089808	0.933088839054	0.743746757507	-0.249085098505	0.32091781497	0.274009227753	0.248429223895	0.274296194315	0.2671880126	0.295076161623	0.303327441216	0.246911093593	0.0673617422581	-0.113062784076	0.0323797799647	-0.0704753994942	0.185517385602	0.420943677425	0.399955362082	-0.104704022408	0.286699026823	0.277715682983	0.142969295382	0.351984351873	0.340409070253	0.305164009333	0.431980222464	0.408038288355	0.337562292814	0.250450432301	0.297945797443	0.36296749115	0.340860545635	0.33785662055	0.396109640598	0.353268295527	0.287620335817	0.380908340216	0.156777128577	-0.136219635606	-0.148178607225	0.18170556426
343_TASK03_CON19_3.0_pos	pos	3.0	-0.141499653459	-0.0645519196987	-0.165255859494	-0.278304308653	-0.328915774822	0.332181751728	0.642819643021	0.486275792122	0.357182234526	-0.197149679065	-0.107301421463	-0.144844964147	-0.0944367647171	-0.173119306564	-0.029225686565	-0.113126382232	-0.172860458493	-0.0202065370977	-0.0196623485535	0.0372641459107	-0.089573264122	0.0661583766341	-0.291081428528	-0.306034564972	0.174843430519	-0.301878213882	-0.347624987364	-0.211566999555	-0.292537093163	-0.298148036003	-0.294623941183	-0.244570538402	-0.218975737691	-0.233409613371	-0.288136392832	-0.257697701454	-0.302049696445	-0.266632705927	-0.262127935886	-0.266968876123	-0.28886243701	-0.301378458738	-0.261829018593	0.0756552517414	0.0565540455282	-0.228335157037	0.154236122966
343_TASK03_CON19_4.0_posneg	posneg	4.0	0.419720351696	0.48579493165	0.00786797795445	0.380203217268	0.330883413553	0.110813386738	0.944582760334	0.810317516327	-0.143505126238	0.288072556257	0.232471808791	0.217900454998	0.233419373631	0.216924905777	0.27980786562	0.268110126257	0.219691827893	0.0462675727904	-0.0900286659598	0.0242644976825	-0.076089091599	0.194372788072	0.374094039202	0.345644712448	-0.0747964605689	0.235283344984	0.219603344798	0.117266148329	0.297006577253	0.275712251663	0.240255579352	0.401042371988	0.387917876244	0.299682378769	0.187851622701	0.249435156584	0.304211616516	0.291164815426	0.28112000227	0.355826318264	0.293442249298	0.219165846705	0.337435871363	0.170517534018	-0.141790747643	-0.180107221007	0.214827924967
343_TASK03_CON19_4.0_pos	pos	4.0	-0.101821385324	-0.0287055745721	-0.139440119267	-0.27744743228	-0.319010078907	0.342489540577	0.567780315876	0.452475249767	0.379727333784	-0.221935674548	-0.195937037468	-0.216269239783	-0.18366754055	-0.205709338188	-0.0914103835821	-0.199334770441	-0.185046568513	-0.061346501112	0.00927590951324	-0.0112796165049	-0.0179715007544	0.0710676833987	-0.289198547602	-0.304713368416	0.245611980557	-0.278325438499	-0.321796685457	-0.233965098858	-0.288608431816	-0.297737896442	-0.301841676235	-0.255341112614	-0.216940790415	-0.231892675161	-0.294216871262	-0.2421669662	-0.297149002552	-0.259379059076	-0.296095013618	-0.25830629468	-0.284738332033	-0.30778631568	-0.258828163147	0.120390206575	0.0454220585525	-0.238988161087	0.175617232919
343_TASK03_CON19_5.0_posneg	posneg	5.0	0.455520451069	0.517229437828	-0.0170994773507	0.307766139507	0.235331550241	0.21396112442	0.950190067291	0.870843648911	0.0273095779121	0.241550341249	0.173434585333	0.174448668957	0.172740891576	0.159410014749	0.254469841719	0.215407401323	0.185220375657	0.0154307344928	-0.0589725151658	0.000566434813663	-0.0673448294401	0.203148633242	0.320612668991	0.27718552947	-0.00113029836211	0.172709599137	0.15221169591	0.0840074047446	0.223979443312	0.179275915027	0.141321033239	0.359898209572	0.363285332918	0.248560786247	0.0944643467665	0.190901085734	0.223239228129	0.224651634693	0.182446464896	0.307090550661	0.208138868213	0.115336105227	0.281680643559	0.201508507133	-0.149785101414	-0.224977344275	0.257669121027
343_TASK03_CON19_5.0_pos	pos	5.0	0.00715699186549	0.0268418900669	-0.0240451898426	-0.202211037278	-0.24093799293	0.294046372175	0.467700392008	0.362329691648	0.311177492142	-0.111674182117	-0.205586194992	-0.264692872763	-0.21105876565	-0.185469940305	-0.0719402655959	-0.210864529014	-0.050995066762	-0.0460309162736	-0.0554396919906	-0.0455103442073	0.020016528666	0.128957778215	-0.2233286798	-0.245672702789	0.223785296082	-0.158820226789	-0.205611810088	-0.17702062428	-0.225989043713	-0.222458094358	-0.245160579681	-0.179306149483	-0.12805865705	-0.147430449724	-0.234275102615	-0.166629329324	-0.227490469813	-0.176381066442	-0.270565927029	-0.181478574872	-0.197806194425	-0.249143570662	-0.177862197161	0.15881960094	0.0631253942847	-0.259460687637	0.170497611165
343_TASK03_CON19_6.0_posneg	posneg	6.0	0.476532369852	0.520972490311	-0.0241387560964	0.231637731194	0.143797680736	0.266153305769	0.939587473869	0.886644184589	0.154386758804	0.194185197353	0.0960341244936	0.0947500988841	0.0944739952683	0.103911317885	0.225242212415	0.148125588894	0.155924811959	-0.0190232433379	-0.0504365973175	-0.0199295971543	-0.0385575741529	0.212181016803	0.25525021553	0.199769735336	0.036502584815	0.119326792657	0.0938274115324	0.0533516928554	0.146330729127	0.0831060558558	0.0317555554211	0.308690756559	0.332958191633	0.190292924643	-0.00984888896346	0.120778016746	0.137972027063	0.152314305305	0.078388094902	0.257518678904	0.129440307617	0.00299440440722	0.218453764915	0.250501573086	-0.122778400779	-0.282424271107	0.270753622055
343_TASK03_CON19_6.0_pos	pos	6.0	0.094386279583	0.090777143836	0.069318048656	-0.106740109622	-0.126744747162	0.142521321774	0.353054851294	0.246249139309	0.168042480946	0.0469260700047	-0.0645462572575	-0.142261326313	-0.0812180414796	-0.0508625917137	0.0990656912327	-0.0551922358572	0.0610283650458	-0.027777723968	-0.0973026156425	-0.0633644536138	-0.0308627225459	0.206089928746	-0.149072960019	-0.140663832426	0.0680156126618	0.0431007444859	-0.0172282494605	-0.0787025764585	-0.0702527835965	-0.0901031121612	-0.176129966974	-0.0123347518966	0.033522978425	0.09055005759	-0.0709705129266	-0.102529764175	-0.0918247923255	-0.00225159828551	-0.190638467669	-0.0260032117367	-0.0163185112178	-0.120904766023	-0.0501159504056	0.162397325039	0.173742309213	-0.185129255056	-0.0147177092731
343_TASK03_CON19_7.0_posneg	posneg	7.0	0.519336402416	0.54504776001	-0.00284186634235	0.196076348424	0.105855636299	0.251698195934	0.911466181278	0.858202040195	0.164859950542	0.149580061436	0.0695704743266	0.0403954945505	0.0656020864844	0.0927028059959	0.230885118246	0.125854879618	0.122746676207	-0.0254872664809	-0.0592124201357	-0.0253899227828	-0.0262265354395	0.228855624795	0.20612719655	0.16387526691	0.0120398607105	0.107705831528	0.0875804796815	0.0464052595198	0.133893743157	0.0542659498751	-0.0427635200322	0.291024655104	0.319244533777	0.19758541882	-0.0658673942089	0.0803155526519	0.106450088322	0.11962646991	0.0378464572132	0.246303349733	0.125543609262	-0.0585370026529	0.18735961616	0.277388095856	-0.0283375103027	-0.311392337084	0.214986249804
343_TASK03_CON19_7.0_pos	pos	7.0	0.1932862252	0.161147922277	0.187563255429	-0.0105182956904	-0.0419213697314	-0.00750522362068	0.0488250292838	0.108722649515	-0.14563550055	0.110673047602	0.253056079149	-0.00524963950738	0.203250706196	0.0892497971654	0.0669546797872	0.149982690811	0.1280926615	0.279289752245	-0.031999040395	0.14082609117	-0.0224257577211	0.0542122349143	0.299503058195	0.434814125299	-0.0172149445862	0.358998417854	0.305382311344	-0.0225567221642	0.219499200583	-0.0146310804412	-0.12881565094	0.16621747613	0.0528853274882	0.27703115344	-0.0222088620067	0.163087368011	-0.0134983584285	0.172152847052	-0.303161919117	0.158502206206	0.133517280221	-0.130579262972	0.131139114499	0.249907106161	0.120822422206	-0.167371198535	-0.00322887301445
343_TASK03_CON19_8.0_posneg	posneg	8.0	0.206970632076	0.193568125367	-0.0411805473268	0.213732108474	0.245290726423	0.0538184270263	0.148776844144	0.122291013598	-0.0289844609797	-0.0789304971695	0.0745182856917	-0.0267334394157	0.0842066258192	0.203783929348	0.239672884345	0.139820888638	-0.107044681907	0.0209032669663	-0.134336903691	-0.0197092462331	0.0776617228985	0.155523702502	0.0926500409842	0.116690635681	-0.103450097144	-0.0549418441951	0.0169625747949	0.261746704578	0.224676281214	0.110835850239	0.0304587781429	0.0698691233993	0.161336779594	0.16920799017	-0.00431099301204	0.0137698855251	0.144249305129	0.0542267113924	0.0934279337525	0.204383030534	0.145830899477	0.00937662366778	0.0485942959785	0.127305448055	0.182076960802	-0.0943474173546	-0.248117253184
343_TASK03_CON19_8.0_pos	pos	8.0																																															
343_TASK03_CON19_9.0_posneg	posneg	9.0	-0.353720396757	-0.703021526337	0.0698426067829	0.474807947874	0.602375984192	0.704057514668	0.417088508606	0.719072341919	-0.076124124229	-0.462878644466	0.0849393382668	-0.525886535645	0.188769981265	0.215599730611	0.557896733284	0.264128237963	-0.501175642014	-0.214597791433	-0.451433300972	0.11870700866	0.315670907497	0.248016655445	-0.260705798864	-0.0961604267359	-0.40886887908	-0.288563668728	-0.268716871738	0.545345366001	0.612371861935	0.497146874666	0.532517910004	0.664139688015	0.614455759525	0.350760698318	0.439408659935	0.351053714752	0.635381937027	0.515171766281	0.425420999527	0.615255594254	0.529209256172	0.480136275291	0.468577444553	-0.0871711820364	-0.400803297758	0.374399989843	-0.00858742650598
343_TASK03_CON19_9.0_pos	pos	9.0																																															
343_TASK03_CON19_10.0_posneg	posneg	10.0																																															
343_TASK03_CON19_10.0_pos	pos	10.0																																															
343_TASK03_CON19_11.0_posneg	posneg	11.0																																															
343_TASK03_CON19_11.0_pos	pos	11.0																																															
343_TASK03_CON19_12.0_posneg	posneg	12.0																																															
343_TASK03_CON19_12.0_pos	pos	12.0																																															
343_TASK03_CON19_13.0_posneg	posneg	13.0																																															
343_TASK03_CON19_13.0_pos	pos	13.0																																															
343_TASK03_CON20_0.0_posneg	posneg	0.0	0.200026199222	0.159576565027	0.154976561666	0.0496160835028	0.0269797760993	0.117688201368	0.534730255604	0.867855250835	0.345624953508	-0.0463309399784	0.105793960392	0.215848118067	0.111176945269	0.202819436789	0.104058504105	0.149598553777	-0.107181042433	-0.0668977051973	0.0900434330106	-0.048413593322	0.0777490735054	0.0132794855163	0.0284978430718	0.00901284441352	0.0525591149926	0.0219959951937	0.166930243373	0.351457059383	-0.0344861373305	0.0035636224784	-0.0575922578573	0.0230977814645	0.0614844858646	0.0987803563476	-0.0162488650531	0.0221670269966	-0.00857569649816	0.0498472563922	-0.109411358833	0.0226883552969	0.0446496121585	-0.0434022136033	0.0242611076683	0.00338637107052	0.105821534991	-0.132595434785	0.0601934343576
343_TASK03_CON20_0.0_pos	pos	0.0	-0.180318713188	-0.173381730914	-0.0878138691187	-0.2906280756	-0.367987900972	0.304573208094	0.421522736549	0.822617709637	0.420804023743	0.00625018170103	0.00485847983509	-0.162771597505	-0.0182913262397	-0.177357211709	0.0859733149409	-0.0400156006217	0.0234388560057	0.122301742435	-0.154512450099	0.0453216210008	-0.197237849236	0.160792455077	-0.23905955255	-0.294929593801	0.247852891684	-0.129932537675	-0.143781721592	-0.0141088608652	-0.37246131897	-0.348606526852	-0.362830430269	-0.308525621891	-0.196579873562	-0.214631527662	-0.383234351873	-0.297699272633	-0.389097213745	-0.322570979595	-0.318446844816	-0.313618868589	-0.328659534454	-0.397360533476	-0.336458981037	0.138445824385	0.16497862339	-0.267007946968	0.0107906358317
343_TASK03_CON20_1.0_posneg	posneg	1.0	0.187144801021	0.149323746562	0.140992805362	0.0202683247626	-0.00888251047581	0.138803094625	0.554863333702	0.883479654789	0.380203038454	-0.0374084226787	0.101120784879	0.197595372796	0.106540210545	0.181953921914	0.111627914011	0.144798576832	-0.0988112688065	-0.0581531338394	0.0719723403454	-0.0457594804466	0.0589875243604	0.0289503503591	0.0127832675353	-0.013386121951	0.0779867917299	0.0169069934636	0.154319897294	0.349932849407	-0.060489308089	-0.0263357870281	-0.0843134224415	0.00300882686861	0.0536431334913	0.0842593684793	-0.0449547208846	0.000437783513917	-0.0403200462461	0.0246528759599	-0.131178244948	0.00124782975763	0.0159133858979	-0.0747288838029	-0.0012932701502	0.0227804798633	0.108680225909	-0.156420335174	0.0682718828321
343_TASK03_CON20_1.0_pos	pos	1.0	-0.132644504309	-0.0616288967431	-0.157527968287	-0.29477712512	-0.385379254818	0.36429426074	0.501972258091	0.832140505314	0.379679918289	-0.000457894959254	-0.0563826933503	-0.211794987321	-0.0656494498253	-0.24381300807	0.0667839869857	-0.090690381825	0.0394618622959	0.0665492489934	-0.13427837193	0.0379866547883	-0.228129416704	0.192558720708	-0.227304324508	-0.296238005161	0.275538295507	-0.207644894719	-0.296939879656	-0.183974802494	-0.380374193192	-0.378296792507	-0.372548013926	-0.27477067709	-0.185759216547	-0.236840218306	-0.384213358164	-0.293887078762	-0.390649110079	-0.321116358042	-0.361339747906	-0.312713235617	-0.357634603977	-0.401009112597	-0.315312564373	0.151237517595	0.0297688487917	-0.28418853879	0.15870192647
343_TASK03_CON20_2.0_posneg	posneg	2.0	0.173056170344	0.136869743466	0.126391425729	-0.01630551368	-0.0548181012273	0.168803393841	0.580576896667	0.899511218071	0.420540362597	-0.0210744701326	0.0858214125037	0.164040103555	0.0880844295025	0.142681717873	0.115807421505	0.126059889793	-0.0765034407377	-0.0481468401849	0.0499312318861	-0.0454655885696	0.0296383071691	0.0556902773678	-0.00731411157176	-0.0426593646407	0.109405398369	0.0113249579445	0.136231929064	0.335722893476	-0.0940535962582	-0.066286534071	-0.11917424202	-0.0245122984052	0.0391165725887	0.0630819797516	-0.0824627056718	-0.028219178319	-0.0817976817489	-0.00991902500391	-0.160147204995	-0.0286066029221	-0.0229895915836	-0.115011148155	-0.0353435203433	0.0458438061178	0.107893012464	-0.181734919548	0.0794935896993
343_TASK03_CON20_2.0_pos	pos	2.0	-0.00961129553616	0.143108591437	-0.227862223983	-0.219553485513	-0.323484539986	0.380638837814	0.573824167252	0.807252347469	0.281783640385	0.0268555805087	-0.0786373242736	-0.225920632482	-0.0819043666124	-0.252298653126	0.0367154218256	-0.114524707198	0.0848406106234	0.0370036065578	-0.0985386520624	0.037476323545	-0.204926550388	0.176427990198	-0.144406318665	-0.230909436941	0.247992321849	-0.234183251858	-0.383374780416	-0.308847367764	-0.310189276934	-0.337569326162	-0.309497624636	-0.155528634787	-0.10479144007	-0.206965088844	-0.322315961123	-0.216538593173	-0.317288279533	-0.248257890344	-0.302528113127	-0.232112586498	-0.319080919027	-0.337698280811	-0.211912959814	0.151095658541	-0.146853148937	-0.233901634812	0.285592257977
343_TASK03_CON20_3.0_posneg	posneg	3.0	0.162550672889	0.13236361742	0.105689443648	-0.0509796924889	-0.100986503065	0.209582686424	0.625469148159	0.918036460876	0.451236307621	-0.00808699056506	0.0689187347889	0.127091243863	0.0666486397386	0.101818032563	0.115913003683	0.101912170649	-0.0522883608937	-0.03463871032	0.0326980240643	-0.0432526394725	0.00198828126304	0.0849435701966	-0.0260405540466	-0.0715485811234	0.137678802013	-0.00274385954253	0.104885064065	0.309830576181	-0.130336150527	-0.107126064599	-0.155229493976	-0.0508708357811	0.020185014233	0.0350490808487	-0.127301931381	-0.0608003400266	-0.123130522668	-0.0485394261777	-0.178509831429	-0.0612332299352	-0.0645715519786	-0.158027082682	-0.0689543485641	0.072917111218	0.106004655361	-0.214434564114	0.0995378792286
343_TASK03_CON20_3.0_pos	pos	3.0	0.119424059987	0.288634955883	-0.249879702926	-0.123439326882	-0.239580720663	0.361707001925	0.570304214954	0.751013934612	0.206831470132	0.0461586117744	-0.0725861787796	-0.192521288991	-0.0639479532838	-0.214352861047	0.0287807341665	-0.0983592867851	0.0905588120222	0.00615707458928	-0.0662055388093	0.038914617151	-0.153758555651	0.142983138561	-0.0611653290689	-0.156401231885	0.199753090739	-0.205702275038	-0.381983339787	-0.351242363453	-0.187988832593	-0.244133546948	-0.200371921062	0.00273745367303	0.0290831550956	-0.119184195995	-0.201727777719	-0.0956047549844	-0.199739560485	-0.123030595481	-0.21038544178	-0.102235078812	-0.227296039462	-0.223039552569	-0.0667266696692	0.146069660783	-0.216227531433	-0.169415473938	0.301836013794
343_TASK03_CON20_4.0_posneg	posneg	4.0	0.172043859959	0.152066037059	0.0825763344765	-0.0699374526739	-0.133188545704	0.261239737272	0.687432765961	0.936733484268	0.473991811275	0.00197266601026	0.0618982613087	0.108597941697	0.0582356341183	0.0759114995599	0.124724119902	0.0927679687738	-0.0361503250897	-0.0300775356591	0.0245340242982	-0.0418896228075	-0.0221059154719	0.114555299282	-0.033754684031	-0.0891360417008	0.159233003855	-0.0210126116872	0.0641265586019	0.273264139891	-0.152832269669	-0.134363099933	-0.17956712842	-0.057351719588	0.0176510922611	0.0205742232502	-0.158845543861	-0.082052513957	-0.147607773542	-0.0713079869747	-0.187579289079	-0.0782746374607	-0.0918101295829	-0.18710321188	-0.0850860998034	0.0967539399862	0.101181320846	-0.249291777611	0.134412780404
343_TASK03_CON20_4.0_pos	pos	4.0	0.207259386778	0.373247861862	-0.245245739818	-0.0284617431462	-0.154044017196	0.313713759184	0.521427333355	0.675492882729	0.172056660056	0.0452644564211	-0.0552708618343	-0.166065379977	-0.0442376285791	-0.146964386106	0.0203646868467	-0.0742653980851	0.0708158612251	-0.0140961539	-0.062225792557	0.0488171242177	-0.0793567672372	0.100371070206	-0.0133739244193	-0.0967942252755	0.128176301718	-0.138927355409	-0.32020264864	-0.336588472128	-0.0476548783481	-0.145353764296	-0.0861057788134	0.135030150414	0.131780087948	-0.0459053888917	-0.0862648189068	0.0496228225529	-0.078345425427	0.00793659314513	-0.125444054604	0.0365339703858	-0.131723687053	-0.105193987489	0.0821081474423	0.16243429482	-0.261901497841	-0.124352879822	0.289379417896
343_TASK03_CON20_5.0_posneg	posneg	5.0	0.21726308763	0.220333054662	0.0466409921646	-0.0629351362586	-0.143790945411	0.319795787334	0.760057210922	0.951440215111	0.493206173182	0.0155029054731	0.0631874725223	0.107120059431	0.0605105273426	0.0662855878472	0.142699241638	0.0980361402035	-0.0212865620852	-0.0390499308705	0.0255461297929	-0.0412153564394	-0.0360944755375	0.137603908777	-0.0245410408825	-0.0898525267839	0.170822814107	-0.0321046300232	0.0248410850763	0.229971364141	-0.146451935172	-0.144032076001	-0.183813750744	-0.0321079082787	0.0422199144959	0.0249847751111	-0.17196932435	-0.0769377201796	-0.145995602012	-0.0671484544873	-0.183424443007	-0.0642023682594	-0.100052781403	-0.196346372366	-0.0702483206987	0.132129341364	0.0669142007828	-0.288048118353	0.197012707591
343_TASK03_CON20_5.0_pos	pos	5.0	0.262518852949	0.356618642807	-0.131518140435	0.0649635493755	-0.0229977872223	0.195189625025	0.424295276403	0.519200563431	0.101294882596	0.0721374452114	0.00257607316598	-0.140904471278	-0.0259833931923	-0.0243640113622	0.0632182881236	-0.0234414990991	0.071765974164	0.0302687827498	-0.12057774514	0.00888248346746	0.00266565429047	0.115860424936	0.0236312840134	-0.0115285022184	-0.00711171422154	0.032205812633	-0.160716757178	-0.230429902673	0.0722935572267	-0.0533299967647	-0.00270766788162	0.188376143575	0.225075274706	0.0205571688712	-0.0306554250419	0.156366869807	0.0228681303561	0.115140646696	-0.0486624091864	0.16144348681	-0.0392809398472	-0.0232481118292	0.176630988717	0.211705937982	-0.237371459603	-0.138600096107	0.220846861601
343_TASK03_CON20_6.0_posneg	posneg	6.0	0.310202866793	0.33265504241	0.0281788166612	-0.0197318606079	-0.115570262074	0.365662515163	0.835664153099	0.961421072483	0.499178320169	0.0473449900746	0.0834227576852	0.118624642491	0.0726461261511	0.0839297473431	0.18973518908	0.127041369677	0.00538739515468	-0.0407011955976	0.011576118879	-0.0523818619549	-0.0416646637022	0.182576134801	0.0109617048874	-0.0569587796926	0.152789667249	-0.00786151271313	0.021341804415	0.198924392462	-0.103506408632	-0.128627285361	-0.168579846621	0.0282379798591	0.114841520786	0.0536274388433	-0.171282723546	-0.0381509512663	-0.11321208626	-0.0303734391928	-0.15852509439	-0.00494145508856	-0.0806673392653	-0.18704661727	-0.0189744159579	0.202869728208	0.000826073111966	-0.337250322104	0.271509706974
343_TASK03_CON20_6.0_pos	pos	6.0	0.188881143928	0.258171826601	-0.0462306365371	0.0875560492277	0.076435290277	0.0556448549032	0.359168589115	0.384888797998	0.0333706326783	0.0944564417005	0.001956139924	-0.145890086889	-0.0207182411104	0.0743846446276	0.0948041602969	-0.00343196257018	0.0834175348282	0.0188007503748	-0.205045610666	0.00991863477975	0.0966523513198	0.141244530678	-0.0107284523547	-0.00434135785326	-0.0778563246131	0.102006360888	0.00642976537347	-0.0909950062633	0.135178521276	0.0217322669923	0.0656192302704	0.2248082757	0.20729739964	0.165705680847	0.0225762594491	0.146723076701	0.0989292114973	0.189276859164	-0.0160578079522	0.20082692802	0.0877596363425	0.0423286855221	0.213865399361	0.162334546447	-0.0953724011779	-0.132905811071	0.122892193496
343_TASK03_CON20_7.0_posneg	posneg	7.0	0.413065224886	0.450410574675	0.0202380958945	0.0599096603692	-0.0285498518497	0.339929997921	0.891654253006	0.963272035122	0.441307663918	0.110449939966	0.111399628222	0.122055843472	0.0869653895497	0.135924443603	0.26793679595	0.17948178947	0.0662385448813	-0.0460311695933	-0.0390347279608	-0.0656222328544	-0.0336251966655	0.245993480086	0.0635936558247	-0.000271813682048	0.10434640944	0.0491188243032	0.0641838982701	0.189895093441	-0.0119572291151	-0.075980477035	-0.125573635101	0.125231251121	0.215594887733	0.138629794121	-0.12454469502	0.0124940853566	-0.0347554832697	0.0534833036363	-0.114566601813	0.0997613072395	-0.00522821675986	-0.139550000429	0.0669587403536	0.279744356871	-0.0558487288654	-0.359233468771	0.276320964098
343_TASK03_CON20_7.0_pos	pos	7.0	0.023764481768	0.0820010229945	-0.0338214561343	0.0203288774937	0.0520170666277	-0.0418488457799	0.126125842333	0.15036547184	0.0804608240724	-0.0411860719323	-0.0148234935477	-0.0763984173536	-0.0701925083995	0.08320979774	-0.0111276125535	-0.0471294783056	-0.024015834555	0.04636207968	-0.0884271934628	-0.054335936904	0.141981244087	0.0393013805151	-0.164756283164	-0.0553029440343	-0.235418453813	-0.0182592011988	0.0329271256924	0.0459813028574	0.0788030102849	0.0744776874781	0.0584331415594	0.134576112032	0.0135662332177	0.0237299203873	0.0231303349137	0.0420645102859	0.0763732120395	0.0551682524383	0.0503039173782	0.0390765070915	0.0631576627493	0.0446352437139	0.0976699441671	0.00071346241748	-0.0447006598115	-0.0172705780715	0.0534879826009
343_TASK03_CON20_8.0_posneg	posneg	8.0	0.298356086016	0.334044516087	0.0203067921102	0.0850016325712	0.0660916417837	0.0889175385237	0.77245426178	0.873802244663	0.205313280225	0.102145545185	0.0832357406616	0.100837007165	0.0688675045967	0.124274007976	0.186796173453	0.14372587204	0.0796168223023	-0.0263597015291	-0.0283073298633	-0.0385751500726	-0.0053239655681	0.143263295293	0.0912163332105	0.0535053014755	0.0181207470596	0.0779970362782	0.0804161801934	0.122146055102	0.0635875761509	-0.0184535253793	-0.0418833717704	0.12538382411	0.16353097558	0.11672860384	-0.0615738667548	0.0305112730712	0.0291652940214	0.0685439109802	-0.0216718222946	0.112527005374	0.0337303094566	-0.0607744790614	0.0873683020473	0.243708103895	-0.0819058045745	-0.240046739578	0.147446364164
343_TASK03_CON20_8.0_pos	pos	8.0	-0.829478085041	-0.612121284008	-0.877491176128	-0.11820667237	-0.193724885583	-0.076676055789	-0.675670146942	-0.340814262629	0.313307523727	-0.848677515984	-0.316182047129	0.368553817272	-0.206108391285	0.529335200787	-0.618171393871	-0.0712080523372	-0.799218356609	-0.798353433609	0.374527215958	-0.275061666965	0.883467197418	-0.669603347778	-0.890446960926	-0.844948589802	-0.797638475895	-0.977784156799	-0.716774761677	0.326934397221	0.497593402863	-0.362624824047	0.624958395958	-0.488761007786	-0.709470510483	-0.711620509624	0.83457493782	-0.460427135229	0.0032949836459	-0.613628685474	0.85530769825	-0.295658916235	-0.644813477993	0.700592815876	-0.462620586157	0.127506867051	-0.955024838448	0.926039755344	-0.475150704384
343_TASK03_CON20_9.0_posneg	posneg	9.0	0.0269525200129	0.0891501829028	-0.00130407232791	-0.0255272667855	0.0196612421423	0.0878985449672	-0.193422436714	-0.289994031191	0.103975996375	0.0612498000264	-0.061574652791	0.0761560201645	0.0484626591206	-0.140755802393	-0.0534598268569	-0.0248464420438	0.0945252999663	-0.170653298497	0.0849846377969	0.111208356917	-0.138434663415	-0.016615992412	-0.022073417902	0.022328145802	0.100977480412	0.0937436968088	0.105094671249	-0.195433706045	0.0182264391333	-0.0694008767605	-0.0930945128202	-0.0116370506585	-0.0817844197154	0.176209405065	0.0892444476485	0.17348793149	-0.0553910285234	0.0252032391727	-0.173272460699	-0.0228278785944	0.0125402742997	0.0166367162019	0.0212216693908	-0.0300399065018	0.28263258934	-0.10994323343	-0.055374506861
343_TASK03_CON20_9.0_pos	pos	9.0																																															
343_TASK03_CON20_10.0_posneg	posneg	10.0																																															
343_TASK03_CON20_10.0_pos	pos	10.0																																															
343_TASK03_CON20_11.0_posneg	posneg	11.0																																															
343_TASK03_CON20_11.0_pos	pos	11.0																																															
343_TASK03_CON20_12.0_posneg	posneg	12.0																																															
343_TASK03_CON20_12.0_pos	pos	12.0																																															
343_TASK03_CON20_13.0_posneg	posneg	13.0																																															
343_TASK03_CON20_13.0_pos	pos	13.0																																															
343_TASK03_CON22_0.0_posneg	posneg	0.0	-0.224081277847	-0.35224288702	0.157447263598	-0.507937252522	-0.533349275589	0.182605922222	-0.416907787323	0.2889534235	0.920068442822	-0.383759647608	-0.173720493913	-0.0605304725468	-0.19080324471	-0.114613957703	-0.161947980523	-0.162533074617	-0.365034759045	-0.0848998576403	0.174706622958	-0.0924532115459	0.0886166989803	-0.125687673688	-0.522793531418	-0.551343023777	0.241097345948	-0.263221770525	-0.0890126153827	0.309149026871	-0.508953750134	-0.470718890429	-0.496512115002	-0.530590116978	-0.389241099358	-0.269473940134	-0.375990718603	-0.360481768847	-0.537414968014	-0.39442846179	-0.607153177261	-0.479624718428	-0.425911128521	-0.476269870996	-0.48536708951	-0.108064733446	0.293065130711	-0.0499519631267	-0.132079944015
343_TASK03_CON22_0.0_pos	pos	0.0	-0.154576942325	-0.255243659019	0.103540308774	-0.285102844238	-0.310773849487	0.148035600781	-0.0862153768539	0.329264193773	0.809044063091	-0.341814100742	-0.0537281632423	0.024795461446	-0.0635430142283	0.0134606081992	-0.0211533270776	-0.0610472336411	-0.344445466995	0.00493558403105	0.0847025886178	-0.0313864685595	0.0895626395941	-0.00428811088204	-0.304658323526	-0.295434355736	0.0382011272013	-0.168207645416	0.018026381731	0.260660856962	-0.276743233204	-0.210071355104	-0.297437518835	-0.322838544846	-0.214443549514	-0.127966612577	-0.271022707224	-0.243755936623	-0.305834978819	-0.251656740904	-0.194418117404	-0.262810736895	-0.192485719919	-0.302497178316	-0.30860683322	0.0608246289194	0.319600850344	-0.168604522943	-0.209166392684
343_TASK03_CON22_1.0_posneg	posneg	1.0	-0.248726382852	-0.391413778067	0.178853750229	-0.555152773857	-0.584946751595	0.203501358628	-0.438562959433	0.322900295258	0.939040839672	-0.430835932493	-0.193054094911	-0.065869987011	-0.210703134537	-0.122813485563	-0.178252071142	-0.179674312472	-0.41025942564	-0.096327573061	0.205334678292	-0.106788665056	0.109589681029	-0.139855995774	-0.56930577755	-0.600628137589	0.2594640553	-0.290653258562	-0.0926751494408	0.353667736053	-0.557853102684	-0.515578389168	-0.551031768322	-0.582164645195	-0.430187165737	-0.30186894536	-0.425412267447	-0.405126839876	-0.591469883919	-0.441145390272	-0.646626412868	-0.527708232403	-0.469214051962	-0.530934631824	-0.537221670151	-0.111508630216	0.337521970272	-0.071538887918	-0.152226060629
343_TASK03_CON22_1.0_pos	pos	1.0	-0.180711492896	-0.257440268993	0.0468998663127	-0.31030485034	-0.334802210331	0.166862815619	-0.033284123987	0.340053200722	0.780233860016	-0.343046277761	-0.0230403933674	0.0567098781466	-0.0382716171443	0.0375237539411	0.0031181583181	-0.0299179796129	-0.345347642899	-0.00953052192926	0.0877255797386	-0.048288654536	0.0908313542604	0.00530902203172	-0.301928758621	-0.29105708003	0.0231614429504	-0.19117616117	-0.00730058411136	0.205993905663	-0.300534248352	-0.230419501662	-0.313929051161	-0.330848097801	-0.236493065953	-0.14401268959	-0.286761909723	-0.267052978277	-0.322650641203	-0.27048137784	-0.164425641298	-0.284163445234	-0.20886592567	-0.316779047251	-0.323598384857	0.040836494416	0.331857562065	-0.165912255645	-0.210072427988
343_TASK03_CON22_2.0_posneg	posneg	2.0	-0.289724320173	-0.44172257185	0.193208932877	-0.618008315563	-0.652804076672	0.239399448037	-0.45446896553	0.376648783684	0.955277562141	-0.497834891081	-0.215703755617	-0.0633990541101	-0.232966408134	-0.128154441714	-0.191880449653	-0.196324899793	-0.477389514446	-0.121620886028	0.248070031404	-0.128568559885	0.138317286968	-0.152447357774	-0.630415380001	-0.663191497326	0.282868236303	-0.335952401161	-0.108200445771	0.401232033968	-0.625307440758	-0.577221572399	-0.622384786606	-0.649368882179	-0.490899205208	-0.35357350111	-0.497156113386	-0.473104447126	-0.660953521729	-0.509403944016	-0.687471032143	-0.594448983669	-0.530686855316	-0.603934049606	-0.607694745064	-0.117561936378	0.400504022837	-0.105984710157	-0.181255623698
343_TASK03_CON22_2.0_pos	pos	2.0	-0.197456255555	-0.268094599247	0.020994881168	-0.334283679724	-0.355591624975	0.155065819621	-0.025727564469	0.309212893248	0.736663401127	-0.318100452423	-0.000138522736961	0.0641375035048	-0.0319874994457	0.0465310439467	-0.0017959617544	-0.0174813717604	-0.31619015336	0.00746498443186	0.0807446613908	-0.0607024542987	0.0887991636992	-0.0083699002862	-0.287659823895	-0.278478890657	0.0160368941724	-0.203836262226	-0.0149889346212	0.175221130252	-0.312190771103	-0.23614731431	-0.315434932709	-0.328160345554	-0.249029681087	-0.141670942307	-0.273734420538	-0.261985182762	-0.326751887798	-0.266825199127	-0.160128757358	-0.295519649982	-0.209128916264	-0.311718851328	-0.319204300642	-0.020175492391	0.329931586981	-0.129872128367	-0.1886536479
343_TASK03_CON22_3.0_posneg	posneg	3.0	-0.357999920845	-0.51110625267	0.199638873339	-0.704716444016	-0.742752790451	0.295063823462	-0.473641067743	0.449512183666	0.967950582504	-0.590287864208	-0.243422478437	-0.057526320219	-0.26071074605	-0.131154432893	-0.209963455796	-0.216211855412	-0.570095300674	-0.163908019662	0.306681782007	-0.161062434316	0.177123978734	-0.167836904526	-0.70728302002	-0.738511800766	0.317212074995	-0.418794721365	-0.147413805127	0.449112296104	-0.720231413841	-0.668231904507	-0.71559292078	-0.735418796539	-0.58492231369	-0.439624428749	-0.592854261398	-0.571635007858	-0.751235246658	-0.606570899487	-0.737070322037	-0.689982771873	-0.623722672462	-0.698262929916	-0.700554013252	-0.148573860526	0.488318860531	-0.14530262351	-0.222506865859
343_TASK03_CON22_3.0_pos	pos	3.0	-0.192180320621	-0.264342725277	0.0268586985767	-0.335599124432	-0.347574800253	0.0857910811901	-0.0639955401421	0.229364588857	0.663938045502	-0.262238055468	0.00377398426645	0.0610703080893	-0.0521143637598	0.0159979145974	-0.0362153798342	-0.0298065766692	-0.249897912145	0.0490619316697	0.0943731963634	-0.064890190959	0.0667099058628	-0.0503191426396	-0.25531861186	-0.25807055831	0.0469955019653	-0.186779335141	0.0067318379879	0.172168627381	-0.299888044596	-0.214913606644	-0.290264546871	-0.306229323149	-0.230559274554	-0.116261079907	-0.218494206667	-0.211217686534	-0.307901620865	-0.225436285138	-0.197738617659	-0.280089437962	-0.185526236892	-0.272709190845	-0.283010959625	-0.073986582458	0.285039424896	-0.078496620059	-0.121700316668
343_TASK03_CON22_4.0_posneg	posneg	4.0	-0.449731618166	-0.595618724823	0.20535582304	-0.80310356617	-0.836476862431	0.345498025417	-0.524468243122	0.518343806267	0.977955579758	-0.705100655556	-0.282817304134	-0.0486957319081	-0.298335909843	-0.143756732345	-0.245964735746	-0.245740696788	-0.683257758617	-0.22190991044	0.388133406639	-0.204226046801	0.223075538874	-0.201790764928	-0.789602816105	-0.816038787365	0.377766877413	-0.536671817303	-0.210197597742	0.500366985798	-0.817149996758	-0.76845240593	-0.808092594147	-0.822879552841	-0.693957030773	-0.548026919365	-0.687844693661	-0.678732037544	-0.840308427811	-0.71160787344	-0.799555540085	-0.791794896126	-0.730611264706	-0.790576517582	-0.796194374561	-0.210344538093	0.58807694912	-0.178765654564	-0.263114660978
343_TASK03_CON22_4.0_pos	pos	4.0	-0.133616000414	-0.213890895247	0.07582013309	-0.296431273222	-0.297335475683	0.00306653068401	-0.0845296829939	0.167660236359	0.562475562096	-0.174308225513	-0.0179281961173	0.0356780216098	-0.085188254714	-0.0293849818408	-0.0572196245193	-0.0549734830856	-0.154101416469	0.0697259455919	0.0932691171765	-0.0602037161589	0.0465821027756	-0.0632226392627	-0.201474323869	-0.211411729455	0.0557028241456	-0.112574003637	0.0808920860291	0.196994632483	-0.256737470627	-0.151723012328	-0.217060923576	-0.242362111807	-0.172969192266	-0.0661178827286	-0.121555127203	-0.115790814161	-0.246921092272	-0.146358564496	-0.223441302776	-0.228861451149	-0.127768814564	-0.188471883535	-0.204968288541	-0.118732966483	0.210722014308	-0.0167560391128	-0.0437969565392
343_TASK03_CON22_5.0_posneg	posneg	5.0	-0.534980654716	-0.67169380188	0.224512174726	-0.882662951946	-0.905378997326	0.373670637608	-0.595521450043	0.583151042461	0.984995126724	-0.786903977394	-0.325378984213	-0.0402608029544	-0.339088857174	-0.165456861258	-0.292616546154	-0.281889587641	-0.764574468136	-0.276762664318	0.472309887409	-0.257396787405	0.268969863653	-0.243502125144	-0.853627502918	-0.876093149185	0.461595088243	-0.64755821228	-0.258133530617	0.557043254375	-0.886473357677	-0.846764266491	-0.87835931778	-0.889181017876	-0.78465038538	-0.648224473	-0.764533519745	-0.766703426838	-0.904968380928	-0.798343837261	-0.856082975864	-0.868155539036	-0.818260252476	-0.862186789513	-0.870708823204	-0.288255810738	0.679701626301	-0.198597848415	-0.292566627264
343_TASK03_CON22_5.0_pos	pos	5.0	-0.116611286998	-0.197138413787	0.0854454636574	-0.277929514647	-0.26218137145	-0.0614862926304	-0.125918626785	0.0855475515127	0.430260241032	-0.140912547708	-0.0426960773766	0.00308229937218	-0.11774289608	-0.0446810908616	-0.0808177813888	-0.0817306935787	-0.10845798254	0.0742202401161	0.0935074687004	-0.0567778982222	0.072355158627	-0.0778416991234	-0.199789017439	-0.215887367725	0.0576489157975	-0.0780593454838	0.105925709009	0.186732009053	-0.270288437605	-0.142998754978	-0.17795433104	-0.240967988968	-0.161151096225	-0.09139405936	-0.072419129312	-0.0923419222236	-0.244092226028	-0.138136744499	-0.24235253036	-0.228991046548	-0.145148009062	-0.142930045724	-0.198598861694	-0.149461686611	0.132326707244	0.0697778016329	-0.0284196138382
343_TASK03_CON22_6.0_posneg	posneg	6.0	-0.627652168274	-0.748085141182	0.231518998742	-0.931261181831	-0.944107830524	0.380038440228	-0.702728152275	0.611667752266	0.989202260971	-0.84034460783	-0.392127633095	-0.0597770400345	-0.411935031414	-0.204731553793	-0.361424386501	-0.346470683813	-0.816247820854	-0.327179461718	0.551576793194	-0.344741106033	0.344381093979	-0.294972330332	-0.898825109005	-0.91600883007	0.572615325451	-0.738919258118	-0.2715305686	0.627611458302	-0.929193675518	-0.902666330338	-0.923225641251	-0.931754827499	-0.855184912682	-0.739999115467	-0.825868427753	-0.830907821655	-0.94289457798	-0.864446640015	-0.906779766083	-0.918284833431	-0.883126020432	-0.911276221275	-0.918551564217	-0.406312853098	0.750955045223	-0.119650177658	-0.309131890535
343_TASK03_CON22_6.0_pos	pos	6.0	-0.151305571198	-0.20525225997	0.0248807370663	-0.230324044824	-0.201084449887	-0.0897273272276	-0.107866242528	0.0747736617923	0.31117811799	-0.0844623968005	-0.0428027026355	-0.0130589930341	-0.127880528569	-0.0509997792542	-0.099795602262	-0.0872552618384	-0.0498713925481	0.0598371997476	0.0858729705215	-0.0613293014467	0.0798842459917	-0.0857468545437	-0.135744094849	-0.135448843241	0.031330075115	-0.067801438272	0.0959745272994	0.175568982959	-0.230713605881	-0.0949930548668	-0.120755754411	-0.219858333468	-0.147825092077	-0.0882893800735	-0.0669055581093	-0.0654682144523	-0.205063745379	-0.126278847456	-0.176942482591	-0.203794538975	-0.116125464439	-0.10760217905	-0.174966067076	-0.147539570928	0.121053740382	0.0850404053926	-0.0691218003631
343_TASK03_CON22_7.0_posneg	posneg	7.0	-0.778587222099	-0.843105733395	0.17500218749	-0.954115867615	-0.962843775749	0.415829509497	-0.806438922882	0.646109580994	0.990741491318	-0.857046961784	-0.478038072586	-0.153770804405	-0.517365932465	-0.303053945303	-0.475650221109	-0.457252770662	-0.839302778244	-0.306503862143	0.587194085121	-0.390491008759	0.385793715715	-0.351284146309	-0.914374828339	-0.93511068821	0.680876851082	-0.817754626274	-0.317691534758	0.650997817516	-0.958177447319	-0.941061079502	-0.954894721508	-0.955100476742	-0.890525221825	-0.796448111534	-0.865483760834	-0.862232863903	-0.966912329197	-0.90635573864	-0.936109483242	-0.950802147388	-0.930210351944	-0.948645472527	-0.945960283279	-0.559713602066	0.822984933853	0.0244337189943	-0.256135165691
343_TASK03_CON22_7.0_pos	pos	7.0	-0.10577826947	-0.15498059988	0.0014954500366	-0.247309401631	-0.260849148035	0.0128334173933	0.0542974062264	0.154320850968	0.182045981288	0.153273850679	0.0419495217502	-0.114684909582	-0.0593015030026	-0.0788766369224	0.0351490490139	-0.0059605599381	0.161681577563	0.0362013429403	-0.0793176293373	-0.134662643075	-0.075483597815	0.0915971025825	0.00891728885472	-0.0591646470129	0.189684033394	-0.103587538004	0.0490666851401	0.143212720752	-0.224675104022	-0.0789839327335	-0.0248867683113	-0.13530819118	-0.0530213341117	0.0574675165117	-0.03485044837	-0.0867333784699	-0.189376473427	-0.0583618953824	-0.217130571604	-0.199534982443	-0.0414844863117	-0.0329849906266	-0.129296541214	-0.203972920775	0.167163282633	0.104529991746	-0.149068310857
343_TASK03_CON22_8.0_posneg	posneg	8.0	-0.829389333725	-0.887985110283	0.108874134719	-0.962186396122	-0.966817498207	0.480650007725	-0.815091907978	0.692574977875	0.992316246033	-0.793160021305	-0.449585318565	-0.301820963621	-0.532261610031	-0.404564201832	-0.321490228176	-0.430885225534	-0.773740887642	-0.231372445822	0.374995619059	-0.517377614975	0.164700120687	-0.0233049541712	-0.912988305092	-0.951819300652	0.77863907814	-0.875556409359	-0.260316371918	0.673388063908	-0.979508399963	-0.966208159924	-0.970852673054	-0.965194880962	-0.879809379578	-0.745893776417	-0.85146176815	-0.880469322205	-0.981289446354	-0.913822174072	-0.939636945724	-0.968989491463	-0.954439342022	-0.963739514351	-0.968972444534	-0.689311385155	0.850661277771	0.30733153224	-0.246924445033
343_TASK03_CON22_8.0_pos	pos	8.0	-0.242622509599	-0.349780499935	0.300087720156	-0.25912296772	-0.0607934258878	-0.105357535183	-0.317270904779	-0.247936829925	-0.184563174844	-0.0818092003465	-0.163167983294	-0.0358099676669	-0.127056732774	-0.0824218094349	-0.0868579149246	-0.172127425671	-0.00437133107334	-0.160580188036	0.154993847013	0.0663846060634	-0.0246503688395	0.0962975919247	-0.122313171625	0.1403028965	-0.316229045391	-0.0356051847339	0.277471572161	0.368133753538	-0.337064623833	-0.355585306883	0.13391636312	-0.260583400726	-0.277894169092	-0.177343159914	-0.262869656086	-0.467654615641	-0.219177976251	-0.398773193359	0.169089764357	-0.286734521389	-0.336144804955	0.0325616449118	-0.343772083521	-0.148840114474	0.0117767089978	0.177678287029	-0.123038396239
343_TASK03_CON22_9.0_posneg	posneg	9.0																																															
343_TASK03_CON22_9.0_pos	pos	9.0																																															
343_TASK03_CON22_10.0_posneg	posneg	10.0																																															
343_TASK03_CON22_10.0_pos	pos	10.0																																															
343_TASK03_CON22_11.0_posneg	posneg	11.0																																															
343_TASK03_CON22_11.0_pos	pos	11.0																																															
343_TASK03_CON22_12.0_posneg	posneg	12.0																																															
343_TASK03_CON22_12.0_pos	pos	12.0																																															
343_TASK03_CON22_13.0_posneg	posneg	13.0																																															
343_TASK03_CON22_13.0_pos	pos	13.0																																															
343_TASK04_CON61_0.0_posneg	posneg	0.0	0.497607380152	0.497463315725	0.193412944674	0.476237028837	0.458335906267	-0.149462163448	0.362101495266	0.0372603647411	-0.402089238167	0.907697856426	0.337869882584	0.0874328017235	0.291346997023	0.0912238657475	0.33779323101	0.332795411348	0.857411324978	0.167649924755	-0.345884978771	0.0282328072935	-0.353490620852	0.254221916199	0.616942465305	0.536308050156	0.103663466871	0.551430940628	0.442742615938	-0.0659367293119	0.447252422571	0.326870262623	0.365991234779	0.486678034067	0.489813089371	0.442262142897	0.399728298187	0.416157454252	0.412780046463	0.450120449066	0.0849120020866	0.475442230701	0.383726269007	0.382494688034	0.458074092865	0.0912464931607	-0.329920500517	-0.000584470049944	0.249205499887
343_TASK04_CON61_0.0_pos	pos	0.0	0.379990667105	0.37041375041	0.157497689128	0.338761568069	0.320007920265	-0.155479490757	0.139738172293	-0.107286535203	-0.260554522276	0.861050069332	0.306463301182	0.0958449095488	0.256227254868	0.102099843323	0.283804982901	0.288240939379	0.787738204002	0.197822913527	-0.299510389566	0.046100050211	-0.289441078901	0.180217906833	0.471257925034	0.382725149393	0.134446099401	0.446551471949	0.340246230364	-0.0964652448893	0.303843468428	0.205517232418	0.233226507902	0.327663660049	0.363405704498	0.35122948885	0.290772616863	0.312412083149	0.248289108276	0.315061658621	-0.0426762066782	0.323100417852	0.256186038256	0.247771650553	0.309140861034	0.0272690150887	-0.233006849885	0.0128502091393	0.201850190759
343_TASK04_CON61_1.0_posneg	posneg	1.0	0.476026296616	0.480914771557	0.173184737563	0.458943158388	0.44077411294	-0.133630365133	0.379293143749	0.0709511563182	-0.407754451036	0.910987198353	0.314842432737	0.0919917598367	0.275250852108	0.0877138674259	0.331965237856	0.319958180189	0.858852624893	0.13887013495	-0.321595996618	0.0218091085553	-0.339643418789	0.255134701729	0.598604440689	0.51979804039	0.0923669934273	0.528505802155	0.418938398361	-0.0708724111319	0.431043446064	0.320965111256	0.357470631599	0.477962523699	0.467152297497	0.423560231924	0.385161012411	0.393561661243	0.404591351748	0.431626051664	0.109019570053	0.457360029221	0.372819930315	0.372727930546	0.444587767124	0.0784138515592	-0.312433004379	0.00309454323724	0.242769002914
343_TASK04_CON61_1.0_pos	pos	1.0	0.323334127665	0.319260656834	0.126120656729	0.284314751625	0.264817774296	-0.137033000588	0.0920927375555	-0.117600277066	-0.218150183558	0.832107663155	0.281498491764	0.107125639915	0.238598003983	0.103015825152	0.273145586252	0.270673245192	0.742289960384	0.177841633558	-0.266613543034	0.0420677736402	-0.268250197172	0.171029940248	0.402355998755	0.318517118692	0.129007890821	0.380345314741	0.275233387947	-0.11203365773	0.25320237875	0.176876053214	0.194672808051	0.278067529202	0.309131234884	0.313322842121	0.252544850111	0.268165916204	0.201513797045	0.264757156372	-0.0473549477756	0.266899138689	0.219729781151	0.20685121417	0.259363681078	-0.00347069464624	-0.186440378428	0.0190865229815	0.183882445097
343_TASK04_CON61_2.0_posneg	posneg	2.0	0.430330485106	0.438878506422	0.14434465766	0.420423001051	0.400001823902	-0.101705819368	0.3759111166	0.111047945917	-0.385394483805	0.90667873621	0.280249387026	0.0915564745665	0.250027358532	0.083601757884	0.312288850546	0.293142586946	0.847294270992	0.108134374022	-0.285873740911	0.0175505746156	-0.309393137693	0.244560405612	0.554448843002	0.480229526758	0.0664928555489	0.485755681992	0.379320561886	-0.0677441731095	0.393735170364	0.297930121422	0.326020538807	0.44437277317	0.42144498229	0.387467026711	0.346078962088	0.350395053625	0.373216241598	0.389540165663	0.126815572381	0.416645050049	0.343651920557	0.338206112385	0.406843572855	0.0654731914401	-0.269377022982	-0.00331964995712	0.217575311661
343_TASK04_CON61_2.0_pos	pos	2.0	0.249142855406	0.252332746983	0.0865784212947	0.220199733973	0.197335228324	-0.0970060378313	0.0660104528069	-0.0989375784993	-0.167226627469	0.78560167551	0.24851295352	0.114971928298	0.213161766529	0.100621573627	0.267098903656	0.247088447213	0.671923100948	0.149301081896	-0.22870965302	0.0295612346381	-0.243093624711	0.175417140126	0.314645051956	0.24439316988	0.107040815055	0.29574149847	0.204235628247	-0.111328922212	0.196878135204	0.145437791944	0.150903329253	0.22018481791	0.244418799877	0.265766203403	0.206608951092	0.213825061917	0.152310118079	0.207769587636	-0.0422691814601	0.205118298531	0.179258555174	0.16143026948	0.201851934195	-0.0304496847093	-0.129466593266	0.0208371859044	0.150795906782
343_TASK04_CON61_3.0_posneg	posneg	3.0	0.358666807413	0.375185102224	0.0991760268807	0.362926483154	0.340516269207	-0.0613761730492	0.33650970459	0.118013270199	-0.345271945	0.889207959175	0.24025605619	0.0816421657801	0.21900370717	0.0761330276728	0.276337772608	0.252097010612	0.811597287655	0.0892647504807	-0.24569414556	0.0223249848932	-0.268775731325	0.219822078943	0.478723704815	0.413256287575	0.0357731282711	0.420309305191	0.315870881081	-0.0672872588038	0.334971219301	0.256672203541	0.27471768856	0.383279502392	0.353014975786	0.328557014465	0.283050656319	0.28671130538	0.319634586573	0.323710083961	0.136849358678	0.35325217247	0.293637186289	0.281586021185	0.343835473061	0.0544290319085	-0.207338884473	-0.0147164165974	0.174423888326
343_TASK04_CON61_3.0_pos	pos	3.0	0.181941911578	0.193597838283	0.0529630482197	0.169458672404	0.148032084107	-0.0590468645096	0.060601759702	-0.0654303506017	-0.127747505903	0.71736907959	0.207816421986	0.111289404333	0.185482293367	0.0953218489885	0.238484382629	0.208405524492	0.578829586506	0.124532878399	-0.185802251101	0.0352175198495	-0.204088047147	0.161924943328	0.238155275583	0.187751874328	0.0722098648548	0.217765435576	0.146902650595	-0.097672753036	0.156333401799	0.125005722046	0.123167745769	0.172655194998	0.185940369964	0.221625700593	0.170453369617	0.169343054295	0.122381925583	0.164580613375	-0.0170913301408	0.158100426197	0.150005593896	0.132819667459	0.157739639282	-0.0496171787381	-0.0777089968324	0.0241092164069	0.112304747105
343_TASK04_CON61_4.0_posneg	posneg	4.0	0.267153859138	0.290966957808	0.0542554520071	0.281714081764	0.260468363762	-0.0215877555311	0.257980644703	0.0901637375355	-0.272550046444	0.842120468616	0.203796550632	0.0661203637719	0.190098702908	0.0729650855064	0.232907801867	0.209151133895	0.726983785629	0.0852513089776	-0.210440322757	0.0344903543591	-0.220742836595	0.186335325241	0.368835419416	0.319833099842	0.00793195143342	0.327183365822	0.234248071909	-0.0604890026152	0.255713135004	0.198715612292	0.209053829312	0.295255929232	0.269688427448	0.260921508074	0.211137726903	0.21525336802	0.245776057243	0.247860834002	0.116209194064	0.270232081413	0.229529097676	0.213095411658	0.261558562517	0.0303136389703	-0.136045113206	-0.0174618791789	0.119090601802
343_TASK04_CON61_4.0_pos	pos	4.0	0.139289036393	0.156464189291	0.033122997731	0.141042500734	0.12416664511	-0.0217774733901	0.059707570821	-0.0409444756806	-0.105645239353	0.621528685093	0.17473205924	0.0871713012457	0.163759276271	0.0866268128157	0.189269855618	0.165416970849	0.468718081713	0.124614521861	-0.156540721655	0.0633351877332	-0.158548027277	0.125984296203	0.184300765395	0.151751890779	0.0391275472939	0.158967837691	0.110131382942	-0.0733946412802	0.13256020844	0.115232720971	0.111940912902	0.140418991446	0.144877865911	0.186490476131	0.148884668946	0.142986595631	0.111191265285	0.14130795002	0.0111205782741	0.130781650543	0.133921861649	0.121522769332	0.132766887546	-0.0658779069781	-0.0406519584358	0.0346296578646	0.0751138776541
343_TASK04_CON61_5.0_posneg	posneg	5.0	0.166117325425	0.182945221663	0.0347893722355	0.18180039525	0.165750384331	0.00577359879389	0.148997843266	0.0350903719664	-0.171365410089	0.715291082859	0.150732591748	0.0572678782046	0.149278059602	0.0650662556291	0.165078893304	0.149654835463	0.559570133686	0.0812782868743	-0.153548598289	0.0580943711102	-0.158690229058	0.126805216074	0.241140902042	0.212227404118	-0.00644037406892	0.198677212	0.140942871571	-0.0410558506846	0.171214193106	0.136938095093	0.144476801157	0.196963831782	0.180148735642	0.197121232748	0.151325762272	0.152169600129	0.166593372822	0.175656303763	0.076502174139	0.178724169731	0.163644552231	0.150387987494	0.177469789982	-0.019759176299	-0.0628918334842	0.00290015735663	0.0653338357806
343_TASK04_CON61_5.0_pos	pos	5.0	0.102310419083	0.112539701164	0.0262404773384	0.121997311711	0.111542753875	0.00616163108498	0.0452233366668	-0.0459456928074	-0.0973471924663	0.506733834743	0.128024592996	0.0607245340943	0.131523683667	0.0646233633161	0.134730502963	0.115417040884	0.373577564955	0.112571530044	-0.124406054616	0.0931167677045	-0.117882557213	0.0890990570188	0.154618278146	0.135009229183	0.0124423513189	0.0993789881468	0.071907043457	-0.0486354529858	0.117818795145	0.10894139111	0.106627136469	0.125837370753	0.120609529316	0.163830220699	0.136343061924	0.129098191857	0.109648346901	0.13164408505	0.0332380495965	0.116464585066	0.126665815711	0.117726691067	0.123348854482	-0.0813968107104	-0.0138805666938	0.0444160662591	0.0449611730874
343_TASK04_CON61_6.0_posneg	posneg	6.0	0.0977098792791	0.097858004272	0.0373733378947	0.136316165328	0.130058720708	-0.0060309600085	0.107777155936	0.00492071220651	-0.130062237382	0.454021155834	0.0951620191336	0.0538237094879	0.105291046202	0.0791388899088	0.088994115591	0.0928786695004	0.342917948961	0.0607952959836	-0.0873014628887	0.0721244215965	-0.0432288832963	0.0381703488529	0.178950935602	0.164359033108	-0.0174424331635	0.0805284902453	0.0556643530726	-0.0616584569216	0.135476768017	0.129713088274	0.123180359602	0.14891269803	0.128002539277	0.171600878239	0.133375555277	0.128972351551	0.136744394898	0.143940791488	0.0930568426847	0.134039908648	0.150047600269	0.13124756515	0.139938101172	-0.0741543397307	0.00991376582533	0.0329093001783	0.0204113852233
343_TASK04_CON61_6.0_pos	pos	6.0	0.0848826467991	0.0822805613279	0.0357075482607	0.130303114653	0.127824619412	-0.0150796212256	0.093171492219	-0.0101094776765	-0.121348455548	0.374052792788	0.087674356997	0.0578229315579	0.0999812483788	0.0834983661771	0.074606269598	0.0821657925844	0.29783681035	0.0695756524801	-0.0698295757174	0.0876033306122	-0.0149562768638	0.0155498739332	0.17001067102	0.157381400466	-0.0185001678765	0.0619651786983	0.040984891355	-0.0726892873645	0.132349818945	0.134910643101	0.123461045325	0.141197115183	0.119475491345	0.168091028929	0.142212644219	0.134105250239	0.134636431932	0.143326923251	0.0949241518974	0.128369241953	0.151670962572	0.135258674622	0.138539746404	-0.0958146154881	0.0188014730811	0.0493334569037	0.0199196338654
343_TASK04_CON61_7.0_posneg	posneg	7.0	0.0260384082794	0.0110153481364	-0.00364910112694	0.137507781386	0.136632636189	0.0468025356531	0.120237320662	-0.00607489375398	-0.148913398385	0.201032832265	0.174018710852	0.175389871001	0.211479052901	0.230434253812	0.110588140786	0.182407855988	0.149898380041	0.0868284329772	-0.0810500383377	0.157959699631	0.0954957529902	-0.0834731087089	0.155314326286	0.145992577076	-0.0227568354458	0.0358047001064	0.00418921513483	-0.0971674770117	0.139402359724	0.159148022532	0.14696906507	0.127201363444	0.10701354593	0.1854262501	0.154300227761	0.110294751823	0.14983394742	0.150667995214	0.155315876007	0.130733028054	0.182242959738	0.158386945724	0.126972511411	-0.121571965516	0.133335649967	0.085450142622	-0.116888917983
343_TASK04_CON61_7.0_pos	pos	7.0	0.0260384082794	0.0110153481364	-0.00364910112694	0.137507781386	0.136632636189	0.0468025356531	0.120237320662	-0.00607489375398	-0.148913398385	0.201032832265	0.174018710852	0.175389871001	0.211479052901	0.230434253812	0.110588140786	0.182407855988	0.149898380041	0.0868284329772	-0.0810500383377	0.157959699631	0.0954957529902	-0.0834731087089	0.155314326286	0.145992577076	-0.0227568354458	0.0358047001064	0.00418921513483	-0.0971674770117	0.139402359724	0.159148022532	0.14696906507	0.127201363444	0.10701354593	0.1854262501	0.154300227761	0.110294751823	0.14983394742	0.150667995214	0.155315876007	0.130733028054	0.182242959738	0.158386945724	0.126972511411	-0.121571965516	0.133335649967	0.085450142622	-0.116888917983
343_TASK04_CON61_8.0_posneg	posneg	8.0	0.0729496255517	-0.0692465379834	0.119213692844	0.170257762074	0.148089915514	0.0845796763897	0.0985354110599	-0.0588100105524	-0.0986558720469	0.0794649124146	0.0730178952217	0.135882437229	0.09427331388	0.16185298562	0.139498963952	0.117610678077	0.031651172787	-0.00239972164854	-0.0532329529524	0.0105146188289	0.0722312629223	0.0113000134006	0.215288892388	0.20091983676	-0.106783851981	0.0592310614884	0.0677659809589	0.091725461185	0.170328736305	0.202406510711	0.210281953216	0.179508686066	0.157710954547	0.202059656382	0.233472630382	0.141521215439	0.195202067494	0.199171170592	0.157760292292	0.156373083591	0.220935150981	0.230630934238	0.161739513278	-0.183045789599	0.154029875994	0.158081561327	-0.155112847686
343_TASK04_CON61_8.0_pos	pos	8.0	0.0729496255517	-0.0692465379834	0.119213692844	0.170257762074	0.148089915514	0.0845796763897	0.0985354110599	-0.0588100105524	-0.0986558720469	0.0794649124146	0.0730178952217	0.135882437229	0.09427331388	0.16185298562	0.139498963952	0.117610678077	0.031651172787	-0.00239972164854	-0.0532329529524	0.0105146188289	0.0722312629223	0.0113000134006	0.215288892388	0.20091983676	-0.106783851981	0.0592310614884	0.0677659809589	0.091725461185	0.170328736305	0.202406510711	0.210281953216	0.179508686066	0.157710954547	0.202059656382	0.233472630382	0.141521215439	0.195202067494	0.199171170592	0.157760292292	0.156373083591	0.220935150981	0.230630934238	0.161739513278	-0.183045789599	0.154029875994	0.158081561327	-0.155112847686
343_TASK04_CON61_9.0_posneg	posneg	9.0																																															
343_TASK04_CON61_9.0_pos	pos	9.0																																															
343_TASK04_CON61_10.0_posneg	posneg	10.0																																															
343_TASK04_CON61_10.0_pos	pos	10.0																																															
343_TASK04_CON61_11.0_posneg	posneg	11.0																																															
343_TASK04_CON61_11.0_pos	pos	11.0																																															
343_TASK04_CON61_12.0_posneg	posneg	12.0																																															
343_TASK04_CON61_12.0_pos	pos	12.0																																															
343_TASK04_CON61_13.0_posneg	posneg	13.0																																															
343_TASK04_CON61_13.0_pos	pos	13.0																																															
343_TASK04_CON62_0.0_posneg	posneg	0.0	0.0164547059685	0.137064397335	-0.199337333441	0.0481784455478	0.0161332078278	0.164911150932	0.229019641876	0.12568628788	-0.161428123713	0.236209347844	0.773424327374	0.456007421017	0.718313694	0.489939302206	0.469184607267	0.680425822735	0.0438628271222	0.413835227489	-0.326185077429	0.242237508297	-0.295644700527	0.0459942109883	0.0125224972144	-0.0284731350839	0.150166869164	0.0698103383183	0.0321406051517	-0.0950227677822	-0.0266370363533	-0.0467522926629	-0.0837055668235	-0.00225326325744	0.0175150558352	0.0374216586351	-0.0491946265101	-0.0580943822861	-0.0300687570125	0.00296326540411	-0.018499718979	0.00629814248532	-0.00315714231692	-0.0610794089735	-0.0174359772354	0.159196302295	0.0915307924151	-0.198501840234	-0.0263245031238
343_TASK04_CON62_0.0_pos	pos	0.0	0.0908463671803	0.154482334852	-0.0930201336741	0.101160332561	0.0727690383792	0.075476564467	0.124007567763	-0.0203560385853	-0.18193680048	0.402389913797	0.70502269268	0.297044783831	0.626710295677	0.346462309361	0.366970717907	0.591614425182	0.26353135705	0.465862154961	-0.397490173578	0.262268096209	-0.368200063705	0.0289431773126	0.129942879081	0.0624790452421	0.204485878348	0.171810999513	0.106812611222	-0.117698267102	0.0492065921426	0.00252025271766	0.0161968432367	0.051930885762	0.0821508392692	0.125006392598	0.0635374709964	0.0498336367309	0.0286375042051	0.0853303745389	-0.0641884580255	0.0681387484074	0.0556873045862	0.0396054461598	0.0548781007528	0.0639427751303	-0.00449818745255	-0.0598127730191	0.00322541035712
343_TASK04_CON62_1.0_posneg	posneg	1.0	-0.033742506057	0.122860923409	-0.262872487307	0.023355897516	-0.0156313702464	0.223640322685	0.26779282093	0.188022732735	-0.148883745074	0.211882516742	0.828408539295	0.527449846268	0.770048141479	0.551988244057	0.521253347397	0.739083528519	-0.0254039727151	0.45959854126	-0.345504641533	0.275881975889	-0.315143883228	0.0212939083576	-0.0510144717991	-0.0942983403802	0.171615809202	0.0317251980305	-0.00578064098954	-0.115278840065	-0.0784601196647	-0.0908022522926	-0.14350579679	-0.0514293201268	-0.029764065519	0.00195318320766	-0.109996959567	-0.116316556931	-0.0808220878243	-0.0460618771613	-0.0189154110849	-0.0412563532591	-0.042712405324	-0.120849698782	-0.0695942789316	0.192300796509	0.157890617847	-0.264800280333	-0.0477375201881
343_TASK04_CON62_1.0_pos	pos	1.0	0.0600950345397	0.106134831905	-0.0726966187358	0.0771668106318	0.0501457639039	0.0650436580181	0.0654000043869	-0.0427174828947	-0.12929828465	0.405479758978	0.706580638885	0.262438446283	0.601086199284	0.313067764044	0.319467335939	0.56628370285	0.26932901144	0.509734213352	-0.415710896254	0.275286436081	-0.381311625242	-0.0280423108488	0.10443264246	0.0269952341914	0.239165529609	0.148773342371	0.0778151676059	-0.130838155746	0.021982440725	-0.0238495673984	0.000987663515843	0.0159039609134	0.052377898246	0.124124623835	0.0559143461287	0.050273232162	-0.0030302205123	0.0706775188446	-0.100199073553	0.0357523225248	0.0370657816529	0.0248448066413	0.0321704670787	0.0235725417733	0.0128603121266	-0.0398926027119	0.0112753538415
343_TASK04_CON62_2.0_posneg	posneg	2.0	-0.139969050884	0.0975174978375	-0.362961053848	-0.00681264465675	-0.0514620989561	0.286727845669	0.304691374302	0.253890007734	-0.148297920823	0.178175956011	0.884404182434	0.597766518593	0.818175137043	0.609743535519	0.578285336494	0.794746220112	-0.133877471089	0.507455348969	-0.383189529181	0.313475281	-0.351276516914	-0.014482201077	-0.159460365772	-0.195729658008	0.196555450559	-0.0357552170753	-0.0887304991484	-0.183186739683	-0.156189411879	-0.162043809891	-0.231521040201	-0.131522446871	-0.110205717385	-0.0637628361583	-0.20748141408	-0.212387934327	-0.160712406039	-0.132537782192	-0.00663147121668	-0.119177542627	-0.109832696617	-0.210904628038	-0.157388284802	0.254843950272	0.257465332747	-0.367906838655	-0.0924626812339
343_TASK04_CON62_2.0_pos	pos	2.0	-0.0269565619528	0.00659225648269	-0.0688444599509	0.0139705678448	-0.0111948605627	0.0798330977559	-0.00690289027989	-0.0610408373177	-0.0628462508321	0.35825240612	0.70252430439	0.198334753513	0.526448726654	0.250459074974	0.228377372026	0.507602632046	0.213275879622	0.545321583748	-0.42656686902	0.247351676226	-0.381291776896	-0.105739429593	0.030008867383	-0.0441331602633	0.261658757925	0.0554570816457	-0.0252649579197	-0.15946289897	-0.0345582105219	-0.0691478848457	-0.0370764173567	-0.033619415015	-0.0059067918919	0.100986503065	0.0290541294962	0.0280435346067	-0.0523789562285	0.0346108861268	-0.152834400535	-0.0248222369701	-0.00152611313388	-0.0107470806688	-0.00615947693586	-0.0298663210124	0.0426895990968	-0.0254588127136	0.0342502780259
343_TASK04_CON62_3.0_posneg	posneg	3.0	-0.3120187819	0.0898823142052	-0.496253281832	-0.0173201225698	-0.0652535110712	0.324412822723	0.321656793356	0.266110002995	-0.205714389682	0.153485700488	0.93041819334	0.642952263355	0.850288569927	0.644997000694	0.626165151596	0.838239431381	-0.285787731409	0.536984145641	-0.457476586103	0.335113942623	-0.404296129942	-0.0534323602915	-0.292349636555	-0.306052595377	0.223851114511	-0.13281005621	-0.245980232954	-0.355691075325	-0.258272320032	-0.262541651726	-0.343321859837	-0.229064956307	-0.20028437674	-0.166214242578	-0.340216249228	-0.338838905096	-0.263550490141	-0.251689463854	0.00934619177133	-0.216435223818	-0.208360508084	-0.327858090401	-0.270307987928	0.373607486486	0.370815753937	-0.521195828915	-0.156802207232
343_TASK04_CON62_3.0_pos	pos	3.0	-0.145546630025	-0.138070642948	-0.00658564129844	-0.0680510476232	-0.0947585701942	0.119803629816	-0.0615044496953	-0.0542297363281	0.0158127807081	0.211387634277	0.672091007233	0.0701574459672	0.356099158525	0.108223736286	0.0768358409405	0.367459774017	0.0631336048245	0.545649468899	-0.38702583313	0.167901232839	-0.363517910242	-0.195116296411	-0.0799885168672	-0.120343156159	0.19070969522	-0.108132697642	-0.173799812794	-0.180642902851	-0.0904534608126	-0.0941823422909	-0.0600419677794	-0.0592441596091	-0.0596591345966	0.0713951289654	0.00718653202057	-0.00274280202575	-0.0846498608589	-0.00194157205988	-0.181168571115	-0.0804415717721	-0.0303492918611	-0.0377330109477	-0.036271315068	-0.126422658563	0.0974725261331	0.0143976630643	0.0524381622672
343_TASK04_CON62_4.0_posneg	posneg	4.0	-0.407509833574	0.217892467976	-0.646050214767	0.0620218403637	0.00718787778169	0.311468482018	0.335763037205	0.253068119287	-0.303744345903	0.133815661073	0.959732055664	0.661281228065	0.868694543839	0.684047162533	0.66430836916	0.871223390102	-0.435494810343	0.574593067169	-0.549006044865	0.340254634619	-0.434285700321	-0.122815385461	-0.360627532005	-0.354763060808	0.220476418734	-0.144833341241	-0.385768294334	-0.603854656219	-0.293283998966	-0.328721225262	-0.40953207016	-0.255283385515	-0.191837608814	-0.228731960058	-0.418724179268	-0.400793433189	-0.312481343746	-0.307144850492	0.00750076118857	-0.232304364443	-0.269402951002	-0.396719306707	-0.318851917982	0.556976020336	0.398068130016	-0.683052420616	-0.143018066883
343_TASK04_CON62_4.0_pos	pos	4.0	-0.222739845514	-0.26176738739	0.118309445679	-0.129674121737	-0.160226866603	0.142971009016	-0.131973743439	-0.0892336145043	0.094589650631	-0.00819386169314	0.61921620369	-0.111147403717	0.11321670562	-0.0768228471279	-0.0951164141297	0.173491343856	-0.107456676662	0.528682649136	-0.325697541237	0.0490640848875	-0.347183853388	-0.295620858669	-0.163130730391	-0.162964314222	0.074182972312	-0.182024747133	-0.212624534965	-0.146165236831	-0.0972916409373	-0.0800528228283	-0.0615734793246	-0.0584024377167	-0.0594207197428	0.0515522398055	-0.0123934363946	0.0139346094802	-0.0817684307694	-0.00305255781859	-0.183692261577	-0.0810130909085	-0.0263521764427	-0.0488918758929	-0.0282389000058	-0.147384747863	0.139038801193	-0.0152766192332	0.0966264307499
343_TASK04_CON62_5.0_posneg	posneg	5.0	-0.412617862225	0.34365427494	-0.731447160244	0.161655217409	0.103391811252	0.288985788822	0.365298449993	0.275632083416	-0.363442569971	0.125316396356	0.976335048676	0.654908418655	0.872171640396	0.702287077904	0.682073712349	0.891210973263	-0.507853090763	0.644700586796	-0.63503664732	0.324549108744	-0.483528524637	-0.205941289663	-0.394656985998	-0.38898563385	0.203234702349	-0.102632574737	-0.475883543491	-0.757377445698	-0.281638205051	-0.360160768032	-0.445546060801	-0.231709674001	-0.114016763866	-0.229310929775	-0.446703910828	-0.40581536293	-0.324892312288	-0.306638866663	-0.0228985864669	-0.190213084221	-0.288226544857	-0.429964900017	-0.316380977631	0.694392085075	0.370268702507	-0.776221930981	-0.0478725023568
343_TASK04_CON62_5.0_pos	pos	5.0	-0.242541968822	-0.295929521322	0.204824820161	-0.15237121284	-0.185293003917	0.104453936219	-0.14551229775	-0.0941349342465	0.130122125149	-0.147699505091	0.576875209808	-0.244399920106	-0.105884984136	-0.217463687062	-0.243012830615	0.00865814089775	-0.19371663034	0.520407617092	-0.26718378067	-0.115778930485	-0.323343366385	-0.370143711567	-0.204598531127	-0.185200870037	-0.0293881352991	-0.190037354827	-0.180121332407	-0.0590647906065	-0.0877138823271	-0.0623708739877	-0.0550191998482	-0.0488173365593	-0.0556962005794	0.0220604259521	-0.0367102921009	0.0281872265041	-0.0670593306422	-0.00718581257388	-0.158428877592	-0.0691799670458	-0.0180699918419	-0.0531026683748	-0.0155619317666	-0.13757109642	0.114439681172	-0.0421220622957	0.139991924167
343_TASK04_CON62_6.0_posneg	posneg	6.0	-0.441549152136	0.363999158144	-0.779507994652	0.208397090435	0.140864551067	0.266274541616	0.384673714638	0.305633932352	-0.35297781229	0.0910267755389	0.984278380871	0.617058157921	0.867764472961	0.689077496529	0.667924642563	0.903730809689	-0.549180030823	0.740146517754	-0.69619679451	0.281678795815	-0.59217852354	-0.318188607693	-0.460871905088	-0.454049348831	0.17285643518	-0.0910406708717	-0.553991556168	-0.821143388748	-0.290319681168	-0.398977100849	-0.491955757141	-0.217882558703	-0.0455521456897	-0.237931370735	-0.48364764452	-0.419571608305	-0.351347088814	-0.321392923594	-0.0772725343704	-0.164186835289	-0.314984112978	-0.478079140186	-0.32750171423	0.779313981533	0.332580476999	-0.835371911526	0.100317567587
343_TASK04_CON62_6.0_pos	pos	6.0	-0.164962306619	-0.239229202271	0.265533059835	-0.118050552905	-0.173658147454	0.151825681329	-0.0661876797676	0.0203322153538	0.16298301518	-0.196387559175	0.525333464146	-0.327211141586	-0.201172217727	-0.232013836503	-0.252027243376	-0.0304385442287	-0.268696546555	0.496053248644	-0.286104768515	-0.2584015131	-0.279619604349	-0.326696962118	-0.201564341784	-0.190002426505	-0.0834675580263	-0.147964224219	-0.100638486445	0.0352495796978	-0.0745743960142	-0.040859632194	-0.0629265159369	-0.0289244391024	-0.0356939136982	0.0205795876682	-0.0578965246677	0.0461374744773	-0.0468463115394	0.0036331654992	-0.114965155721	-0.043558690697	0.00237873196602	-0.063575156033	0.0053293351084	-0.110580518842	0.0893579572439	-0.0773935243487	0.160109400749
343_TASK04_CON62_7.0_posneg	posneg	7.0	-0.291652262211	0.336490511894	-0.688236773014	0.226103574038	0.156379073858	0.186469942331	0.324010372162	0.275899022818	-0.214539438486	0.0286075733602	0.973509967327	0.483556807041	0.777124047279	0.578384876251	0.541271924973	0.855418145657	-0.468123793602	0.727977275848	-0.587519526482	0.149244561791	-0.566605627537	-0.356065511703	-0.395337671041	-0.401800245047	0.0326280854642	-0.0103047080338	-0.409521192312	-0.704160034657	-0.190965995193	-0.301349818707	-0.41279065609	-0.080031208694	0.161978960037	-0.0918375328183	-0.423646599054	-0.281920403242	-0.24621117115	-0.213996514678	-0.115264937282	-0.0197106618434	-0.2042837888	-0.418767958879	-0.200192183256	0.74823486805	0.296447396278	-0.777636766434	0.214327529073
343_TASK04_CON62_7.0_pos	pos	7.0	0.0351854041219	-0.0201189238578	0.162085577846	-0.0115404166281	-0.0692669153214	0.133500739932	0.113361462951	0.172817409039	0.0991399139166	-0.0011388878338	0.414115130901	-0.221965774894	-0.153746023774	-0.13282494247	-0.150974676013	0.0637966841459	-0.116347640753	0.413615643978	-0.169005900621	-0.262905299664	-0.174138695002	-0.195402994752	-0.0709067434072	-0.0772195905447	-0.0687124654651	-0.0171368289739	0.055952988565	0.106223486364	0.0277533978224	0.019600301981	-0.0636393204331	0.0324319824576	0.0558735579252	0.0836494043469	-0.00870823487639	0.0353392846882	0.026917560026	0.0550930015743	-0.0668292567134	0.0721839368343	0.0724606513977	-0.0218922961503	0.0338169410825	0.0667954832315	0.129221305251	-0.146718665957	-0.0555035658181
343_TASK04_CON62_8.0_posneg	posneg	8.0	0.254102677107	0.207111030817	-0.0271537881345	0.183957740664	0.21597674489	-0.0319803804159	0.216435059905	0.19245134294	-0.171346977353	-0.165100514889	0.0880431309342	-0.00386097608134	0.0626090914011	0.185447454453	0.186584815383	0.356464713812	-0.196014299989	0.117316491902	0.0384616851807	-0.143825188279	0.0126641355455	0.156663179398	0.190157353878	0.20772574842	-0.128887370229	0.109353221953	0.206010848284	0.211397022009	0.288005799055	0.29330047965	0.238738387823	0.257447451353	0.255971193314	0.191385835409	0.325642645359	0.21402142942	0.286250025034	0.272552937269	0.0861210972071	0.284090608358	0.296735018492	0.338538944721	0.245839327574	0.0716333463788	-0.032719578594	0.192130669951	-0.267425090075
343_TASK04_CON62_8.0_pos	pos	8.0	0.254102677107	0.207111030817	-0.0271537881345	0.183957740664	0.21597674489	-0.0319803804159	0.216435059905	0.19245134294	-0.171346977353	-0.165100514889	0.0880431309342	-0.00386097608134	0.0626090914011	0.185447454453	0.186584815383	0.356464713812	-0.196014299989	0.117316491902	0.0384616851807	-0.143825188279	0.0126641355455	0.156663179398	0.190157353878	0.20772574842	-0.128887370229	0.109353221953	0.206010848284	0.211397022009	0.288005799055	0.29330047965	0.238738387823	0.257447451353	0.255971193314	0.191385835409	0.325642645359	0.21402142942	0.286250025034	0.272552937269	0.0861210972071	0.284090608358	0.296735018492	0.338538944721	0.245839327574	0.0716333463788	-0.032719578594	0.192130669951	-0.267425090075
343_TASK04_CON62_9.0_posneg	posneg	9.0																																															
343_TASK04_CON62_9.0_pos	pos	9.0																																															
343_TASK04_CON62_10.0_posneg	posneg	10.0																																															
343_TASK04_CON62_10.0_pos	pos	10.0																																															
343_TASK04_CON62_11.0_posneg	posneg	11.0																																															
343_TASK04_CON62_11.0_pos	pos	11.0																																															
343_TASK04_CON62_12.0_posneg	posneg	12.0																																															
343_TASK04_CON62_12.0_pos	pos	12.0																																															
343_TASK04_CON62_13.0_posneg	posneg	13.0																																															
343_TASK04_CON62_13.0_pos	pos	13.0																																															
343_TASK04_CON63_0.0_posneg	posneg	0.0	0.0403424538672	0.158406436443	-0.198147684336	0.0602010563016	0.0636129081249	0.0541577488184	0.222034826875	0.175080835819	-0.0907065942883	0.035703253001	0.451031625271	0.758256733418	0.405656963587	0.460604399443	0.330193698406	0.530389964581	-0.127236247063	0.0125365192071	0.2272272259	-0.121361806989	-0.114461794496	-0.0179420802742	0.00691434927285	0.0127928247675	0.0101938359439	0.00925339385867	0.00144301424734	-0.0152444504201	0.0267185885459	0.0304392650723	-0.0425309501588	0.0304990764707	0.0201257523149	0.0432442761958	-0.00612693931907	-0.0272735152394	0.0312814973295	0.0286079552025	0.0415710955858	0.0374611802399	0.0485323369503	-0.0143685610965	0.022337956354	0.114434689283	0.0952545255423	-0.144376367331	-0.0214356165379
343_TASK04_CON63_0.0_pos	pos	0.0	-0.025707738474	0.033484838903	-0.0880193188787	-0.00968805234879	-0.026877835393	0.0161436125636	0.0475410483778	-0.0563959814608	-0.107453860343	0.351513922215	0.278978466988	0.700840771198	0.153243839741	0.147507563233	0.228217050433	0.395935565233	0.266188919544	-0.0626249089837	0.256401121616	-0.321388393641	-0.347282677889	0.0162955634296	0.0577850528061	0.0164757426828	0.173440992832	0.108885981143	0.0432641468942	-0.150318309665	-0.0472692847252	-0.0996369943023	-0.054820343852	-0.0343336835504	-0.0284713450819	0.00238991039805	-0.00183048285544	-0.0534231737256	-0.0696248859167	-0.0313660167158	-0.113075509667	-0.0487657785416	-0.0669739618897	-0.0374474488199	-0.0492036305368	0.0098561681807	-0.0472909882665	0.0209640469402	0.00458988500759
343_TASK04_CON63_1.0_posneg	posneg	1.0	0.0487518012524	0.188145563006	-0.235270559788	0.0814252719283	0.0815664753318	0.0580387972295	0.257448613644	0.182136654854	-0.132030144334	0.107663415372	0.522551357746	0.82172447443	0.453861564398	0.493733912706	0.397795975208	0.605764746666	-0.09826849401	0.0224756840616	0.263449251652	-0.157813176513	-0.182294160128	-0.00865397788584	0.0266558229923	0.0262099243701	0.0364859253168	0.035685479641	0.015835320577	-0.0346577018499	0.0344473645091	0.0271864645183	-0.0418031550944	0.0387556627393	0.0283677596599	0.0565072074533	0.00113676791079	-0.0281048044562	0.0348419062793	0.0357654169202	0.038730494678	0.0454085730016	0.0520996712148	-0.0101393200457	0.0266080629081	0.135467231274	0.0914311408997	-0.155254349113	-0.0224597100168
343_TASK04_CON63_1.0_pos	pos	1.0	-0.185292065144	-0.154920741916	-0.0280204918236	-0.155932620168	-0.18630155921	0.0720100551844	-0.0688082948327	-0.0689164027572	0.0436690971255	0.351710140705	0.145671054721	0.742729485035	-0.034231774509	-0.0183961521834	0.141013950109	0.31882211566	0.283617436886	-0.199278235435	0.414593368769	-0.469875127077	-0.414927452803	-0.0430161319673	-0.0914896801114	-0.1226464957	0.169618591666	0.017755381763	-0.0440826937556	-0.18316206336	-0.206930458546	-0.236638277769	-0.171642661095	-0.176014155149	-0.160348847508	-0.121226303279	-0.118503093719	-0.164622038603	-0.222843840718	-0.170818924904	-0.238026753068	-0.207469239831	-0.211946606636	-0.166323021054	-0.18869368732	-0.0859553590417	-0.0330954305828	0.0929767265916	0.0168900880963
343_TASK04_CON63_2.0_posneg	posneg	2.0	0.0280857551843	0.192958518863	-0.274702429771	0.0840232297778	0.0757234692574	0.081939458847	0.291741520166	0.211589872837	-0.145618215203	0.206148073077	0.580832958221	0.88684296608	0.46906465292	0.500335276127	0.458698928356	0.666966021061	-0.0679266378284	0.0115341348574	0.343417435884	-0.23422293365	-0.284461259842	-0.00280225998722	0.0180395543575	0.0129327466711	0.0654387697577	0.0483341030777	0.0175799652934	-0.0568981729448	0.00870733894408	-0.0083797024563	-0.06388964504	0.0199809744954	0.00976707506925	0.0489064790308	-0.0132702123374	-0.0510769449174	0.00569510646164	0.0151853319257	0.00772143760696	0.0195124335587	0.0243861433119	-0.0311113372445	0.00305286841467	0.135554030538	0.0952015891671	-0.158458560705	-0.0200599115342
343_TASK04_CON63_2.0_pos	pos	2.0	-0.410914897919	-0.419412016869	0.0716688260436	-0.385654330254	-0.416962563992	0.142320543528	-0.224141582847	-0.0941514074802	0.290398687124	0.229193076491	-0.149482682347	0.751432478428	-0.321293979883	-0.25444573164	-0.0681035146117	0.108223959804	0.201793134212	-0.426069617271	0.587033748627	-0.596436083317	-0.437667518854	-0.186708316207	-0.350916653872	-0.345736384392	0.08485879004	-0.204457223415	-0.256092071533	-0.226935863495	-0.409881949425	-0.386978298426	-0.346429675817	-0.362948745489	-0.343447118998	-0.32532736659	-0.304595023394	-0.332546889782	-0.405896246433	-0.365538239479	-0.361894160509	-0.404762178659	-0.391342699528	-0.351294338703	-0.37205556035	-0.163279518485	0.0333623066545	0.132870569825	0.00845568533987
343_TASK04_CON63_3.0_posneg	posneg	3.0	-0.055736348033	0.144850999117	-0.311018407345	0.0299533121288	0.0077867959626	0.143208995461	0.336265563965	0.292244851589	-0.0993976742029	0.260368347168	0.597783684731	0.936952054501	0.42158856988	0.45175242424	0.480656892061	0.692728877068	-0.114527493715	-0.0645797103643	0.503539681435	-0.357436925173	-0.386644005775	-0.03893802315	-0.0728095397353	-0.0652551800013	0.0548628494143	-0.00825209822506	-0.040674328804	-0.0839147642255	-0.076303422451	-0.0862158536911	-0.135543495417	-0.0453764609993	-0.0618657581508	-0.018282154575	-0.0777770802379	-0.125001639128	-0.0750191360712	-0.0642290562391	-0.0454923324287	-0.0654181092978	-0.0573329329491	-0.105221807957	-0.072531811893	0.127314552665	0.125353336334	-0.173517659307	-0.0216988623142
343_TASK04_CON63_3.0_pos	pos	3.0	-0.531544625759	-0.554658472538	0.139670029283	-0.521164357662	-0.536821365356	0.162914097309	-0.328372776508	-0.137309864163	0.464602053165	0.0676557794213	-0.367126703262	0.736900389194	-0.476763665676	-0.379135161638	-0.233732938766	-0.0772867500782	0.120182789862	-0.592889428139	0.647738575935	-0.658456742764	-0.459342628717	-0.322743088007	-0.5018055439	-0.484705418348	-0.0245171468705	-0.367210566998	-0.42164966464	-0.237191393971	-0.514874875546	-0.483893483877	-0.471212238073	-0.471740633249	-0.440752953291	-0.459363788366	-0.444606721401	-0.440104424953	-0.506313920021	-0.471133053303	-0.446200668812	-0.498063147068	-0.49691799283	-0.476195126772	-0.47498562932	-0.136694476008	0.0435084477067	0.0767963379622	0.0162003431469
343_TASK04_CON63_4.0_posneg	posneg	4.0	-0.249976947904	0.0311428010464	-0.385878324509	-0.103982411325	-0.139435037971	0.234125584364	0.397403091192	0.430463939905	0.00275507685728	0.256843209267	0.606703042984	0.966162383556	0.335600346327	0.347317278385	0.489598631859	0.70959854126	-0.26485273242	-0.209747523069	0.696433901787	-0.525041460991	-0.510008513927	-0.12885132432	-0.293527632952	-0.256549119949	-0.0254579298198	-0.149561092257	-0.18106508255	-0.137823328376	-0.254620581865	-0.251335084438	-0.311557382345	-0.206441387534	-0.226900979877	-0.205505773425	-0.260261625051	-0.308532059193	-0.250223755836	-0.256316304207	-0.107797391713	-0.243466585875	-0.241595670581	-0.29147797823	-0.253434956074	0.186608016491	0.189746826887	-0.254270017147	-0.0536791458726
343_TASK04_CON63_4.0_pos	pos	4.0	-0.520555913448	-0.533270418644	0.206825897098	-0.514809668064	-0.514948785305	0.0828630849719	-0.32878613472	-0.139908835292	0.492663353682	0.0744457170367	-0.292556524277	0.68116235733	-0.415209829807	-0.317543059587	-0.206028908491	-0.0166157744825	0.0814362242818	-0.59631806612	0.594341874123	-0.631888628006	-0.498794078827	-0.368767380714	-0.501247882843	-0.492779195309	-0.0419013239443	-0.369176208973	-0.468252331018	-0.26709228754	-0.516995787621	-0.508694648743	-0.49765625596	-0.459932208061	-0.428386121988	-0.456839084625	-0.475359916687	-0.442263364792	-0.508884370327	-0.459037482738	-0.487115204334	-0.485757291317	-0.504573702812	-0.495312452316	-0.463725030422	-0.0556234829128	-0.023468054831	-0.0507539734244	0.101005934179
343_TASK04_CON63_5.0_posneg	posneg	5.0	-0.532986998558	-0.0518288984895	-0.567026555538	-0.278327018023	-0.317373901606	0.292224347591	0.460820823908	0.537295103073	0.0206415057182	0.329155504704	0.698318183422	0.981844544411	0.355916202068	0.327490866184	0.663973927498	0.802617847919	-0.429954886436	-0.465535193682	0.8311226964	-0.734497725964	-0.708315908909	-0.242290824652	-0.565125763416	-0.517133355141	-0.143198788166	-0.350540935993	-0.477364182472	-0.379888147116	-0.534663140774	-0.558714985847	-0.624758481979	-0.474003970623	-0.469004034996	-0.539396047592	-0.607396900654	-0.622299909592	-0.549042999744	-0.583061039448	-0.217673167586	-0.510194778442	-0.566386938095	-0.620629310608	-0.556107342243	0.489832371473	0.252440810204	-0.540761470795	-0.0832088366151
343_TASK04_CON63_5.0_pos	pos	5.0	-0.427294820547	-0.425560265779	0.265464395285	-0.430286109447	-0.402686476707	-0.153195798397	-0.253052949905	-0.143614321947	0.400425344706	0.180274054408	-0.038505025208	0.542727530003	-0.216245085001	-0.119727678597	-0.0605070479214	0.193633645773	0.0602906346321	-0.507765412331	0.472733229399	-0.53462934494	-0.471959978342	-0.348696172237	-0.405165433884	-0.399302482605	-0.0195638593286	-0.31726911664	-0.456333398819	-0.306634753942	-0.418707758188	-0.427434056997	-0.411783516407	-0.353778898716	-0.328356057405	-0.331723451614	-0.393338352442	-0.366405159235	-0.408009856939	-0.355291515589	-0.407934397459	-0.374552071095	-0.404720723629	-0.403522342443	-0.366152137518	-0.0224999431521	0.0398015715182	-0.113658383489	0.0893819704652
343_TASK04_CON63_6.0_posneg	posneg	6.0	-0.790451288223	0.0233041066676	-0.816711366177	-0.455820828676	-0.462737977505	0.0545773655176	0.425024658442	0.476977139711	-0.0893753021955	0.415339112282	0.888192534447	0.989032626152	0.695398688316	0.68007516861	0.862279236317	0.945884466171	-0.669932246208	-0.752153754234	0.912347316742	-0.865267217159	-0.836366891861	-0.481675684452	-0.771618664265	-0.758955001831	-0.0205874051899	-0.509843826294	-0.832316935062	-0.808512866497	-0.748560130596	-0.82836663723	-0.854248821735	-0.700202584267	-0.634040951729	-0.787291049957	-0.83276194334	-0.848662078381	-0.796711862087	-0.808361232281	-0.442452311516	-0.70718318224	-0.820532023907	-0.847375154495	-0.791621744633	0.835241258144	0.25214406848	-0.832599818707	0.0296064745635
343_TASK04_CON63_6.0_pos	pos	6.0	-0.346729278564	-0.368904024363	0.367692917585	-0.368420481682	-0.333426773548	-0.281237959862	-0.234261617064	-0.191496625543	0.319138050079	0.300130993128	0.19922670722	0.386293917894	-0.015222242102	0.0747013539076	0.00103692663833	0.330002367496	0.104922153056	-0.39936208725	0.384882718325	-0.448650926352	-0.326666504145	-0.393260776997	-0.344615966082	-0.344909191132	-0.0213169474155	-0.172623291612	-0.382833480835	-0.294251382351	-0.328905075788	-0.359161555767	-0.354713767767	-0.319945275784	-0.313333421946	-0.205590710044	-0.32923156023	-0.336524754763	-0.332652419806	-0.303057968616	-0.36036157608	-0.30381333828	-0.323404878378	-0.339641034603	-0.328903138638	-0.0590965151787	0.226276993752	-0.127012684941	-0.00530200265348
343_TASK04_CON63_7.0_posneg	posneg	7.0	-0.912681937218	0.0437199361622	-0.929763317108	-0.738247573376	-0.720867991447	-0.314683228731	0.390791624784	0.450982272625	0.221108824015	0.503570556641	0.954731881618	0.993735492229	0.880365788937	0.800066053867	0.901857852936	0.980317831039	-0.784740924835	-0.873680353165	0.97382235527	-0.921453535557	-0.861010074615	-0.666802406311	-0.910495221615	-0.928666055202	-0.01999315992	-0.522213876247	-0.959014952183	-0.952086269855	-0.882071077824	-0.947056233883	-0.947841703892	-0.839491486549	-0.698556602001	-0.845215976238	-0.905260920525	-0.916873812675	-0.925890386105	-0.88876503706	-0.789536416531	-0.83542573452	-0.920403182507	-0.935486257076	-0.895727097988	0.888433933258	0.211682215333	-0.898033797741	0.211025074124
343_TASK04_CON63_7.0_pos	pos	7.0	-0.16707842052	-0.182763710618	0.212501466274	-0.290401041508	-0.202450796962	-0.291790008545	-0.0578707456589	0.00385647313669	0.260689556599	0.2850022614	0.283092051744	0.42231708765	0.107139743865	0.286579847336	-0.0411832854152	0.379010587931	-0.0358248054981	-0.313804328442	0.450506895781	-0.356224775314	0.017368607223	-0.470193594694	-0.117667675018	-0.124464660883	-0.0337824523449	-0.113337300718	-0.18476587534	-0.075417034328	-0.0701863840222	-0.110673837364	-0.119570799172	-0.119550414383	-0.141514971852	0.075026884675	-0.136990338564	-0.111142493784	-0.0797974020243	-0.080183878541	-0.24171192944	-0.103932283819	-0.0720434635878	-0.129597008228	-0.0930947363377	-0.0466773994267	0.337530016899	-0.137970894575	-0.00355698750354
343_TASK04_CON63_8.0_posneg	posneg	8.0	-0.975082159042	0.112132102251	-0.927252411842	-0.861876308918	-0.773844003677	-0.698997616768	0.379912167788	0.508709013462	0.532912671566	0.255661338568	0.975104808807	0.997531235218	0.919170975685	0.876904547215	0.948512792587	0.991800129414	-0.839066624641	-0.926848053932	0.994287014008	-0.979785501957	-0.879572153091	-0.980731785297	-0.966788589954	-0.978943705559	-0.209727913141	-0.619188606739	-0.968064188957	-0.94025427103	-0.910293221474	-0.967341899872	-0.975506663322	-0.887978255749	-0.698798716068	-0.796429991722	-0.936176419258	-0.959021866322	-0.957409381866	-0.931458175182	-0.932225346565	-0.880011796951	-0.930561006069	-0.968856453896	-0.946640074253	0.900391340256	0.705255746841	-0.929792940617	0.109153494239
343_TASK04_CON63_8.0_pos	pos	8.0	0.0547493249178	0.185227677226	-0.0590713657439	-0.392097651958	3.87405380025e-05	-0.55991256237	0.0168426763266	0.0976464748383	0.289444178343	0.422789603472	0.0764109790325	0.169546589255	-0.0410467199981	0.0992455855012	-0.208620563149	0.268325328827	0.283150166273	-0.424356430769	0.256949275732	-0.225620135665	-0.0113671319559	-0.724317669868	0.0569001398981	-0.159256011248	0.290288835764	0.132854029536	0.0443079061806	-0.102263532579	0.043085616082	0.0680785030127	0.11554402113	0.154011905193	0.0783289894462	0.174523666501	-0.0177351683378	0.19238139689	0.207334533334	0.0524602346122	0.138245150447	0.00650946144015	0.0664973631501	0.0810972675681	0.201005727053	0.0605096966028	-0.00519836647436	-0.218840315938	0.393928736448
343_TASK04_CON63_9.0_posneg	posneg	9.0																																															
343_TASK04_CON63_9.0_pos	pos	9.0																																															
343_TASK04_CON63_10.0_posneg	posneg	10.0																																															
343_TASK04_CON63_10.0_pos	pos	10.0																																															
343_TASK04_CON63_11.0_posneg	posneg	11.0																																															
343_TASK04_CON63_11.0_pos	pos	11.0																																															
343_TASK04_CON63_12.0_posneg	posneg	12.0																																															
343_TASK04_CON63_12.0_pos	pos	12.0																																															
343_TASK04_CON63_13.0_posneg	posneg	13.0																																															
343_TASK04_CON63_13.0_pos	pos	13.0																																															
343_TASK04_CON64_0.0_posneg	posneg	0.0	0.0842162072659	0.201463848352	-0.17930175364	0.130050674081	0.10030207783	0.129462853074	0.24896158278	0.105492927134	-0.211586162448	0.262120425701	0.715270519257	0.351863950491	0.780534267426	0.545686602592	0.457241356373	0.66133081913	0.0755291357636	0.349354088306	-0.435556441545	0.395621150732	-0.198894038796	0.0489960871637	0.0868229344487	0.0486006103456	0.132536053658	0.131400406361	0.087263725698	-0.0727456063032	0.0680050626397	0.044784732163	-0.0109982080758	0.0735434964299	0.107171326876	0.120364248753	0.0279885139316	0.0290273409337	0.0579070411623	0.092243693769	0.0170468874276	0.101614363492	0.0920021981001	0.0164941009134	0.0663152486086	0.188176631927	0.0766235142946	-0.209663391113	-0.0294579006732
343_TASK04_CON64_0.0_pos	pos	0.0	0.109810009599	0.176962524652	-0.0966510400176	0.134365290403	0.103337466717	0.0684567987919	0.112047888339	-0.061308670789	-0.213723897934	0.426164269447	0.641826927662	0.236265391111	0.723065972328	0.403896600008	0.386998325586	0.602935791016	0.284048765898	0.368566066027	-0.50451362133	0.417077869177	-0.308358997107	0.0401987321675	0.163195043802	0.0979632213712	0.192050054669	0.189069598913	0.113773919642	-0.127248734236	0.0946571528912	0.05761487782	0.0429321862757	0.0884963870049	0.128222897649	0.167855367064	0.0991176068783	0.106958910823	0.071965329349	0.136520460248	-0.04585602507	0.116052135825	0.111473552883	0.0726863816381	0.103339441121	0.081219509244	0.00598227465525	-0.0906166732311	0.018654961139
343_TASK04_CON64_1.0_posneg	posneg	1.0	0.0669550299644	0.220028474927	-0.240567564964	0.129036441445	0.0943601503968	0.168842256069	0.295122057199	0.165741413832	-0.215827256441	0.241943269968	0.766735553741	0.393902659416	0.833514153957	0.615980327129	0.495335102081	0.711202383041	0.0144323688	0.386959850788	-0.471764683723	0.458092153072	-0.179209783673	0.0165584441274	0.0562431067228	0.0123261939734	0.160635441542	0.107993677258	0.066476136446	-0.0834892019629	0.0451174080372	0.0224465429783	-0.0430455692112	0.0536091141403	0.0906493738294	0.105382345617	0.00164254999254	0.00111913413275	0.035884693265	0.0748562216759	0.0219065640122	0.0846419483423	0.0754095613956	-0.0110813956708	0.0449825748801	0.22143471241	0.120929606259	-0.267728894949	-0.042679939419
343_TASK04_CON64_1.0_pos	pos	1.0	0.0722306892276	0.126056358218	-0.0860055610538	0.0904413685203	0.0616639368236	0.0617850385606	0.0510035119951	-0.0860195234418	-0.163646146655	0.430976331234	0.616763353348	0.195409953594	0.721508979797	0.363114178181	0.335352122784	0.573879301548	0.294629871845	0.376052707434	-0.521604895592	0.464517593384	-0.317648738623	-0.0186467263848	0.129246920347	0.048892531544	0.242814913392	0.150804772973	0.0734660029411	-0.148250803351	0.0488588623703	0.0104490127414	0.0167092513293	0.0412861891091	0.0850474536419	0.142764627934	0.0877960398793	0.0968820899725	0.0240239296108	0.109409786761	-0.0967808067799	0.0669171512127	0.0691120922565	0.0497929863632	0.0694866478443	0.0344158783555	0.00273399357684	-0.0564682371914	0.0413130894303
343_TASK04_CON64_2.0_posneg	posneg	2.0	0.00255992682651	0.227613314986	-0.336640447378	0.120572373271	0.0894084274769	0.188251063228	0.31784722209	0.202297210693	-0.238537743688	0.189117982984	0.802921295166	0.392202198505	0.875304639339	0.67345893383	0.505525529385	0.732895493507	-0.0898613333702	0.425637215376	-0.518065750599	0.529731929302	-0.126489728689	-0.0406989343464	0.00030995029374	-0.03971086815	0.173756226897	0.0433693751693	-0.0163157992065	-0.162094458938	0.00902018789202	-0.0155667392537	-0.0860820785165	0.0168064311147	0.0498615391552	0.0589134171605	-0.0492753125727	-0.049769025296	-0.00118865433615	0.0301501546055	0.0573827624321	0.049036487937	0.0385312698781	-0.0534138344228	0.00319640920497	0.278554797173	0.184813559055	-0.35285949707	-0.0657914280891
343_TASK04_CON64_2.0_pos	pos	2.0	-0.00994039233774	0.0207518450916	-0.0555844567716	0.00315696396865	-0.0185612533242	0.0706628039479	-0.0217686910182	-0.0811722874641	-0.0735099762678	0.361172437668	0.55255907774	0.129462078214	0.704156219959	0.291837155819	0.232165887952	0.506673514843	0.21243314445	0.34477263689	-0.511357784271	0.499506086111	-0.312759160995	-0.106956616044	0.0388285256922	-0.0328796058893	0.24753819406	0.0413043797016	-0.0349985957146	-0.16992944479	-0.0310975089669	-0.0567681863904	-0.0289943385869	-0.0263905022293	0.00983063690364	0.0971798449755	0.061248742044	0.0629977360368	-0.0451414361596	0.0617072582245	-0.166101843119	-0.0147494943812	0.00676345126703	0.00875617284328	0.0134790567681	-0.0393769443035	0.0254200100899	-0.0134266437963	0.0656787604094
343_TASK04_CON64_3.0_posneg	posneg	3.0	-0.132387787104	0.239799126983	-0.473925471306	0.10849455744	0.0818362981081	0.187294006348	0.301825076342	0.18761600554	-0.290723443031	0.121479459107	0.824778437614	0.393773168325	0.904918015003	0.696894466877	0.518348932266	0.752393364906	-0.234649762511	0.423560857773	-0.568155884743	0.563168942928	-0.108134776354	-0.0982191190124	-0.102304957807	-0.123863898218	0.167613744736	-0.0492191202939	-0.178173661232	-0.358310848475	-0.0711800456047	-0.107343070209	-0.174956470728	-0.0560581497848	-0.0177477244288	-0.0466428659856	-0.159779623151	-0.150712803006	-0.0845505669713	-0.0684951469302	0.0775985494256	-0.0246562454849	-0.0546849146485	-0.147058606148	-0.0840150788426	0.388842105865	0.240780621767	-0.478996038437	-0.0836902707815
343_TASK04_CON64_3.0_pos	pos	3.0	-0.107545293868	-0.103847980499	-0.0015746417921	-0.0782423764467	-0.0928693711758	0.0808870047331	-0.0817015916109	-0.0842618271708	0.00164783815853	0.217738389969	0.410610973835	-0.00511600775644	0.667634487152	0.178005099297	0.074951402843	0.375660866499	0.0638726577163	0.257831990719	-0.491654366255	0.536645233631	-0.287334442139	-0.21228544414	-0.0617064014077	-0.101678930223	0.189311429858	-0.0859070494771	-0.152442336082	-0.196612372994	-0.0882889181376	-0.0837402939796	-0.0500517264009	-0.060702867806	-0.0429599285126	0.0610975474119	0.044742077589	0.0440100878477	-0.080899387598	0.0312243904918	-0.204893246293	-0.0709855109453	-0.0243213009089	-0.0124926436692	-0.0147236604244	-0.131379455328	0.0646426379681	0.0383907705545	0.0930929630995
343_TASK04_CON64_4.0_posneg	posneg	4.0	-0.270492374897	0.307069331408	-0.611947059631	0.115152202547	0.0796868726611	0.199132874608	0.298562526703	0.19175735116	-0.338066369295	0.0675921663642	0.84823089838	0.459340393543	0.935298979282	0.703094661236	0.6006488204	0.816689431667	-0.395336687565	0.354047238827	-0.63765412569	0.533599734306	-0.231170743704	-0.123695664108	-0.264717698097	-0.257381767035	0.14187681675	-0.0775377303362	-0.323095589876	-0.591096043587	-0.188965082169	-0.248333156109	-0.312954127789	-0.15533682704	-0.0791518986225	-0.171223685145	-0.305764108896	-0.281199038029	-0.213450282812	-0.195761993527	0.0206189919263	-0.121064774692	-0.190727710724	-0.288289278746	-0.205446258187	0.541049361229	0.267130821943	-0.632239043713	-0.0543085448444
343_TASK04_CON64_4.0_pos	pos	4.0	-0.192365884781	-0.234550982714	0.129245012999	-0.128784969449	-0.142260849476	0.0884818956256	-0.134053424001	-0.112910427153	0.0531456433237	0.0054626618512	0.188386559486	-0.175671219826	0.610688447952	-0.027458794415	-0.126612976193	0.170080572367	-0.0961938202381	0.133234992623	-0.434650301933	0.565574228764	-0.292495518923	-0.332935750484	-0.161365538836	-0.155510097742	0.0462783314288	-0.180973261595	-0.220465019345	-0.17523086071	-0.107890412211	-0.0689570531249	-0.0548679381609	-0.0679839476943	-0.0536251552403	0.0430156551301	0.0438505932689	0.0609723776579	-0.0835185647011	0.0354899764061	-0.22767546773	-0.0833602622151	-0.0190508589149	-0.0160182956606	-0.0101883094758	-0.195347741246	0.113929525018	0.0552192926407	0.119173146784
343_TASK04_CON64_5.0_posneg	posneg	5.0	-0.371459424496	0.375560671091	-0.704977273941	0.165532544255	0.128444865346	0.179307371378	0.325047880411	0.216947808862	-0.398706138134	0.0711257755756	0.872866988182	0.507421374321	0.960231661797	0.724906861782	0.633365392685	0.859729409218	-0.499284267426	0.367401719093	-0.693193078041	0.57489991188	-0.380269736052	-0.199994176626	-0.384271919727	-0.361851423979	0.124723948538	-0.0841832980514	-0.451888561249	-0.744715631008	-0.241746917367	-0.326632320881	-0.409806191921	-0.202702313662	-0.0734309032559	-0.228633970022	-0.397723704576	-0.352830916643	-0.285558432341	-0.258790671825	-0.020046338439	-0.148334011436	-0.261294394732	-0.382457882166	-0.271113097668	0.667887687683	0.287513256073	-0.747761845589	-0.00952527765185
343_TASK04_CON64_5.0_pos	pos	5.0	-0.208597630262	-0.288951396942	0.272436827421	-0.146007686853	-0.163709402084	0.0683370381594	-0.164684087038	-0.121392086148	0.10430328548	-0.203136816621	-0.0781729593873	-0.324898809195	0.52070081234	-0.241185322404	-0.321855217218	-0.059832315892	-0.260098993778	-0.0922678485513	-0.368569076061	0.552281558514	-0.283149063587	-0.435020536184	-0.241586595774	-0.19838412106	-0.0868367254734	-0.183721393347	-0.174546062946	-0.0483319908381	-0.0914301127195	-0.0400926694274	-0.0466735213995	-0.0443017482758	-0.0292910970747	0.042821392417	0.0462569445372	0.125604271889	-0.0618797130883	0.0682482644916	-0.233631297946	-0.0589114315808	0.00562634225935	-0.00798489712179	0.0348306670785	-0.204159274697	0.0616227649152	0.0364932864904	0.2232183218
343_TASK04_CON64_6.0_posneg	posneg	6.0	-0.359475433826	0.366165101528	-0.70456969738	0.211870118976	0.183461889625	0.0751956701279	0.288506805897	0.207036674023	-0.368755102158	0.0437602102757	0.85251301527	0.43023994565	0.964308679104	0.669438421726	0.569081783295	0.847939014435	-0.530706942081	0.308265894651	-0.696686208248	0.613562047482	-0.441809415817	-0.294093668461	-0.422238230705	-0.401972144842	0.063658952713	-0.0362267680466	-0.504021644592	-0.773953318596	-0.210510522127	-0.346649169922	-0.440615922213	-0.172547638416	0.0215514153242	-0.213392719626	-0.435648739338	-0.331593841314	-0.288332849741	-0.247087016702	-0.0798088386655	-0.0917495638132	-0.271081715822	-0.419257313013	-0.25370913744	0.713979661465	0.195897951722	-0.79059445858	0.14028736949
343_TASK04_CON64_6.0_pos	pos	6.0	-0.285495191813	-0.372857987881	0.388391315937	-0.247481971979	-0.281558573246	0.103082239628	-0.212399154902	-0.116930052638	0.221903964877	-0.308566749096	-0.215024530888	-0.43117877841	0.468734145164	-0.410529762506	-0.425297409296	-0.193077981472	-0.377037167549	-0.213540509343	-0.387946218252	0.544141709805	-0.392516613007	-0.499715328217	-0.384958893061	-0.350181668997	-0.0988608598709	-0.192878395319	-0.129114165902	0.0619148313999	-0.198197618127	-0.16342549026	-0.154904872179	-0.148716837168	-0.122666046023	-0.0646910220385	-0.113652728498	0.0941371843219	-0.177984014153	-0.0296501573175	-0.299963712692	-0.164124384522	-0.112951338291	-0.143865987659	-0.0496304221451	-0.174650609493	0.00774168921635	-0.035452991724	0.292200177908
343_TASK04_CON64_7.0_posneg	posneg	7.0	-0.260750323534	0.209690794349	-0.455036520958	0.168584153056	0.139943540096	0.0360237173736	0.17185087502	0.134735807776	-0.209574297071	-0.0517511218786	0.679831564426	0.257687151432	0.921298623085	0.49721211195	0.367262661457	0.740111768246	-0.424974530935	0.0637182295322	-0.589815795422	0.639353215694	-0.390728831291	-0.34895786643	-0.386019647121	-0.371923178434	0.019575856626	-0.0406716093421	-0.392715215683	-0.585071623325	-0.174853011966	-0.29424777627	-0.392044574022	-0.0872220993042	0.130999088287	-0.0854744166136	-0.401235103607	-0.152447998524	-0.227300554514	-0.136449545622	-0.182322084904	-0.0372801795602	-0.207914873958	-0.392493844032	-0.131396576762	0.557510614395	0.0711088553071	-0.662805378437	0.206579402089
343_TASK04_CON64_7.0_pos	pos	7.0	-0.148952260613	-0.229489609599	0.31960144639	-0.0817068517208	-0.116065643728	0.0913655906916	-0.0489032007754	-0.00719815865159	0.0470676012337	-0.1093377918	-0.0855324566364	-0.262472510338	0.439819842577	-0.225033059716	-0.27644276619	0.0147319315001	-0.244421124458	-0.20227111876	-0.265060782433	0.398258686066	-0.357869148254	-0.392111927271	-0.22429575026	-0.269214570522	0.125906988978	-0.121058955789	-0.0721883550286	0.0796560943127	-0.141479223967	-0.133611604571	-0.061411742121	-0.0461096577346	0.0196150112897	0.0352646782994	-0.021825728938	0.170054957271	-0.1106646806	0.0777797475457	-0.22176502645	-0.0694112107158	-0.0673615857959	-0.0593146942556	0.0329915508628	-0.105491042137	-0.101598650217	0.00911621749401	0.202298849821
343_TASK04_CON64_8.0_posneg	posneg	8.0	0.0343938246369	-0.0280551835895	0.193910822272	0.0909004434943	0.107825689018	-0.0827546715736	0.0156630519778	0.0394162088633	-0.129187971354	0.165372028947	0.119790188968	0.0191379785538	0.315756261349	0.0996537581086	-0.00941043812782	0.28085193038	-0.0223435983062	-0.0479541607201	-0.1719648242	0.254850566387	-0.239428073168	-0.267206937075	0.0854072496295	-0.00720834219828	0.170916423202	-0.0254548341036	-0.0201956573874	0.0182703435421	-0.0515114851296	-0.00239870767109	0.188133522868	0.0773982256651	0.110490582883	0.0203991178423	-0.0286257434636	0.106256477535	0.0271842963994	0.0786223262548	-0.0260372720659	0.0523890703917	-0.0187951587141	0.0637155249715	0.0872197672725	0.0262022893876	-0.213326752186	0.0299738869071	0.146324172616
343_TASK04_CON64_8.0_pos	pos	8.0	0.0343938246369	-0.0280551835895	0.193910822272	0.0909004434943	0.107825689018	-0.0827546715736	0.0156630519778	0.0394162088633	-0.129187971354	0.165372028947	0.119790188968	0.0191379785538	0.315756261349	0.0996537581086	-0.00941043812782	0.28085193038	-0.0223435983062	-0.0479541607201	-0.1719648242	0.254850566387	-0.239428073168	-0.267206937075	0.0854072496295	-0.00720834219828	0.170916423202	-0.0254548341036	-0.0201956573874	0.0182703435421	-0.0515114851296	-0.00239870767109	0.188133522868	0.0773982256651	0.110490582883	0.0203991178423	-0.0286257434636	0.106256477535	0.0271842963994	0.0786223262548	-0.0260372720659	0.0523890703917	-0.0187951587141	0.0637155249715	0.0872197672725	0.0262022893876	-0.213326752186	0.0299738869071	0.146324172616
343_TASK04_CON64_9.0_posneg	posneg	9.0	0.674537777901	-0.637012302876	0.971436619759	0.401438981295	-0.108381547034	0.774730265141	-0.361381262541	-0.601103961468	-0.201535344124	0.784799218178	0.990509748459	-0.999108374119	0.912861406803	-0.864620685577	0.708173930645	0.973936676979	-0.919639766216	0.995907962322	-0.775787055492	0.738713443279	-0.956650614738	-0.866520226002	0.860835552216	0.942511737347	0.729649066925	-0.250110715628	0.929847300053	0.888679027557	0.159922167659	0.523233771324	-0.932026863098	-0.159055769444	-0.922294199467	0.877924144268	-0.997740924358	0.110377766192	-0.0137584256008	-0.997702598572	0.998355925083	0.18080817163	0.746572613716	-0.999824762344	-0.630634665489	0.407939076424	0.944247841835	-0.945607304573	-0.813677251339
343_TASK04_CON64_9.0_pos	pos	9.0	0.674537777901	-0.637012302876	0.971436619759	0.401438981295	-0.108381547034	0.774730265141	-0.361381262541	-0.601103961468	-0.201535344124	0.784799218178	0.990509748459	-0.999108374119	0.912861406803	-0.864620685577	0.708173930645	0.973936676979	-0.919639766216	0.995907962322	-0.775787055492	0.738713443279	-0.956650614738	-0.866520226002	0.860835552216	0.942511737347	0.729649066925	-0.250110715628	0.929847300053	0.888679027557	0.159922167659	0.523233771324	-0.932026863098	-0.159055769444	-0.922294199467	0.877924144268	-0.997740924358	0.110377766192	-0.0137584256008	-0.997702598572	0.998355925083	0.18080817163	0.746572613716	-0.999824762344	-0.630634665489	0.407939076424	0.944247841835	-0.945607304573	-0.813677251339
343_TASK04_CON64_10.0_posneg	posneg	10.0																																															
343_TASK04_CON64_10.0_pos	pos	10.0																																															
343_TASK04_CON64_11.0_posneg	posneg	11.0																																															
343_TASK04_CON64_11.0_pos	pos	11.0																																															
343_TASK04_CON64_12.0_posneg	posneg	12.0																																															
343_TASK04_CON64_12.0_pos	pos	12.0																																															
343_TASK04_CON64_13.0_posneg	posneg	13.0																																															
343_TASK04_CON64_13.0_pos	pos	13.0																																															
343_TASK04_CON65_0.0_posneg	posneg	0.0	0.198881581426	0.31969794631	-0.16869238019	0.225368320942	0.219838827848	0.0595614910126	0.306702911854	0.212076947093	-0.182831242681	0.0881735906005	0.486435353756	0.432526618242	0.573113977909	0.760125160217	0.373450517654	0.57779955864	-0.0828041434288	0.00352947460487	-0.232722535729	0.100374989212	0.238779336214	-0.00748427212238	0.192760840058	0.166719406843	0.10828268528	0.0715250968933	0.057003736496	0.00561536010355	0.191405460238	0.196293890476	0.124728620052	0.197898611426	0.202646166086	0.246447309852	0.163466081023	0.156101614237	0.206395789981	0.224595159292	0.0823184549809	0.219311892986	0.245211750269	0.16082662344	0.202448233962	0.115885727108	0.0831953585148	-0.163945570588	0.0140564125031
343_TASK04_CON65_0.0_pos	pos	0.0	0.258026987314	0.34049654007	-0.108042627573	0.241172909737	0.23336417973	0.000753627391532	0.17386393249	0.0224188454449	-0.224151790142	0.327768743038	0.352142542601	0.276594281197	0.421563118696	0.683417677879	0.326050430536	0.494868099689	0.208381921053	-0.0562083721161	-0.354275435209	-0.0281531251967	0.200322076678	0.061217147857	0.337877362967	0.266369342804	0.258872002363	0.194010600448	0.123879127204	-0.11535961926	0.252974480391	0.216346472502	0.207946524024	0.240319862962	0.251454174519	0.313204199076	0.277530997992	0.250255078077	0.245003700256	0.292429775	0.0125714717433	0.263441085815	0.278497487307	0.253617107868	0.260629296303	0.026690505445	-0.0310824532062	-0.0254450403154	0.0540249273181
343_TASK04_CON65_1.0_posneg	posneg	1.0	0.245623186231	0.397938370705	-0.231968745589	0.288769364357	0.28085654974	0.0863823369145	0.393452942371	0.290468126535	-0.236406445503	0.0981763824821	0.57486641407	0.508633136749	0.671703636646	0.840609133244	0.457349359989	0.674041450024	-0.1327367872	0.00162248709239	-0.292849332094	0.130142882466	0.306397676468	-0.0143876504153	0.237808346748	0.206062540412	0.13940101862	0.0793531611562	0.0637521743774	0.0101480130106	0.238933369517	0.24387294054	0.152734994888	0.24869389832	0.253064960241	0.306836336851	0.199210748076	0.192421987653	0.258087486029	0.279108703136	0.110956177115	0.27461284399	0.305184900761	0.197851717472	0.25281137228	0.149595990777	0.120021596551	-0.218237549067	0.0160430260003
343_TASK04_CON65_1.0_pos	pos	1.0	0.268586963415	0.357601374388	-0.146352961659	0.256689935923	0.245925024152	0.0148024577647	0.129845380783	-0.0211395472288	-0.222093865275	0.364166140556	0.28990226984	0.213475868106	0.372797340155	0.723892688751	0.311758607626	0.482410490513	0.250489503145	-0.134605214	-0.415564775467	-0.105885349214	0.297046899796	0.0516748018563	0.38369756937	0.299245685339	0.316082865	0.188624605536	0.103606507182	-0.164542913437	0.292329668999	0.238352879882	0.257535427809	0.273121446371	0.280608296394	0.368569344282	0.34404784441	0.313129723072	0.27758833766	0.342086344957	-0.0148530425504	0.295529395342	0.316016882658	0.309413731098	0.305536866188	-0.0201370716095	-0.0580734051764	0.0195543523878	0.09222894907
343_TASK04_CON65_2.0_posneg	posneg	2.0	0.305042624474	0.507626235485	-0.33416903019	0.390885293484	0.378758579493	0.116448774934	0.487747609615	0.38037276268	-0.31579965353	0.121592476964	0.648283720016	0.558812379837	0.754719674587	0.909844279289	0.54012387991	0.75310844183	-0.214618012309	-0.00722277211025	-0.386119931936	0.165998220444	0.393420428038	-0.020114492625	0.305936962366	0.265307486057	0.194825306535	0.0931182876229	0.0635350272059	-0.0102636404335	0.312606036663	0.305525362492	0.201332643628	0.320952624083	0.326673686504	0.391331791878	0.253634899855	0.251163214445	0.329160869122	0.353796690702	0.161660894752	0.353045284748	0.383325129747	0.255454212427	0.323745071888	0.1934633255	0.174921452999	-0.291708230972	0.019610453397
343_TASK04_CON65_2.0_pos	pos	2.0	0.29507124424	0.367400735617	-0.141244202852	0.244760602713	0.228531330824	0.059158090502	0.056907903403	-0.0402956232429	-0.175438478589	0.324696838856	0.113785795867	0.0785367712379	0.204349070787	0.745019495487	0.216174304485	0.390931546688	0.217975601554	-0.281975209713	-0.429282993078	-0.263107776642	0.435847759247	0.00126571883447	0.406188189983	0.323021203279	0.337560683489	0.110560834408	0.0196135267615	-0.202700212598	0.333783239126	0.273789644241	0.314101427794	0.324951320887	0.322689384222	0.439507186413	0.426583081484	0.37691116333	0.325202137232	0.40640810132	-0.0546851195395	0.336484789848	0.367217749357	0.375733345747	0.361350923777	-0.0885191932321	-0.0622012391686	0.0729662254453	0.128895893693
343_TASK04_CON65_3.0_posneg	posneg	3.0	0.362612575293	0.637853085995	-0.446939736605	0.517645895481	0.499850928783	0.12311270833	0.568318426609	0.4447067976	-0.44384676218	0.168728426099	0.673871278763	0.555206775665	0.788897931576	0.951962530613	0.580946207047	0.789012312889	-0.336084038019	-0.0359079502523	-0.491854578257	0.186007738113	0.476275235415	-0.0370477177203	0.392710447311	0.343460232019	0.280979961157	0.119542427361	0.0507191754878	-0.0908881053329	0.410585343838	0.373177587986	0.270935803652	0.418761134148	0.423165798187	0.472450613976	0.324082791805	0.319673448801	0.415827840567	0.436030715704	0.251384675503	0.452436029911	0.463457465172	0.332642018795	0.409191727638	0.262806564569	0.210591048002	-0.37221005559	0.0254954025149
343_TASK04_CON65_3.0_pos	pos	3.0	0.27675357461	0.30954632163	-0.0716659203172	0.144477829337	0.119405575097	0.130920395255	-0.0264200046659	-0.0260891094804	-0.0726040154696	0.1517585814	-0.122080557048	-0.105887718499	-0.0446057841182	0.730704247952	0.0472024157643	0.205795243382	0.0412274748087	-0.425359994173	-0.375743746758	-0.413063138723	0.520372450352	-0.0740707367659	0.349705308676	0.288970440626	0.281081527472	-0.0769338235259	-0.14754344523	-0.222069397569	0.321036070585	0.28718316555	0.327833473682	0.330515503883	0.306920528412	0.441261589527	0.447166889906	0.382783681154	0.330474227667	0.407239735126	-0.0930070132017	0.321682333946	0.370233625174	0.388785481453	0.364662140608	-0.195859923959	-0.00607949867845	0.157491356134	0.11404620856
343_TASK04_CON65_4.0_posneg	posneg	4.0	0.359028398991	0.760996520519	-0.588257133961	0.62937694788	0.607206940651	0.133559465408	0.612990915775	0.468468099833	-0.611054420471	0.162342324853	0.655822694302	0.532484292984	0.77780264616	0.969373047352	0.619321346283	0.802754461765	-0.487997204065	-0.122248597443	-0.586289286613	0.136208429933	0.537786841393	-0.0485141761601	0.425606548786	0.387891292572	0.320664077997	0.0782799571753	-0.113491125405	-0.337957978249	0.466421127319	0.375001251698	0.282873511314	0.48188751936	0.497781723738	0.478671789169	0.326959013939	0.311103701591	0.452652782202	0.455217927694	0.353197008371	0.519638776779	0.475872933865	0.348349481821	0.437722563744	0.436034798622	0.197119578719	-0.506282091141	0.0263791829348
343_TASK04_CON65_4.0_pos	pos	4.0	0.238505363464	0.234796971083	-0.025283087045	0.0211364980787	0.0177573170513	0.0906323492527	-0.106546916068	-0.0329827964306	0.0592155605555	-0.00874559115618	-0.215992972255	-0.230267360806	-0.15184378624	0.705366194248	-0.0282537359744	0.102623902261	-0.104218237102	-0.475176721811	-0.371616184711	-0.482161253691	0.529214978218	-0.109081052244	0.269013345242	0.217969328165	0.293657749891	-0.176214814186	-0.237818092108	-0.224211782217	0.277804017067	0.262912184	0.29102653265	0.296622902155	0.272970169783	0.388309627771	0.412549853325	0.35307097435	0.291575968266	0.361250609159	-0.156882762909	0.277793377638	0.32484176755	0.348278492689	0.331306189299	-0.269044220448	0.030891649425	0.197929248214	0.116997338831
343_TASK04_CON65_5.0_posneg	posneg	5.0	0.272424787283	0.864187300205	-0.769583463669	0.679867446423	0.654286086559	0.194968238473	0.630383908749	0.511970341206	-0.695357859135	0.146859169006	0.712566018105	0.575713813305	0.811587631702	0.980700910091	0.753871142864	0.876592278481	-0.658051252365	-0.258819788694	-0.7025359869	-0.0561963804066	0.569752931595	-0.0728198587894	0.286865741014	0.258060395718	0.39816814661	0.0278905816376	-0.43181604147	-0.683478415012	0.421435922384	0.234583929181	0.123342715204	0.464540094137	0.533031880856	0.429163008928	0.195541158319	0.166435554624	0.36887678504	0.379588365555	0.275052905083	0.518946230412	0.386619031429	0.209751367569	0.360091090202	0.682322502136	0.235491469502	-0.714408099651	0.0409201495349
343_TASK04_CON65_5.0_pos	pos	5.0	0.203847318888	0.205960735679	-0.0915991663933	-0.0196893252432	0.0194426476955	-0.0269849095494	-0.166942059994	-0.0702113956213	0.125329464674	-0.0790426582098	-0.23168155551	-0.296200960875	-0.154551118612	0.682977497578	-0.0410285033286	0.0938192531466	-0.163082778454	-0.479167103767	-0.397755205631	-0.498336881399	0.517148792744	-0.121212646365	0.271714359522	0.200069144368	0.328598022461	-0.158932104707	-0.212037354708	-0.153607100248	0.305128455162	0.258455842733	0.286538332701	0.295211404562	0.292174786329	0.350808084011	0.392411202192	0.358047157526	0.28466257453	0.344958335161	-0.181524574757	0.291783601046	0.296930104494	0.32794508338	0.333219945431	-0.233813583851	-0.0404375754297	0.1874281317	0.138997882605
343_TASK04_CON65_6.0_posneg	posneg	6.0	0.279871225357	0.914176344872	-0.892303407192	0.730490267277	0.725731372833	0.199788406491	0.623633742332	0.559286534786	-0.701085090637	0.195386722684	0.789870500565	0.639287948608	0.868883430958	0.988413333893	0.843074321747	0.945482969284	-0.763314664364	-0.44926571846	-0.765251398087	-0.333211898804	0.697017192841	-0.165852308273	0.112620726228	0.0798304229975	0.470674991608	0.106713540852	-0.694801688194	-0.900350451469	0.481709629297	0.149619981647	-0.0489335134625	0.579048514366	0.666503489017	0.492329537868	0.101271986961	0.094128318131	0.378856837749	0.42574352026	0.0807984173298	0.643408954144	0.395905822515	0.0808455199003	0.403500497341	0.832308650017	0.206469118595	-0.833502590656	0.148225322366
343_TASK04_CON65_6.0_pos	pos	6.0	0.0815472826362	0.0777540802956	-0.111779950559	-0.0170854087919	0.0161947142333	-0.0172941945493	-0.161596506834	-0.122872106731	0.0526517927647	-0.032776452601	-0.129018738866	-0.220317170024	-0.0218698494136	0.5844835639	0.0459952093661	0.181407749653	-0.136659532785	-0.367771625519	-0.361202210188	-0.374452441931	0.416815817356	-0.0812143310905	0.258467972279	0.159629464149	0.282664954662	-0.148210272193	-0.188899472356	-0.10222889483	0.24297721684	0.198545500636	0.225117504597	0.235506862402	0.25664421916	0.275796025991	0.288308680058	0.263408392668	0.198724299669	0.253373295069	-0.147689655423	0.228248804808	0.221876293421	0.237932860851	0.240684464574	-0.153774723411	-0.0668805018067	0.192606046796	0.0489141829312
343_TASK04_CON65_7.0_posneg	posneg	7.0	0.512916564941	0.904873669147	-0.889989852905	0.760344266891	0.764729142189	0.157961070538	0.594598650932	0.553571999073	-0.680772900581	0.326111555099	0.788277387619	0.564244568348	0.907383143902	0.990823864937	0.843796014786	0.96489828825	-0.799313426018	-0.580836594105	-0.749825954437	-0.475602984428	0.856291949749	-0.181447789073	0.278958678246	0.186709553003	0.502244234085	0.240247279406	-0.713978469372	-0.900914549828	0.611169934273	0.322869747877	0.105157874525	0.725521862507	0.791314482689	0.643504440784	0.251819431782	0.286949872971	0.522171974182	0.576110541821	-0.0843879058957	0.759473860264	0.548283219337	0.222021833062	0.569505810738	0.820855200291	0.173648521304	-0.826001346111	0.310795724392
343_TASK04_CON65_7.0_pos	pos	7.0	-0.0616765022278	-0.0723006129265	-0.000134264555527	0.0177470929921	-0.0162374079227	0.0697330459952	-0.138585284352	-0.122653588653	0.0168121960014	-0.00278701563366	-0.0168349184096	-0.10541305691	0.0780665874481	0.397608160973	0.247632220387	0.224830567837	-0.123590901494	-0.262401014566	-0.341181844473	-0.274652212858	0.260266155005	0.098637662828	0.228267297149	0.130572915077	0.170288726687	0.0224452167749	0.0201959572732	0.0072827921249	0.128503680229	0.143685862422	0.144753172994	0.197675287724	0.19494561851	0.14738214016	0.160224914551	0.131945192814	0.111448660493	0.135729447007	-0.085288695991	0.151685148478	0.121481157839	0.130558639765	0.142071515322	-0.222205236554	0.0349525399506	0.232875689864	0.00939034018666
343_TASK04_CON65_8.0_posneg	posneg	8.0	0.507925510406	0.790322840214	-0.807915329933	0.711873412132	0.686093151569	0.40690740943	0.457278460264	0.429160177708	-0.571765065193	0.47031211853	0.732750356197	0.416032195091	0.874244868755	0.985100328922	0.800639331341	0.965622901917	-0.772767424583	-0.508974313736	-0.653881311417	-0.459952324629	0.898063063622	-0.145451679826	0.34846034646	0.242256000638	0.444139122963	0.309718042612	-0.592801272869	-0.893593847752	0.507721483707	0.409017145634	0.112099215388	0.75916916132	0.818097531796	0.65012049675	0.286772578955	0.237094819546	0.500535666943	0.546458125114	-0.164801806211	0.716439723969	0.568250179291	0.217413216829	0.557033240795	0.770886600018	0.468290358782	-0.728607237339	0.218548670411
343_TASK04_CON65_8.0_pos	pos	8.0	-0.0675556510687	-0.0471961945295	0.00973702594638	0.155512034893	0.0510100387037	0.315762519836	-0.140036970377	-0.114323727787	0.0853478237987	-0.0804462581873	-0.0335791185498	0.0750904977322	0.0500764250755	0.0571946315467	0.0840013474226	0.0279055386782	-0.2098826617	-0.220690667629	-0.146465405822	-0.256269663572	0.156422808766	-0.129770174623	0.20609202981	0.213856905699	0.201888591051	0.0765240490437	0.0757469907403	0.125113338232	0.275381803513	0.197158664465	0.299534589052	0.297495007515	0.321854740381	0.257781177759	0.234790712595	0.227418780327	0.263697713614	0.278902739286	-0.0444451272488	0.312353163958	0.23483479023	0.255887001753	0.256761908531	-0.140859290957	-0.137941107154	0.358739644289	-0.0814276263118
343_TASK04_CON65_9.0_posneg	posneg	9.0	0.351544737816	0.491709500551	-0.570985555649	0.170132339001	-0.297173678875	0.899005651474	0.977078080177	0.964367926121	-0.00244769640267	-0.951704382896	-0.221191138029	0.164242625237	-0.045014668256	-0.207942888141	-0.532818973064	-0.605521202087	-0.974532783031	-0.022074026987	0.15629902482	0.851450264454	0.446929097176	-0.551857292652	-0.961759805679	-0.981549322605	-0.0194494947791	-0.952390313148	-0.939425945282	0.236271739006	0.0496962442994	-0.091140113771	-0.01340323966	-0.0522174313664	-0.392350167036	-0.404949188232	0.268338173628	0.3060734272	-0.0415721274912	0.464832752943	0.726528704166	0.00599971646443	-0.325931638479	0.0634591057897	0.0221042800695	0.405989468098	-0.960605025291	-0.150488838553	-0.168039008975
343_TASK04_CON65_9.0_pos	pos	9.0	0.351544737816	0.491709500551	-0.570985555649	0.170132339001	-0.297173678875	0.899005651474	0.977078080177	0.964367926121	-0.00244769640267	-0.951704382896	-0.221191138029	0.164242625237	-0.045014668256	-0.207942888141	-0.532818973064	-0.605521202087	-0.974532783031	-0.022074026987	0.15629902482	0.851450264454	0.446929097176	-0.551857292652	-0.961759805679	-0.981549322605	-0.0194494947791	-0.952390313148	-0.939425945282	0.236271739006	0.0496962442994	-0.091140113771	-0.01340323966	-0.0522174313664	-0.392350167036	-0.404949188232	0.268338173628	0.3060734272	-0.0415721274912	0.464832752943	0.726528704166	0.00599971646443	-0.325931638479	0.0634591057897	0.0221042800695	0.405989468098	-0.960605025291	-0.150488838553	-0.168039008975
343_TASK04_CON65_10.0_posneg	posneg	10.0																																															
343_TASK04_CON65_10.0_pos	pos	10.0																																															
343_TASK04_CON65_11.0_posneg	posneg	11.0																																															
343_TASK04_CON65_11.0_pos	pos	11.0																																															
343_TASK04_CON65_12.0_posneg	posneg	12.0																																															
343_TASK04_CON65_12.0_pos	pos	12.0																																															
343_TASK04_CON65_13.0_posneg	posneg	13.0																																															
343_TASK04_CON65_13.0_pos	pos	13.0																																															
343_TASK04_CON66_0.0_posneg	posneg	0.0	0.0729954615235	0.143454417586	-0.107352465391	0.0856605917215	0.0383662544191	0.176294624805	0.24809718132	0.157217621803	-0.135049700737	0.264209479094	0.520870029926	0.359875053167	0.502765357494	0.413257181644	0.810602068901	0.685782253742	0.0567791573703	-0.0862066149712	-0.444950312376	-0.202194541693	-0.383700877428	0.637609899044	0.0585506744683	0.033515047282	0.0861357450485	0.0806433856487	0.0483528859913	-0.0868393555284	0.0360038839281	0.0230540763587	-0.0510103069246	0.0548030175269	0.101818658412	0.117698743939	-0.00794027466327	0.00647336430848	0.0191631447524	0.0680598542094	0.00288122938946	0.0778019502759	0.074839040637	-0.0281685255468	0.039188541472	0.198631986976	0.114681303501	-0.246998995543	-0.0263264998794
343_TASK04_CON66_0.0_pos	pos	0.0	0.0983805507421	0.156264126301	-0.097888417542	0.0699285417795	0.0462546423078	0.0410259254277	0.0934008657932	-0.0123899737373	-0.11070240289	0.363103747368	0.380670934916	0.247088328004	0.341178029776	0.227443575859	0.736522376537	0.574371874332	0.216623395681	-0.101034216583	-0.441902071238	-0.246603667736	-0.429113298655	0.621718466282	0.112962529063	0.0471852011979	0.202329605818	0.169804289937	0.0925259143114	-0.174259036779	0.00608797185123	-0.03096745722	-0.0297265760601	0.0190048329532	0.0536457821727	0.102471314371	0.0450426973403	0.042831491679	-0.0236787889153	0.0534754544497	-0.112496323884	0.020276112482	0.0189237110317	-0.000411346001783	0.0256473235786	0.0521599203348	-0.0111864432693	-0.070402674377	0.0803566873074
343_TASK04_CON66_1.0_posneg	posneg	1.0	0.0980679988861	0.187654495239	-0.131497129798	0.112762063742	0.0528005547822	0.226632297039	0.320471584797	0.218367129564	-0.166845083237	0.325085163116	0.60055410862	0.421553075314	0.578862130642	0.493542015553	0.872302114964	0.76725512743	0.0663894563913	-0.115530349314	-0.52165210247	-0.241817772388	-0.449294805527	0.71189725399	0.0744312256575	0.0420557074249	0.115305431187	0.0942773595452	0.0546106919646	-0.108759857714	0.0417573936284	0.0235520191491	-0.0674358531833	0.0703067258	0.130855441093	0.145443543792	-0.0146187813953	0.00733026582748	0.0226811300963	0.0864798873663	-0.00074808037607	0.0980808436871	0.0903779491782	-0.0393300689757	0.0503876507282	0.259358078241	0.149036765099	-0.326828926802	-0.0281823631376
343_TASK04_CON66_1.0_pos	pos	1.0	0.0877569317818	0.143064022064	-0.0951826199889	0.0439239479601	0.0267204754055	0.0185284409672	0.0627821683884	-0.0138932298869	-0.0754138529301	0.379183471203	0.314298331738	0.192021891475	0.268458902836	0.162011831999	0.7476516366	0.551549375057	0.23411989212	-0.177749529481	-0.46422073245	-0.312102228403	-0.457066118717	0.658991515636	0.0973253622651	0.0118416529149	0.273729890585	0.154837995768	0.0605809353292	-0.216425582767	-0.0574373453856	-0.0989136323333	-0.0566408261657	-0.0268241837621	0.00315277348273	0.0595410838723	0.0222973115742	0.020471803844	-0.0787625387311	0.0122829833999	-0.180814310908	-0.0429744906723	-0.0469213649631	-0.0274435337633	-0.0135496659204	-0.00403862074018	-0.0542562119663	-0.0259555857629	0.149397104979
343_TASK04_CON66_2.0_posneg	posneg	2.0	0.123772419989	0.253396093845	-0.175351992249	0.151575475931	0.0786339566112	0.267789512873	0.392491132021	0.277807235718	-0.217669412494	0.419932812452	0.667431294918	0.475261747837	0.644012868404	0.553238749504	0.921125352383	0.837156951427	0.104494526982	-0.164577528834	-0.61670011282	-0.289198338985	-0.526280522346	0.771866738796	0.0940858200192	0.0466192960739	0.182893678546	0.112683258951	0.0498137995601	-0.171495079994	0.0362564399838	0.000864706409629	-0.0948549509048	0.0796621963382	0.163206338882	0.166809737682	-0.0334317572415	0.00114827009384	0.011877015233	0.0985018014908	-0.025921298191	0.112642593682	0.0887563675642	-0.0622092448175	0.0533464811742	0.350818365812	0.176395043731	-0.434028476477	-0.0198764298111
343_TASK04_CON66_2.0_pos	pos	2.0	0.00782503653318	0.0470769889653	-0.0758959203959	-0.0402256064117	-0.0535381622612	0.0443687103689	0.0344343334436	0.0569783523679	0.0198331214488	0.329806119204	0.157050132751	0.0820120349526	0.106687277555	0.0182891767472	0.75675457716	0.4811886549	0.177241489291	-0.317877829075	-0.46328279376	-0.421140760183	-0.487783700228	0.706484675407	0.00608112057671	-0.0838343575597	0.327445358038	0.0841879546642	-0.0181055217981	-0.260967701674	-0.181826636195	-0.208394944668	-0.126213252544	-0.126448601484	-0.118595786393	-0.033583778888	-0.0535687580705	-0.0618631206453	-0.183143973351	-0.0865521654487	-0.272969275713	-0.170745566487	-0.155510693789	-0.0998107790947	-0.109188020229	-0.113277949393	-0.0445687808096	0.0352904573083	0.206298232079
343_TASK04_CON66_3.0_posneg	posneg	3.0	0.0820613577962	0.310269713402	-0.282294034958	0.16621260345	0.0853590369225	0.291916519403	0.437589079142	0.337305575609	-0.266820162535	0.497995138168	0.691439986229	0.502922475338	0.662989318371	0.556780815125	0.953424453735	0.87855809927	0.113163299859	-0.245071470737	-0.692532122135	-0.344441980124	-0.591311872005	0.800583362579	0.0577577613294	-0.00896990299225	0.298593908548	0.107928469777	-0.0110617922619	-0.32472589612	-0.0382595397532	-0.0943600088358	-0.167674794793	0.0298137255013	0.131198704243	0.119942009449	-0.11360180378	-0.0679791495204	-0.0632573068142	0.0400600023568	-0.0774721801281	0.055563159287	0.0121258487925	-0.13647018373	-0.00931799970567	0.442488431931	0.206007584929	-0.544530630112	-0.00796067435294
343_TASK04_CON66_3.0_pos	pos	3.0	-0.127773016691	-0.139233365655	0.0191983096302	-0.175122514367	-0.180743798614	0.0886142849922	-0.0319204106927	0.150144651532	0.178709849715	0.217833831906	-0.107169263065	-0.134159371257	-0.14832226932	-0.214989125729	0.756817638874	0.324355959892	0.0640862584114	-0.479811966419	-0.455344706774	-0.528495550156	-0.524557828903	0.738454163074	-0.14073382318	-0.211801096797	0.329628944397	-0.000314297241857	-0.0876361876726	-0.263583451509	-0.320600420237	-0.311710000038	-0.235333606601	-0.245834648609	-0.255924791098	-0.157061249018	-0.17610566318	-0.179823324084	-0.301634430885	-0.213490843773	-0.365951120853	-0.308359414339	-0.267111837864	-0.214165702462	-0.22976487875	-0.217393010855	0.0485890470445	0.0456531867385	0.246396318078
343_TASK04_CON66_4.0_posneg	posneg	4.0	-0.107162311673	0.360241353512	-0.494267582893	0.131688192487	0.0545514672995	0.298442691565	0.449069023132	0.389183163643	-0.293227523565	0.458305895329	0.687479317188	0.519818902016	0.652411162853	0.526815772057	0.970381081104	0.894851148129	-0.0858954936266	-0.306142628193	-0.719022452831	-0.358999580145	-0.59608232975	0.777338385582	-0.141959995031	-0.198225468397	0.384923934937	0.0391984246671	-0.207841083407	-0.604540884495	-0.231777712703	-0.301053732634	-0.342755377293	-0.144681736827	-0.0349930673838	-0.0996138304472	-0.326840549707	-0.273751497269	-0.254361301661	-0.174335494637	-0.135421469808	-0.132529646158	-0.20522710681	-0.325351238251	-0.207132577896	0.551256358624	0.247572958469	-0.659577488899	0.0237506814301
343_TASK04_CON66_4.0_pos	pos	4.0	-0.242424532771	-0.301169067621	0.127982124686	-0.313181996346	-0.308637976646	0.132581010461	-0.100524432957	0.15692229569	0.302811175585	0.0633666813374	-0.350026041269	-0.368972182274	-0.377577036619	-0.422710329294	0.7276892066	0.0837827846408	-0.0339901447296	-0.578638374805	-0.450495779514	-0.581428766251	-0.543074309826	0.717576086521	-0.296176761389	-0.326288372278	0.21545381844	-0.0704433098435	-0.11723895371	-0.186293825507	-0.412181943655	-0.389032423496	-0.349913239479	-0.33171787858	-0.345827102661	-0.264523357153	-0.319383651018	-0.29114100337	-0.39287006855	-0.325193554163	-0.404295086861	-0.39451661706	-0.35369682312	-0.341580808163	-0.329881519079	-0.183285683393	0.154244437814	-0.0938128754497	0.279322713614
343_TASK04_CON66_5.0_posneg	posneg	5.0	-0.33209580183	0.431591182947	-0.685392856598	0.117108769715	0.0540552698076	0.2514552176	0.474899590015	0.449691087008	-0.297531753778	0.349254488945	0.71861320734	0.54901856184	0.666976809502	0.528460502625	0.979942321777	0.913842380047	-0.411426365376	-0.35101133585	-0.720655918121	-0.381679207087	-0.601687729359	0.771219909191	-0.399496883154	-0.430741846561	0.411415874958	0.0247415434569	-0.399925410748	-0.829885721207	-0.410708636045	-0.502411603928	-0.536120414734	-0.322582393885	-0.192095518112	-0.318272948265	-0.536647260189	-0.488999038935	-0.444864660501	-0.392790824175	-0.199753448367	-0.309866726398	-0.416647791862	-0.521262764931	-0.409390628338	0.698314070702	0.304579496384	-0.78758084774	0.0910673812032
343_TASK04_CON66_5.0_pos	pos	5.0	-0.237908616662	-0.343111932278	0.271523684263	-0.363038361073	-0.347109436989	0.120854556561	-0.0986054465175	0.106675997376	0.296969980001	0.0308032520115	-0.381896883249	-0.463544487953	-0.432727664709	-0.487311512232	0.686036467552	-0.0247928164899	0.0583476126194	-0.554257214069	-0.468406021595	-0.572046637535	-0.552681267262	0.651534020901	-0.333228975534	-0.345779836178	0.0722824409604	-0.0516109727323	-0.0626157894731	-0.0694210156798	-0.419514745474	-0.404608368874	-0.391092300415	-0.338556468487	-0.342485338449	-0.259834766388	-0.36718544364	-0.32836908102	-0.411314338446	-0.346538066864	-0.391040295362	-0.395203739405	-0.361494064331	-0.389298886061	-0.356631785631	-0.0908549800515	0.235169142485	-0.238702505827	0.253326386213
343_TASK04_CON66_6.0_posneg	posneg	6.0	-0.380594283342	0.501688659191	-0.72388458252	0.172260910273	0.126295179129	0.13477358222	0.494373291731	0.515299975872	-0.221883490682	0.322686344385	0.70920163393	0.521225273609	0.642919242382	0.49592885375	0.983500182629	0.925141334534	-0.565658509731	-0.475984036922	-0.732092678547	-0.494355082512	-0.645006418228	0.846731603146	-0.541908621788	-0.570571660995	0.33217343688	0.152899757028	-0.459546327591	-0.87465429306	-0.48169568181	-0.606444060802	-0.652935802937	-0.38812199235	-0.208449393511	-0.388727337122	-0.623394310474	-0.583736717701	-0.541369080544	-0.487426251173	-0.3181232512	-0.366039872169	-0.51039236784	-0.62654709816	-0.495229840279	0.773655831814	0.270963996649	-0.841621696949	0.262740343809
343_TASK04_CON66_6.0_pos	pos	6.0	-0.177579775453	-0.318797916174	0.385364770889	-0.3449614048	-0.319610744715	0.0768784657121	-0.0224015694112	0.10908741504	0.210123434663	0.120525851846	-0.317778080702	-0.462220400572	-0.387784391642	-0.460819393396	0.620334923267	-0.0208229608834	0.230103552341	-0.47025462985	-0.485379874706	-0.506120383739	-0.528832674026	0.585457503796	-0.295973807573	-0.311307907104	-0.00291729276069	-0.0530864298344	-0.0156389120966	0.0783747807145	-0.410920888186	-0.392633765936	-0.380340337753	-0.329028844833	-0.311679363251	-0.22587685287	-0.371892213821	-0.315940290689	-0.402666896582	-0.339790135622	-0.342260122299	-0.380846321583	-0.350078493357	-0.391270875931	-0.354737728834	-0.0384463556111	0.196892917156	-0.250689595938	0.219988062978
343_TASK04_CON66_7.0_posneg	posneg	7.0	-0.419913053513	0.5936460495	-0.710360407829	0.170555055141	0.139704361558	0.080819003284	0.49456089735	0.592826187611	-0.10670106858	0.297524064779	0.645578801632	0.455248892307	0.567696928978	0.410707503557	0.981470584869	0.924838602543	-0.533547759056	-0.552201211452	-0.766242682934	-0.551559150219	-0.763186633587	0.878822088242	-0.647480070591	-0.700185418129	0.254355490208	0.203406184912	-0.517119407654	-0.853478848934	-0.583434581757	-0.670459926128	-0.708636760712	-0.439078092575	-0.206511199474	-0.415911108255	-0.664585351944	-0.665018796921	-0.622834205627	-0.559898495674	-0.447440773249	-0.452432662249	-0.576064765453	-0.685816943645	-0.569036364555	0.77532440424	0.317666113377	-0.82052731514	0.337623745203
343_TASK04_CON66_7.0_pos	pos	7.0	0.0446297004819	-0.0926223471761	0.229965850711	-0.227422088385	-0.173540964723	-0.0435233190656	0.00403053639457	0.098364263773	0.136031016707	0.237468928099	-0.18381986022	-0.356418311596	-0.284610331059	-0.334675222635	0.499915033579	0.0222343020141	0.292647540569	-0.338691949844	-0.38637304306	-0.391105681658	-0.449081659317	0.474469393492	-0.154725700617	-0.197584226727	0.0322836600244	0.0374710671604	0.121505610645	0.212270617485	-0.288504481316	-0.283605486155	-0.262692391872	-0.189841300249	-0.196777954698	-0.00187315093353	-0.247207313776	-0.180997356772	-0.270436227322	-0.20083835721	-0.313865542412	-0.265872597694	-0.197883889079	-0.278371423483	-0.229855328798	-0.0428545288742	0.216017171741	-0.240369871259	0.204789936543
343_TASK04_CON66_8.0_posneg	posneg	8.0	0.00924847275019	0.031805485487	-0.00744159612805	0.0342517830431	0.00950906611979	0.0344083085656	0.07974537462	0.0926507487893	-0.0558440871537	0.202370613813	0.14260725677	-0.00474366173148	0.0446663349867	0.0659829825163	0.182100132108	0.147393271327	0.0554969720542	0.0304384510964	-0.0975689962506	-0.068180911243	-0.119922623038	0.108221881092	0.06319488585	0.00062895094743	0.0951720178127	-0.0399286970496	0.00702427327633	0.0861760526896	-0.0697885677218	0.0214945599437	0.0127389822155	0.0272207651287	-0.071263641119	0.0722635909915	-0.0708322674036	0.038334980607	0.0344150736928	-0.00145903974771	-0.0160236358643	-0.0734831467271	0.0419544987381	-0.0394029468298	0.029846008867	-0.0960165113211	0.0132036907598	-0.0741712227464	0.177675023675
343_TASK04_CON66_8.0_pos	pos	8.0	0.00924847275019	0.031805485487	-0.00744159612805	0.0342517830431	0.00950906611979	0.0344083085656	0.07974537462	0.0926507487893	-0.0558440871537	0.202370613813	0.14260725677	-0.00474366173148	0.0446663349867	0.0659829825163	0.182100132108	0.147393271327	0.0554969720542	0.0304384510964	-0.0975689962506	-0.068180911243	-0.119922623038	0.108221881092	0.06319488585	0.00062895094743	0.0951720178127	-0.0399286970496	0.00702427327633	0.0861760526896	-0.0697885677218	0.0214945599437	0.0127389822155	0.0272207651287	-0.071263641119	0.0722635909915	-0.0708322674036	0.038334980607	0.0344150736928	-0.00145903974771	-0.0160236358643	-0.0734831467271	0.0419544987381	-0.0394029468298	0.029846008867	-0.0960165113211	0.0132036907598	-0.0741712227464	0.177675023675
343_TASK04_CON66_9.0_posneg	posneg	9.0	0.715906441212	0.982843518257	-0.644396781921	0.458399027586	0.534088015556	-0.250406742096	0.420839577913	0.0306320842355	-0.36728349328	0.707721710205	0.744238555431	0.733388721943	0.822748303413	0.593500673771	0.0368180088699	0.13890363276	0.260625243187	0.763860225677	-0.616021335125	0.972998440266	0.522582232952	-0.188363686204	0.651343405247	0.811116874218	0.0186509341002	-0.127887606621	0.972200870514	0.636379539967	0.842045724392	0.378619968891	0.544730603695	-0.0103594763204	-0.0883799418807	0.457199156284	0.850869297981	-0.158160015941	0.535161435604	0.346703648567	0.643768191338	0.553843796253	0.460014134645	0.755777060986	-0.0473506264389	0.293353289366	-0.0343523696065	0.506876945496	-0.681542992592
343_TASK04_CON66_9.0_pos	pos	9.0	0.715906441212	0.982843518257	-0.644396781921	0.458399027586	0.534088015556	-0.250406742096	0.420839577913	0.0306320842355	-0.36728349328	0.707721710205	0.744238555431	0.733388721943	0.822748303413	0.593500673771	0.0368180088699	0.13890363276	0.260625243187	0.763860225677	-0.616021335125	0.972998440266	0.522582232952	-0.188363686204	0.651343405247	0.811116874218	0.0186509341002	-0.127887606621	0.972200870514	0.636379539967	0.842045724392	0.378619968891	0.544730603695	-0.0103594763204	-0.0883799418807	0.457199156284	0.850869297981	-0.158160015941	0.535161435604	0.346703648567	0.643768191338	0.553843796253	0.460014134645	0.755777060986	-0.0473506264389	0.293353289366	-0.0343523696065	0.506876945496	-0.681542992592
343_TASK04_CON66_10.0_posneg	posneg	10.0																																															
343_TASK04_CON66_10.0_pos	pos	10.0																																															
343_TASK04_CON66_11.0_posneg	posneg	11.0																																															
343_TASK04_CON66_11.0_pos	pos	11.0																																															
343_TASK04_CON66_12.0_posneg	posneg	12.0																																															
343_TASK04_CON66_12.0_pos	pos	12.0																																															
343_TASK04_CON66_13.0_posneg	posneg	13.0																																															
343_TASK04_CON66_13.0_pos	pos	13.0																																															
343_TASK04_CON67_0.0_posneg	posneg	0.0	0.097000874579	0.217021182179	-0.182938843966	0.105917386711	0.0674092099071	0.178250014782	0.297481000423	0.191099315882	-0.1746481359	0.272303462029	0.734455704689	0.546090960503	0.734716355801	0.628454208374	0.674106240273	0.823524296284	0.0268000718206	0.106334730983	-0.372618585825	0.0257291011512	-0.272676795721	0.258992612362	0.0758810117841	0.0384124442935	0.145112723112	0.0916277617216	0.0508344471455	-0.0840240418911	0.0488540567458	0.033185582608	-0.040313128382	0.0750433132052	0.106542423368	0.146033123136	0.0233218893409	0.0205082539469	0.0443919301033	0.098695024848	-0.0236191786826	0.0929405540228	0.0975439921021	-0.00191966351122	0.065670363605	0.184987038374	0.117277786136	-0.247137010098	-0.00393718853593
343_TASK04_CON67_0.0_pos	pos	0.0	0.160470664501	0.24517352879	-0.127457469702	0.185838714242	0.161612540483	0.0291635580361	0.15878970921	-0.0335493534803	-0.234966889024	0.439646184444	0.624090075493	0.37314081192	0.623863101006	0.469798773527	0.535894095898	0.724825263023	0.260605931282	0.173197865486	-0.392260849476	0.0845381096005	-0.271304368973	0.198801711202	0.225762560964	0.15727378428	0.208663672209	0.200716003776	0.119786396623	-0.143916741014	0.136960342526	0.0930915251374	0.085619032383	0.130949020386	0.161665141582	0.217316225171	0.158308699727	0.148902863264	0.112189613283	0.181208997965	-0.0340731814504	0.153050109744	0.153374701738	0.122865051031	0.145853549242	0.058667242527	-0.0166947115213	-0.059940379113	0.0385160110891
343_TASK04_CON67_1.0_posneg	posneg	1.0	0.103625722229	0.251385778189	-0.230903938413	0.114948898554	0.0667434260249	0.233091309667	0.364038348198	0.267153561115	-0.188643708825	0.299168020487	0.79483217001	0.616427779198	0.792619943619	0.697290301323	0.734049499035	0.874915421009	-0.00088360538939	0.114435769618	-0.411154299974	0.0277355778962	-0.293019831181	0.28136330843	0.0640410631895	0.0189784597605	0.175466507673	0.0900388285518	0.0469021685421	-0.0938368141651	0.038175560534	0.0220326259732	-0.068831384182	0.0730790197849	0.112663023174	0.160432159901	0.00590398069471	0.00538053316996	0.0345084294677	0.101384557784	-0.0351449213922	0.0942362770438	0.100609570742	-0.024201605469	0.0611413531005	0.228771582246	0.163536325097	-0.316963553429	-0.00836619641632
343_TASK04_CON67_1.0_pos	pos	1.0	0.165552765131	0.240880146623	-0.117075741291	0.203124374151	0.18094393611	0.0106162009761	0.133455783129	-0.0392571687698	-0.209545627236	0.459365487099	0.61201351881	0.353962481022	0.607360720634	0.457357466221	0.488180398941	0.706703543663	0.286300301552	0.189791217446	-0.380603939295	0.105947203934	-0.238053545356	0.150915920734	0.236571222544	0.154572859406	0.248342737556	0.197681963444	0.113715574145	-0.152978956699	0.134956866503	0.0859674662352	0.104804106057	0.126699998975	0.162480279803	0.231670215726	0.184412419796	0.175711870193	0.109076619148	0.193293109536	-0.0580056533217	0.14837756753	0.151777014136	0.142442628741	0.152391076088	0.0161511432379	-0.0443450137973	-0.016245810315	0.0579760558903
343_TASK04_CON67_2.0_posneg	posneg	2.0	0.0926505103707	0.295711278915	-0.311125844717	0.132797718048	0.0745350793004	0.292970389128	0.434668183327	0.360818713903	-0.202836230397	0.331567645073	0.850148797035	0.689739644527	0.845777153969	0.763243556023	0.784187018871	0.916202127934	-0.0524059794843	0.137945204973	-0.453742146492	0.0501461699605	-0.301610887051	0.273027211428	0.0329167544842	-0.0213026124984	0.21976031363	0.0797522217035	0.0232068505138	-0.136691600084	0.0095237782225	-0.00688088126481	-0.112170763314	0.0538556165993	0.101131245494	0.157994836569	-0.0278871767223	-0.0227605309337	0.00592313241214	0.0853116065264	-0.0473818033934	0.076327778399	0.0851822197437	-0.062081951648	0.039490737021	0.273699253798	0.222721159458	-0.400600910187	-0.00416734721512
343_TASK04_CON67_2.0_pos	pos	2.0	0.139582291245	0.199469387531	-0.10547529906	0.19373048842	0.176684036851	0.00682107824832	0.11858087033	-0.0100809466094	-0.184319719672	0.431290358305	0.580067455769	0.334746897221	0.573300004005	0.439989894629	0.414261132479	0.668190717697	0.244168356061	0.19554810226	-0.346624404192	0.12115085125	-0.186156898737	0.0985896587372	0.219302579761	0.143154472113	0.254419267178	0.139747455716	0.059027094394	-0.16938380897	0.123956628144	0.0833174809813	0.126095324755	0.126093298197	0.152066230774	0.238207578659	0.208611622453	0.188607051969	0.110527321696	0.199157461524	-0.0679930448532	0.135171502829	0.150348305702	0.16234767437	0.156146645546	-0.0500139184296	-0.0477736368775	0.0393922068179	0.0688673704863
343_TASK04_CON67_3.0_posneg	posneg	3.0	0.0334267430007	0.339364171028	-0.426454484463	0.159353271127	0.0957230180502	0.339864581823	0.498560637236	0.429545551538	-0.258834719658	0.36321157217	0.894262552261	0.743162930012	0.889107644558	0.82082670927	0.824508190155	0.944220662117	-0.1618193537	0.172336548567	-0.496060818434	0.102502979338	-0.300503134727	0.244290173054	-0.0335837975144	-0.0883205831051	0.274497240782	0.0499573126435	-0.0425568073988	-0.239494234324	-0.0403630770743	-0.0594162680209	-0.16988261044	0.0158080123365	0.0659096539021	0.12278599292	-0.0830449014902	-0.0823203772306	-0.0453054718673	0.036948364228	-0.0334302671254	0.0336948223412	0.0414005629718	-0.116087295115	-0.00985288340598	0.331402301788	0.290923655033	-0.491789340973	-0.0152955660596
343_TASK04_CON67_3.0_pos	pos	3.0	0.0995684936643	0.13236181438	-0.0652000904083	0.182987213135	0.162387877703	0.0458370149136	0.117787443101	0.031015926972	-0.180432528257	0.351696252823	0.499970763922	0.301535487175	0.499620676041	0.391127735376	0.334487020969	0.596697986126	0.125272318721	0.156665697694	-0.276612341404	0.110877677798	-0.133339613676	0.0722031518817	0.194913938642	0.146747082472	0.186779484153	0.0374535322189	-0.0362060070038	-0.200486972928	0.124523445964	0.109835319221	0.15303593874	0.150126129389	0.154106363654	0.244874417782	0.227362528443	0.203475236893	0.132187411189	0.209333106875	-0.0447231605649	0.136935859919	0.169251844287	0.184794098139	0.176526919007	-0.134701117873	-0.00612467294559	0.0892778635025	0.081230007112
343_TASK04_CON67_4.0_posneg	posneg	4.0	-0.117542102933	0.40836840868	-0.595148444176	0.231543943286	0.165915623307	0.34843558073	0.549130320549	0.435951352119	-0.411094933748	0.35215100646	0.926045835018	0.781643509865	0.921383619308	0.86261433363	0.849234998226	0.960574805737	-0.361516445875	0.199092268944	-0.518038034439	0.170146539807	-0.279901862144	0.186511158943	-0.151131629944	-0.182310268283	0.301469117403	-0.0160580985248	-0.208713591099	-0.485901892185	-0.112351492047	-0.153778702021	-0.265067756176	-0.0517769828439	0.00860767625272	0.0124997282401	-0.201800599694	-0.2054233253	-0.128782302141	-0.0745971873403	0.0453333929181	-0.0330417379737	-0.0556361675262	-0.215173453093	-0.107978314161	0.483315646648	0.348365038633	-0.629003047943	-0.0584052056074
343_TASK04_CON67_4.0_pos	pos	4.0	0.0949923694134	0.10424349457	-0.0188186839223	0.199979424477	0.179386913776	0.0543560869992	0.153492122889	0.0792212411761	-0.205930769444	0.243186786771	0.383613228798	0.25993937254	0.391933709383	0.342625617981	0.234971284866	0.484132707119	0.00843508075923	0.106667608023	-0.175183847547	0.0875570997596	-0.0414952374995	0.0366253852844	0.184272274375	0.168264880776	0.0646708086133	-0.0261562559754	-0.058697886765	-0.11391492933	0.169505298138	0.163360759616	0.186988323927	0.188757240772	0.192168697715	0.253755420446	0.240013495088	0.219629794359	0.180068209767	0.232905596495	0.0195211637765	0.182210460305	0.206218257546	0.210567697883	0.207930013537	-0.126867517829	0.0372956506908	0.0809657424688	0.037533544004
343_TASK04_CON67_5.0_posneg	posneg	5.0	-0.272177428007	0.605637609959	-0.809222757816	0.447887599468	0.393814951181	0.251814633608	0.602655410767	0.416301459074	-0.655490815639	0.386623203754	0.958955168724	0.844535171986	0.957273125648	0.910024166107	0.899030745029	0.976298034191	-0.572441160679	0.266566962004	-0.592557966709	0.25766402483	-0.248188689351	0.128200814128	-0.24765598774	-0.24164493382	0.251727759838	-0.0194711517543	-0.448741406202	-0.812077522278	-0.137924939394	-0.26980805397	-0.374666243792	-0.0800501182675	0.0605963468552	-0.120569355786	-0.367595016956	-0.348873615265	-0.199775144458	-0.193059891462	0.16038146615	-0.0193341020495	-0.173934474587	-0.34088498354	-0.200978785753	0.753253698349	0.30383643508	-0.800274133682	-0.0688061788678
343_TASK04_CON67_5.0_pos	pos	5.0	0.123810641468	0.138960376382	-0.0399471074343	0.237390562892	0.223913267255	0.0256791170686	0.202247574925	0.138077631593	-0.221998155117	0.174808427691	0.247392520308	0.212538361549	0.260018736124	0.282990247011	0.172036916018	0.351729094982	-0.037955917418	0.0317287147045	-0.0962295904756	0.0409575104713	0.0535632818937	0.0436425246298	0.201013803482	0.203021660447	-0.0456217564642	0.0142500866205	0.0133116748184	0.0180468522012	0.220544725657	0.220605403185	0.232656866312	0.227096781135	0.219910725951	0.25286975503	0.254724770784	0.249052971601	0.233313128352	0.258414179087	0.110946908593	0.228292614222	0.247459799051	0.247145086527	0.247545912862	-0.115465894341	0.0423760972917	0.0724529549479	0.0317427627742
343_TASK04_CON67_6.0_posneg	posneg	6.0	-0.183106660843	0.847367584705	-0.91546869278	0.796951115131	0.773703098297	0.202652946115	0.787286162376	0.596565365791	-0.842395722866	0.625183165073	0.985151350498	0.937749743462	0.984311282635	0.961815774441	0.961774349213	0.988266468048	-0.73082280159	0.405971080065	-0.802268385887	0.415160804987	-0.285546332598	0.238222703338	-0.209257438779	-0.183731839061	0.240145280957	0.196444571018	-0.635956227779	-0.904529333115	0.133945524693	-0.176409363747	-0.362876415253	0.23074196279	0.458537340164	0.119629904628	-0.353954195976	-0.280429899693	-0.0176697019488	0.0152373379096	0.31307169795	0.355610907078	0.0145900454372	-0.316006034613	0.0107893617824	0.885457515717	0.32470291853	-0.889371812344	0.0598549358547
343_TASK04_CON67_6.0_pos	pos	6.0	0.146402299404	0.208670288324	-0.161201059818	0.271956115961	0.249006271362	0.0216043423861	0.212545096874	0.174137920141	-0.150489151478	0.149830520153	0.123262271285	0.216109260917	0.117089688778	0.18941102922	0.125289395452	0.214956194162	-0.0453288331628	-0.0471232011914	0.0548158399761	-0.0427737981081	0.0662607252598	0.0664648935199	0.20143173635	0.199051558971	-0.0885769054294	0.0474136658013	0.0430842116475	0.080746717751	0.219773083925	0.213583484292	0.223346352577	0.22583861649	0.191497698426	0.18997451663	0.181784495711	0.249292895198	0.235131114721	0.226696506143	0.175327405334	0.218730613589	0.223376840353	0.216199502349	0.2540615201	-0.131774440408	0.0146133955568	0.039672985673	0.0877795368433
343_TASK04_CON67_7.0_posneg	posneg	7.0	0.38673388958	0.97447013855	-0.968884825706	0.951723814011	0.951377272606	0.218652397394	0.948645472527	0.856017589569	-0.94709187746	0.761815547943	0.994467616081	0.989034593105	0.992939829826	0.992343783379	0.991584837437	0.994665563107	-0.822828888893	0.609483361244	-0.881396114826	0.660579502583	-0.393772006035	0.624288499355	0.258785307407	0.384261190891	-0.138475388288	0.57960242033	-0.727434039116	-0.932133674622	0.729347884655	0.493644297123	0.0693700686097	0.759379088879	0.844129741192	0.627550184727	-0.0259638763964	0.366615444422	0.681353211403	0.669480621815	0.624496877193	0.847036778927	0.653938651085	0.152980968356	0.697262585163	0.950482189655	0.311697244644	-0.949249505997	0.330743551254
343_TASK04_CON67_7.0_pos	pos	7.0	0.197450965643	0.380697160959	-0.242221176624	0.329894393682	0.143460005522	0.122492648661	0.187110453844	0.262831509113	0.108216866851	-0.156408086419	-0.0894963443279	0.076414950192	-0.177080929279	0.106676869094	-0.31485876441	-0.067299939692	-0.305651038885	-0.105757631361	0.113442711532	-0.333916753531	0.0544389076531	-0.0161377582699	-0.0996252670884	0.0154753820971	-0.17789183557	0.179535612464	0.184677794576	0.234054014087	0.171217411757	0.0160440858454	0.194260179996	0.214314475656	0.10633482039	0.227808371186	0.0374989919364	0.226923123002	0.16918939352	0.169271379709	0.163273796439	0.190111845732	0.0699861645699	0.127373069525	0.217456772923	0.175434827805	-0.103527903557	-0.27750480175	0.246456354856
343_TASK04_CON67_8.0_posneg	posneg	8.0	0.597952008247	0.99977594614	-0.999126970768	0.997134327888	0.9984151721	0.28124704957	0.999519824982	0.998527944088	-0.998815953732	0.636733114719	0.998515486717	0.998797237873	0.998752951622	0.996543467045	0.999029755592	0.998518109322	-0.999626934528	0.691565275192	-0.98570483923	0.919341742992	-0.842610895634	0.939590573311	0.594122469425	0.920046746731	-0.974540352821	0.908941864967	-0.983740091324	-0.993529081345	0.981647193432	0.974184215069	0.953997313976	0.96465831995	0.973651885986	0.911818563938	-0.512042284012	0.999930083752	0.986811637878	0.968667089939	0.969291746616	0.985968291759	0.945389091969	0.831713020802	0.992588996887	0.990658819675	0.684403061867	-0.994957923889	0.936785340309
343_TASK04_CON67_8.0_pos	pos	8.0																																															
343_TASK04_CON67_9.0_posneg	posneg	9.0																																															
343_TASK04_CON67_9.0_pos	pos	9.0																																															
343_TASK04_CON67_10.0_posneg	posneg	10.0																																															
343_TASK04_CON67_10.0_pos	pos	10.0																																															
343_TASK04_CON67_11.0_posneg	posneg	11.0																																															
343_TASK04_CON67_11.0_pos	pos	11.0																																															
343_TASK04_CON67_12.0_posneg	posneg	12.0																																															
343_TASK04_CON67_12.0_pos	pos	12.0																																															
343_TASK04_CON67_13.0_posneg	posneg	13.0																																															
343_TASK04_CON67_13.0_pos	pos	13.0																																															
343_TASK04_CON68_0.0_posneg	posneg	0.0	0.461833506823	0.428817391396	0.23878261447	0.447578936815	0.443111747503	-0.200631991029	0.276575684547	-0.0340872444212	-0.366599112749	0.858599245548	0.122225023806	-0.0822709947824	0.073411822319	-0.103587411344	0.129692971706	0.0798016265035	0.90416508913	0.154157072306	-0.235415771604	0.036063708365	-0.2750261724	0.16457298398	0.603120982647	0.531298816204	0.0666209161282	0.54253411293	0.440108388662	-0.0512263886631	0.433351963758	0.316299170256	0.382686376572	0.461814254522	0.450777351856	0.392084658146	0.39030495286	0.403738647699	0.400846719742	0.415098756552	0.110098108649	0.444709599018	0.352189660072	0.385892421007	0.434640973806	0.038521900773	-0.365615397692	0.0765967667103	0.237765088677
343_TASK04_CON68_0.0_pos	pos	0.0	0.374657392502	0.312435179949	0.249697163701	0.297213196754	0.290385812521	-0.210024803877	0.0559883154929	-0.152873530984	-0.206086277962	0.782732844353	0.0646765455604	-0.0904880017042	0.0114739984274	-0.115289330482	0.0736871957779	0.0192104578018	0.854788780212	0.162546098232	-0.183401837945	0.02535963431	-0.217770725489	0.125791877508	0.470125854015	0.395005643368	0.0807442888618	0.434787869453	0.345575094223	-0.0591898038983	0.29700538516	0.200417354703	0.250393331051	0.324888139963	0.351987212896	0.311490982771	0.292003512383	0.311692774296	0.247021585703	0.297304391861	-0.0354749411345	0.310651391745	0.232003867626	0.253504067659	0.303024739027	-0.0126126362011	-0.293592274189	0.0814696103334	0.211410805583
343_TASK04_CON68_1.0_posneg	posneg	1.0	0.442439317703	0.41714027524	0.213638782501	0.432962298393	0.428227722645	-0.191109508276	0.298734843731	-0.0112277949229	-0.380285322666	0.861436665058	0.0928445830941	-0.0821338146925	0.0524663478136	-0.11459774524	0.113787218928	0.0586925782263	0.910230100155	0.128006979823	-0.206951081753	0.0312605388463	-0.263450562954	0.161947578192	0.592132329941	0.522301375866	0.0566115379333	0.51721060276	0.412031441927	-0.061513312161	0.42083632946	0.311028957367	0.375397443771	0.457175195217	0.432038545609	0.372202277184	0.381058394909	0.385346531868	0.395383328199	0.400487989187	0.130809351802	0.430267125368	0.341262876987	0.379272669554	0.425443589687	0.0254821591079	-0.361266463995	0.0866090580821	0.238891273737
343_TASK04_CON68_1.0_pos	pos	1.0	0.329531788826	0.267900824547	0.227861598134	0.243354409933	0.235212787986	-0.200025945902	0.0140564804897	-0.161113739014	-0.163187429309	0.738267719746	0.0151884127408	-0.100174926221	-0.0305160842836	-0.137833833694	0.0392024628818	-0.0245173610747	0.82879781723	0.140752613544	-0.14000466466	0.0188908409327	-0.192110791802	0.112676255405	0.415950119495	0.34614816308	0.0718756765127	0.367308884859	0.283928096294	-0.0713585838675	0.251308768988	0.170215800405	0.212780043483	0.283511519432	0.30674418807	0.272957116365	0.258881747723	0.273570597172	0.203132480383	0.252549558878	-0.0499753803015	0.260989993811	0.193637430668	0.214606508613	0.260174632072	-0.0404557809234	-0.269984036684	0.0941438823938	0.20749117434
343_TASK04_CON68_2.0_posneg	posneg	2.0	0.408928096294	0.389956027269	0.183836400509	0.407916665077	0.403024166822	-0.174777716398	0.314474344254	0.0140627222136	-0.391482502222	0.858982145786	0.0496231913567	-0.090644583106	0.0232980214059	-0.127990931273	0.0778287127614	0.0229965206236	0.911664962769	0.0962868854403	-0.168751403689	0.0334940813482	-0.236013665795	0.14250305295	0.568888008595	0.501570820808	0.0368696078658	0.475740611553	0.365710884333	-0.0729345455766	0.396654754877	0.299742251635	0.359962910414	0.441161423922	0.395807236433	0.339458048344	0.360134541988	0.354685872793	0.380431979895	0.371657252312	0.159135371447	0.401189953089	0.321527719498	0.363112151623	0.404353350401	0.00210333266295	-0.341515272856	0.0981085449457	0.233624666929
343_TASK04_CON68_2.0_pos	pos	2.0	0.273656755686	0.209085658193	0.209860980511	0.191665098071	0.180186718702	-0.17269462347	-0.0172051880509	-0.158482134342	-0.12238419801	0.677357673645	-0.039488825947	-0.126207157969	-0.0746539607644	-0.164332568645	-0.0124431913719	-0.0783855244517	0.789840757847	0.123387277126	-0.0989389792085	0.0256759077311	-0.15715624392	0.084458746016	0.350930243731	0.292804539204	0.0475687012076	0.284548729658	0.215044766665	-0.0717066302896	0.207164466381	0.146363094449	0.179701566696	0.241141155362	0.252322256565	0.231025934219	0.225530266762	0.234712392092	0.166370287538	0.208000987768	-0.0480010248721	0.210185363889	0.160308107734	0.180980727077	0.21879696846	-0.0749498009682	-0.235774561763	0.106324546039	0.197908610106
343_TASK04_CON68_3.0_posneg	posneg	3.0	0.353661924601	0.339284330606	0.14721390605	0.362948715687	0.357909053564	-0.15167337656	0.29870390892	0.0273135863245	-0.377825975418	0.85122025013	0.00118495058268	-0.102744363248	-0.00842439010739	-0.139520168304	0.0305642802268	-0.0193513259292	0.907579123974	0.0647383853793	-0.124835677445	0.0400948375463	-0.195238336921	0.112501814961	0.521142184734	0.456694275141	0.0199788529426	0.415154784918	0.30259808898	-0.0811503082514	0.353160172701	0.271131485701	0.32360959053	0.402554512024	0.339957296848	0.289361774921	0.315449357033	0.304328918457	0.344372004271	0.320951759815	0.177719071507	0.352721095085	0.283556908369	0.324237942696	0.361021488905	-0.0161576252431	-0.301563471556	0.098439745605	0.21278642118
343_TASK04_CON68_3.0_pos	pos	3.0	0.21706686914	0.146768927574	0.196079209447	0.149341225624	0.13830538094	-0.138161614537	-0.0338131710887	-0.139105960727	-0.0862169787288	0.602332830429	-0.0910304039717	-0.147348746657	-0.109717570245	-0.183712616563	-0.0624813064933	-0.12528796494	0.735253095627	0.0949134007096	-0.0536023080349	0.0338601619005	-0.116309262812	0.0597137846053	0.288957238197	0.247000187635	0.0199290886521	0.201759204268	0.155169799924	-0.0549496039748	0.173884063959	0.134045913815	0.152534350753	0.204645082355	0.199635282159	0.191026285291	0.19018509984	0.195875734091	0.14343431592	0.169302225113	-0.023876266554	0.170334845781	0.138058483601	0.153049483895	0.183984085917	-0.0960193872452	-0.187427341938	0.102679617703	0.175809696317
343_TASK04_CON68_4.0_posneg	posneg	4.0	0.272853255272	0.257660508156	0.11042830348	0.29173079133	0.287788659334	-0.121061891317	0.238544777036	0.00628350395709	-0.330284804106	0.821129918098	-0.0464740656316	-0.121078945696	-0.0440732389688	-0.154127523303	-0.0242203269154	-0.0682457834482	0.886866390705	0.0465127192438	-0.0788869485259	0.0502043366432	-0.151034146547	0.0782004222274	0.437338620424	0.380622327328	0.0053795883432	0.320977419615	0.218729153275	-0.0774812325835	0.285488575697	0.22142085433	0.262697517872	0.332446724176	0.261322498322	0.218922436237	0.248460024595	0.237536475062	0.282414644957	0.248427212238	0.171412974596	0.280818879604	0.224201783538	0.261027604342	0.292064875364	-0.0323900766671	-0.243658065796	0.0902653634548	0.175997018814
343_TASK04_CON68_4.0_pos	pos	4.0	0.168174281716	0.0858425498009	0.1899625808	0.120765574276	0.113929502666	-0.0984970107675	-0.0361705161631	-0.114404581487	-0.0671777203679	0.504255652428	-0.135371118784	-0.175290629268	-0.137313425541	-0.203888848424	-0.112827509642	-0.16893607378	0.656797409058	0.0753253772855	-0.01701984182	0.0452593937516	-0.0790753215551	0.0406689755619	0.24413497746	0.217847675085	-0.00897829048336	0.13736268878	0.118494682014	-0.0193414576352	0.156488150358	0.129687592387	0.139740258455	0.177647560835	0.159097492695	0.161088272929	0.166368559003	0.170467153192	0.13657541573	0.148847356439	0.01023140084	0.149044305086	0.128750249743	0.140653133392	0.163628473878	-0.106137961149	-0.140490859747	0.0974207893014	0.147414967418
343_TASK04_CON68_5.0_posneg	posneg	5.0	0.185984998941	0.148954629898	0.103455789387	0.198306396604	0.197452515364	-0.0805839449167	0.152382105589	-0.0020564624574	-0.231764644384	0.733749032021	-0.0819742307067	-0.111717328429	-0.0693134143949	-0.14876820147	-0.0756641924381	-0.0993263423443	0.822836995125	0.0261151026934	-0.0171520598233	0.0511672310531	-0.0991709157825	0.0310034565628	0.327076196671	0.284902185202	-0.0155133157969	0.208479583263	0.1394443959	-0.0457875281572	0.208829447627	0.170206844807	0.195399641991	0.244305223227	0.178344890475	0.156170755625	0.188967838883	0.175045475364	0.210044577718	0.179926395416	0.140718623996	0.200737059116	0.167221143842	0.195968255401	0.214640036225	-0.0686868354678	-0.160607114434	0.0882345512509	0.123504064977
343_TASK04_CON68_5.0_pos	pos	5.0	0.116033352911	0.0125622190535	0.186903595924	0.0909003913403	0.0826483145356	-0.0165921598673	-0.0270278602839	-0.0778527408838	-0.0468014031649	0.408776521683	-0.135222360492	-0.155621111393	-0.127254888415	-0.185614272952	-0.118396319449	-0.155450612307	0.560855984688	0.0500268302858	0.00562915811315	0.0331804379821	-0.0706846490502	0.0399240143597	0.198992058635	0.183948785067	-0.0292625725269	0.0815047547221	0.0848243460059	0.0226362328976	0.136316135526	0.127811938524	0.130965098739	0.147504836321	0.120808377862	0.14773760736	0.154165670276	0.153734013438	0.130247280002	0.139749646187	0.0289819929749	0.126894846559	0.129151791334	0.136162728071	0.146408185363	-0.136382341385	-0.0676836073399	0.103220038116	0.0982559099793
343_TASK04_CON68_6.0_posneg	posneg	6.0	0.129387915134	0.0386672690511	0.139799147844	0.116116560996	0.115288853645	-0.0231440402567	0.0489666759968	0.0131998723373	-0.0628731772304	0.463182508945	-0.0845824256539	-0.0820975825191	-0.0707509741187	-0.110448680818	-0.0938476771116	-0.0936622843146	0.598374426365	0.0358576849103	0.0237193182111	0.0426939502358	-0.0497122183442	0.00293220975436	0.219524696469	0.202175840735	-0.0596030987799	0.103409968317	0.0934232845902	0.0338548272848	0.152263268828	0.14130358398	0.151915073395	0.169868186116	0.130068823695	0.15050034225	0.158499583602	0.149570018053	0.159164890647	0.152894422412	0.0685337558389	0.145935371518	0.147947371006	0.156708136201	0.161431029439	-0.125171646476	-0.0657711327076	0.0951410159469	0.0727570354939
343_TASK04_CON68_6.0_pos	pos	6.0	0.114390403032	-0.0208881795406	0.19440305233	0.0900487229228	0.0854786932468	0.000296652811812	-0.00917663797736	-0.0215884298086	-0.00442132912576	0.28956836462	-0.112436234951	-0.113628715277	-0.0953150317073	-0.130031257868	-0.115726552904	-0.119769692421	0.439185082912	0.0445458181202	0.0212095845491	0.0412032827735	-0.0427798777819	0.0185333639383	0.188810065389	0.17812512815	-0.064719080925	0.0399223715067	0.063340306282	0.068409897387	0.134497657418	0.145187631249	0.149602070451	0.148177370429	0.123886577785	0.167466565967	0.164650887251	0.166383370757	0.146324276924	0.159247323871	0.0230110697448	0.131352543831	0.154675096273	0.155016437173	0.156970992684	-0.178333580494	-0.0338600873947	0.12036178261	0.0745933800936
343_TASK04_CON68_7.0_posneg	posneg	7.0	0.107596293092	0.0147917512804	0.138860270381	0.116049766541	0.118133701384	0.029742449522	0.0524707213044	0.0481798425317	-0.0168613120914	0.156380683184	-0.015886856243	0.0133615657687	0.00893501285464	0.00700902519748	-0.0241366028786	-0.00463353656232	0.231679946184	0.0134641639888	0.0114945694804	0.0557927377522	-0.00644798297435	-0.0296194124967	0.160638049245	0.159863933921	-0.0771758332849	0.0177701506764	0.0289128795266	0.0312141869217	0.119880825281	0.121440000832	0.125894144177	0.144079357386	0.129417389631	0.142387136817	0.137804329395	0.149123683572	0.136721849442	0.148963317275	0.0335966907442	0.12674073875	0.13854880631	0.131825476885	0.149529650807	-0.116708829999	-0.0380663238466	0.063350148499	0.0671431645751
343_TASK04_CON68_7.0_pos	pos	7.0	0.107596293092	0.0147917512804	0.138860270381	0.116049766541	0.118133701384	0.029742449522	0.0524707213044	0.0481798425317	-0.0168613120914	0.156380683184	-0.015886856243	0.0133615657687	0.00893501285464	0.00700902519748	-0.0241366028786	-0.00463353656232	0.231679946184	0.0134641639888	0.0114945694804	0.0557927377522	-0.00644798297435	-0.0296194124967	0.160638049245	0.159863933921	-0.0771758332849	0.0177701506764	0.0289128795266	0.0312141869217	0.119880825281	0.121440000832	0.125894144177	0.144079357386	0.129417389631	0.142387136817	0.137804329395	0.149123683572	0.136721849442	0.148963317275	0.0335966907442	0.12674073875	0.13854880631	0.131825476885	0.149529650807	-0.116708829999	-0.0380663238466	0.063350148499	0.0671431645751
343_TASK04_CON68_8.0_posneg	posneg	8.0	-0.0402118973434	-0.0422515384853	0.000961191253737	0.0561365969479	0.0517466664314	0.122594207525	0.00089828443015	0.0109023815021	0.00680943578482	0.17766931653	0.0733294337988	0.116003155708	0.0741796866059	0.0989849716425	0.123414106667	0.09354057163	0.0702413544059	0.00392875354737	-0.029967918992	0.0284242909402	-0.0697372332215	0.0301092937589	0.0565462782979	0.0554107241333	0.00487950257957	0.136796563864	0.0937522128224	-0.0756698250771	0.0359681732953	0.0853943675756	0.0362514592707	0.0398723185062	0.0263278074563	0.0675011724234	0.0571268945932	0.0427835769951	0.0575134381652	0.0535207949579	0.0329632125795	0.028119681403	0.0926815867424	0.0479080192745	0.0404515080154	-0.0644529163837	0.0972417369485	0.0266818478703	-0.0216116607189
343_TASK04_CON68_8.0_pos	pos	8.0	-0.0402118973434	-0.0422515384853	0.000961191253737	0.0561365969479	0.0517466664314	0.122594207525	0.00089828443015	0.0109023815021	0.00680943578482	0.17766931653	0.0733294337988	0.116003155708	0.0741796866059	0.0989849716425	0.123414106667	0.09354057163	0.0702413544059	0.00392875354737	-0.029967918992	0.0284242909402	-0.0697372332215	0.0301092937589	0.0565462782979	0.0554107241333	0.00487950257957	0.136796563864	0.0937522128224	-0.0756698250771	0.0359681732953	0.0853943675756	0.0362514592707	0.0398723185062	0.0263278074563	0.0675011724234	0.0571268945932	0.0427835769951	0.0575134381652	0.0535207949579	0.0329632125795	0.028119681403	0.0926815867424	0.0479080192745	0.0404515080154	-0.0644529163837	0.0972417369485	0.0266818478703	-0.0216116607189
343_TASK04_CON68_9.0_posneg	posneg	9.0																																															
343_TASK04_CON68_9.0_pos	pos	9.0																																															
343_TASK04_CON68_10.0_posneg	posneg	10.0																																															
343_TASK04_CON68_10.0_pos	pos	10.0																																															
343_TASK04_CON68_11.0_posneg	posneg	11.0																																															
343_TASK04_CON68_11.0_pos	pos	11.0																																															
343_TASK04_CON68_12.0_posneg	posneg	12.0																																															
343_TASK04_CON68_12.0_pos	pos	12.0																																															
343_TASK04_CON68_13.0_posneg	posneg	13.0																																															
343_TASK04_CON68_13.0_pos	pos	13.0																																															
343_TASK04_CON69_0.0_posneg	posneg	0.0	-0.0980861261487	-0.0675858184695	-0.0709882006049	-0.0636846795678	-0.0701463446021	0.0413587428629	-0.0293018221855	-0.069126188755	-0.0427040308714	0.0701003745198	0.34094581008	-0.00140956114046	0.238822042942	-0.0447462238371	-0.140283435583	0.0354071855545	0.0785239860415	0.648969590664	-0.0818235129118	0.438320070505	-0.167156308889	-0.310115545988	-0.073552235961	-0.0966990441084	0.0614023581147	0.00433662952855	-0.0064949109219	-0.0460407026112	-0.109446577728	-0.125458240509	-0.0888629257679	-0.10089661181	-0.106610685587	-0.128475517035	-0.11232175678	-0.120551809669	-0.112247496843	-0.124198690057	-0.0130169792101	-0.111184410751	-0.137349888682	-0.102616265416	-0.115104034543	0.0167254116386	-0.0156916510314	0.00129102333449	-0.0290924049914
343_TASK04_CON69_0.0_pos	pos	0.0	-0.0818118900061	-0.0553886704147	-0.0640561208129	-0.133322119713	-0.151653766632	0.0971034243703	-0.0605808980763	-0.0605926737189	0.00872208084911	0.199398443103	0.391781002283	0.030129538849	0.259077221155	0.00345526728779	-0.00217351899482	0.183229967952	0.170774623752	0.552637279034	-0.211174309254	0.270297855139	-0.289324522018	-0.237760156393	-0.076869122684	-0.134367108345	0.2113314569	0.0477695800364	0.00285693560727	-0.12700843811	-0.16359744966	-0.204981386662	-0.146064355969	-0.141439974308	-0.138230383396	-0.102792538702	-0.111529164016	-0.140977934003	-0.17554590106	-0.135219365358	-0.164774432778	-0.15904854238	-0.176249057055	-0.137703746557	-0.149273470044	-0.01208815258	-0.00388193852268	0.00328720640391	0.0032868613489
343_TASK04_CON69_1.0_posneg	posneg	1.0	-0.113483443856	-0.0914409086108	-0.0574139654636	-0.0639435574412	-0.0673009231687	0.0252984780818	-0.0280661340803	-0.0723520740867	-0.045765157789	0.0255975220352	0.379512965679	-0.0149722388014	0.264477938414	-0.0837401524186	-0.211842805147	-0.00943295005709	0.0465495437384	0.746937215328	-0.0529131777585	0.533466100693	-0.172079145908	-0.379234462976	-0.0916153416038	-0.10432074219	0.0116165457293	-0.00728544173762	-0.00524000776932	-0.0196760967374	-0.102958992124	-0.111824132502	-0.0859050154686	-0.100188404322	-0.110407084227	-0.13706150651	-0.121823146939	-0.123578250408	-0.104579359293	-0.126948878169	0.0224215928465	-0.10714006424	-0.130688384175	-0.104133218527	-0.114880278707	0.0284745488316	-0.0112109184265	-0.00267733656801	-0.0493349246681
343_TASK04_CON69_1.0_pos	pos	1.0	-0.0973759070039	-0.0878311917186	-0.0366792753339	-0.173172622919	-0.195448890328	0.116741016507	-0.081001482904	-0.0625383406878	0.0410929732025	0.21345679462	0.442086338997	0.0246029850096	0.269742310047	-0.0175089109689	0.0158196594566	0.220466032624	0.172064840794	0.604303121567	-0.249804779887	0.242250472307	-0.362576007843	-0.247979402542	-0.1017678231	-0.16197656095	0.231526479125	0.0460589416325	-0.0118873408064	-0.162038460374	-0.18314345181	-0.222955331206	-0.170376375318	-0.154723957181	-0.149988934398	-0.0822232589126	-0.113813653588	-0.140165403485	-0.1952059865	-0.131787449121	-0.216509222984	-0.174924820662	-0.176246032119	-0.152291044593	-0.155771389604	-0.0205144193023	0.0185360852629	-0.00840654969215	0.0112230740488
343_TASK04_CON69_2.0_posneg	posneg	2.0	-0.135514333844	-0.132280439138	-0.0281095728278	-0.0601779781282	-0.0586925856769	-0.010905941017	-0.018462119624	-0.05912566185	-0.0359193533659	-0.0596934296191	0.433632403612	-0.0162717811763	0.296075642109	-0.165341123939	-0.340292960405	-0.10366986692	-0.0171365961432	0.859315693378	0.024045675993	0.660481989384	-0.190779939294	-0.477635264397	-0.128107428551	-0.121755972505	-0.0910487622023	-0.0377679131925	0.00540142087266	0.0637715980411	-0.0833140313625	-0.0889170765877	-0.0825205668807	-0.099847689271	-0.117522999644	-0.155023783445	-0.141285911202	-0.131335377693	-0.0878435596824	-0.132412269711	0.0882115885615	-0.0938837379217	-0.120846770704	-0.110174395144	-0.114317141473	0.0574567243457	-0.0148871969432	-0.0048014074564	-0.0933971703053
343_TASK04_CON69_2.0_pos	pos	2.0	-0.180864244699	-0.188301920891	-0.0268356911838	-0.232342705131	-0.262662619352	0.167121112347	-0.138982459903	-0.0982334315777	0.101565763354	0.192379146814	0.50706332922	-0.016017049551	0.25779491663	-0.0718018189073	0.00978651549667	0.249973908067	0.123875379562	0.691094815731	-0.297539710999	0.17489284277	-0.45328772068	-0.296682536602	-0.192934006453	-0.245652362704	0.242432653904	-0.0150723746046	-0.0926788523793	-0.20670555532	-0.225014179945	-0.24968740344	-0.221868410707	-0.186813667417	-0.180202692747	-0.0667533352971	-0.150896161795	-0.144532009959	-0.232753559947	-0.14240860939	-0.288508832455	-0.209581047297	-0.183299854398	-0.198251724243	-0.173747584224	-0.0264570917934	0.0826812312007	-0.0628222376108	0.0348319076002
343_TASK04_CON69_3.0_posneg	posneg	3.0	-0.232449695468	-0.218293845654	-0.0485320016742	-0.103183552623	-0.0966921374202	-0.0333233997226	-0.0101690916345	-0.0643160045147	-0.049787260592	-0.125718846917	0.590575814247	0.0635576993227	0.382612317801	-0.230815246701	-0.454896837473	-0.159702032804	-0.0694667175412	0.939057707787	0.125368729234	0.74706941843	-0.259276151657	-0.575914144516	-0.212164536119	-0.189071923494	-0.208906814456	-0.0969150364399	-0.00941933318973	0.137490645051	-0.114569157362	-0.127855271101	-0.128597259521	-0.15522120893	-0.186280965805	-0.229552790523	-0.212779566646	-0.199670493603	-0.122399695218	-0.192031338811	0.155016556382	-0.134158223867	-0.169077977538	-0.165885299444	-0.169481948018	0.115790188313	-0.0279274135828	-0.0136122107506	-0.190760344267
343_TASK04_CON69_3.0_pos	pos	3.0	-0.216991022229	-0.256062179804	0.0793816372752	-0.169812098145	-0.212522849441	0.160730615258	-0.142299905419	-0.0832389444113	0.137842819095	0.102467574179	0.541677117348	-0.072385199368	0.182327881455	-0.10998262465	-0.0329804122448	0.253066211939	-0.0254629869014	0.735644340515	-0.298473268747	-0.0153670134023	-0.460199803114	-0.369579046965	-0.229417860508	-0.254022181034	0.154072165489	-0.0817822366953	-0.137507453561	-0.144478961825	-0.15658031404	-0.159955829382	-0.145220384002	-0.116607762873	-0.115121327341	0.0373251214623	-0.0864309519529	-0.0304957553744	-0.151362121105	-0.0440883599222	-0.271862059832	-0.13615013659	-0.0783790498972	-0.12585093081	-0.0779489800334	-0.0667566508055	0.128929585218	-0.0916343852878	0.106484733522
343_TASK04_CON69_4.0_posneg	posneg	4.0	-0.408308744431	-0.364313453436	-0.068053804338	-0.218105211854	-0.228875204921	0.0220404341817	-0.0659288614988	-0.119400210679	-0.0250573586673	-0.161752179265	0.779500305653	0.191995158792	0.468754649162	-0.287982583046	-0.554355919361	-0.18431994319	-0.101181551814	0.974062800407	0.253337264061	0.78070551157	-0.357957601547	-0.663947761059	-0.355335503817	-0.326290160418	-0.281122505665	-0.172631934285	-0.0666714161634	0.174584075809	-0.208686441183	-0.220972374082	-0.222941949964	-0.259576022625	-0.29686486721	-0.32064396143	-0.30096450448	-0.292475253344	-0.209357991815	-0.276398599148	0.158581629395	-0.229682743549	-0.252001315355	-0.257970005274	-0.260465413332	0.153728410602	-0.0164874643087	-0.0277120657265	-0.275765955448
343_TASK04_CON69_4.0_pos	pos	4.0	-0.15991152823	-0.24130307138	0.255599111319	0.00909795239568	-0.0418243259192	0.0738171115518	-0.0462657622993	-0.00318617443554	0.0748261138797	-0.060591455549	0.529464781284	-0.226590692997	0.0538206622005	-0.131327882409	-0.128367096186	0.19402371347	-0.22937014699	0.725413501263	-0.311766505241	-0.186375752091	-0.368021190166	-0.443457782269	-0.15048032999	-0.139211177826	-0.0352232903242	-0.128983959556	-0.114473894238	0.047371674329	0.0457931272686	0.0573945827782	0.0703211799264	0.0837006494403	0.0813341513276	0.215684726834	0.078640639782	0.203420862556	0.0645659267902	0.163573607802	-0.129801392555	0.0772103145719	0.141604706645	0.0757668465376	0.146669268608	-0.140077844262	0.12695620954	-0.0694205239415	0.191287994385
343_TASK04_CON69_5.0_posneg	posneg	5.0	-0.504521846771	-0.460921466351	-0.0179576203227	-0.268541127443	-0.305763274431	0.0939155295491	-0.111358508468	-0.147499650717	0.0184413362294	-0.22618983686	0.863454222679	0.238744094968	0.463553249836	-0.342769145966	-0.627046585083	-0.242485255003	-0.164571478963	0.982944071293	0.327473312616	0.754357457161	-0.411828458309	-0.705443918705	-0.443316668272	-0.399208575487	-0.354951292276	-0.216287776828	-0.104209557176	0.216708749533	-0.248463913798	-0.256830245256	-0.257415175438	-0.28892365098	-0.330767065287	-0.340342998505	-0.327879190445	-0.305935740471	-0.239138692617	-0.286954015493	0.136000052094	-0.259892463684	-0.267417222261	-0.286624729633	-0.276802152395	0.153724163771	0.00720328465104	-0.0565231181681	-0.275254547596
343_TASK04_CON69_5.0_pos	pos	5.0	-0.0278422236443	-0.108965888619	0.237453863025	0.179192572832	0.109412543476	0.10210672766	0.0960953086615	0.0906084924936	-0.0419890359044	-0.0857678577304	0.561767041683	-0.251731157303	0.0414561256766	-0.0288104806095	-0.0752048194408	0.252132833004	-0.298424124718	0.674566209316	-0.351689964533	-0.254106342793	-0.261974602938	-0.37119731307	-0.0357281826437	-0.00275826593861	-0.121640577912	-0.131011635065	-0.0753196701407	0.13558973372	0.207932114601	0.220875158906	0.206378594041	0.243213400245	0.22861173749	0.309030503035	0.184074178338	0.324356168509	0.237440258265	0.287161767483	0.00856398511678	0.243469431996	0.285534977913	0.212769269943	0.303452789783	-0.112468220294	0.0924473032355	-0.0822675824165	0.193698272109
343_TASK04_CON69_6.0_posneg	posneg	6.0	-0.473686516285	-0.471362829208	0.113432496786	-0.270903021097	-0.329650431871	0.120625957847	-0.0332890897989	-0.0356255546212	0.0947918221354	-0.164606615901	0.847785413265	0.252593845129	0.341118901968	-0.4564204216	-0.57081502676	-0.167211562395	-0.147257864475	0.974036037922	0.306901961565	0.578010082245	-0.551960289478	-0.688715696335	-0.473697245121	-0.42379578948	-0.362357199192	-0.189553871751	-0.0786881893873	0.221357151866	-0.299526840448	-0.30830514431	-0.343280732632	-0.310365021229	-0.330083787441	-0.348901510239	-0.383989572525	-0.312988817692	-0.292465150356	-0.30226457119	0.0569118596613	-0.284298419952	-0.29225435853	-0.356667667627	-0.297221004963	0.176582708955	0.085927657783	-0.175866693258	-0.203488692641
343_TASK04_CON69_6.0_pos	pos	6.0	0.123268134892	0.0339717380702	0.221353381872	0.263375163078	0.1832806319	0.115130417049	0.162171289325	0.129962146282	-0.141183674335	-0.0110237952322	0.532082736492	-0.21010529995	0.0791915431619	0.0474106408656	0.0100049562752	0.299819499254	-0.22725315392	0.58011251688	-0.33776012063	-0.221153721213	-0.219236642122	-0.239110693336	0.115280948579	0.130410775542	-0.0965663120151	-0.0885722711682	-0.0163799729198	0.148199439049	0.287560164928	0.308169007301	0.226074203849	0.309700965881	0.31370896101	0.306201130152	0.214661985636	0.342670112848	0.317135155201	0.320653945208	0.0820873677731	0.331777721643	0.341382175684	0.244252890348	0.348953604698	-0.0239907484502	0.0690036267042	-0.136618316174	0.144137218595
343_TASK04_CON69_7.0_posneg	posneg	7.0	0.118001095951	0.107405588031	0.0274252183735	0.181890398264	0.130430325866	0.0722666084766	0.155836164951	0.132826060057	-0.152903348207	0.0104715079069	0.456841498613	-0.0322040580213	0.17344160378	0.122297920287	-0.128514155746	0.164412453771	-0.084434196353	0.623693346977	-0.110216103494	0.0138782626018	-0.00832310132682	-0.320941030979	0.118110083044	0.127873569727	-0.0890517011285	-0.0859479159117	-0.00120042660274	0.159099206328	0.20266623795	0.234151139855	0.130578875542	0.19779522717	0.180044203997	0.133055821061	0.103868290782	0.153445586562	0.213631972671	0.160068705678	0.125113770366	0.21785159409	0.215775758028	0.147792816162	0.187171250582	0.0700549185276	0.0368152745068	-0.0952357947826	-0.0539345555007
343_TASK04_CON69_7.0_pos	pos	7.0	0.210243046284	0.177891924977	0.0736449807882	0.255991697311	0.20003670454	0.0631674304605	0.256175249815	0.237200826406	-0.189078629017	0.0406790077686	0.388814300299	-0.123254001141	0.0769971683621	0.151139050722	0.038564838469	0.255625635386	-0.114282853901	0.424523681402	-0.196757569909	-0.149733528495	-0.102099582553	-0.0716488659382	0.173346802592	0.180195897818	-0.118172362447	-0.0675027519464	0.033941667527	0.18375889957	0.209152087569	0.303829729557	0.150690957904	0.241071626544	0.239948317409	0.21018089354	0.108223475516	0.221717089415	0.256107062101	0.219702526927	0.143656641245	0.259328395128	0.295804947615	0.169556304812	0.24292036891	0.0327142104506	0.125256150961	-0.157937243581	-0.00824005715549
343_TASK04_CON69_8.0_posneg	posneg	8.0	0.377742856741	0.329895496368	0.0337797924876	0.359343737364	0.280551344156	0.101950570941	0.39589497447	0.371679335833	-0.293519347906	-0.190151557326	0.0224564280361	-0.0140622509643	0.0122359953821	0.233334854245	0.0458981990814	0.0870507732034	-0.207962527871	0.0909987911582	0.172914296389	-0.101259179413	0.222313776612	0.253194391727	0.301620513201	0.295880705118	-0.171082243323	-0.0711341649294	0.14627571404	0.375603765249	0.258557289839	0.413739264011	0.280660927296	0.21046808362	0.147447124124	0.117990829051	0.0690777823329	0.167333900928	0.333060562611	0.15619623661	0.308317452669	0.23144748807	0.354067325592	0.261331677437	0.216499626637	-0.0671996250749	0.223427861929	-0.0684900209308	-0.233602240682
343_TASK04_CON69_8.0_pos	pos	8.0	0.377742856741	0.329895496368	0.0337797924876	0.359343737364	0.280551344156	0.101950570941	0.39589497447	0.371679335833	-0.293519347906	-0.190151557326	0.0224564280361	-0.0140622509643	0.0122359953821	0.233334854245	0.0458981990814	0.0870507732034	-0.207962527871	0.0909987911582	0.172914296389	-0.101259179413	0.222313776612	0.253194391727	0.301620513201	0.295880705118	-0.171082243323	-0.0711341649294	0.14627571404	0.375603765249	0.258557289839	0.413739264011	0.280660927296	0.21046808362	0.147447124124	0.117990829051	0.0690777823329	0.167333900928	0.333060562611	0.15619623661	0.308317452669	0.23144748807	0.354067325592	0.261331677437	0.216499626637	-0.0671996250749	0.223427861929	-0.0684900209308	-0.233602240682
343_TASK04_CON69_9.0_posneg	posneg	9.0	0.292523354292	0.468072265387	-0.272956311703	0.475522786379	0.271299660206	0.488960981369	0.785221219063	0.744335055351	-0.725617468357	0.2276892066	0.34862858057	0.282391786575	-0.048099771142	-0.0941315665841	0.549907028675	0.142247110605	0.101061731577	0.410622835159	-0.200446262956	-0.216393783689	-0.495029985905	0.137904763222	0.0112537974492	0.160859674215	-0.450027704239	-0.0363231934607	0.456252217293	0.427521854639	0.521693468094	0.145929321647	-0.399560928345	-0.132014498115	-0.210099816322	-0.136304557323	0.0161763727665	-0.329803556204	0.213166356087	-0.217792868614	0.175034090877	0.167973384261	-0.142970576882	-0.208683088422	-0.440802514553	0.40328168869	0.423875898123	0.0495235212147	-0.553779006004
343_TASK04_CON69_9.0_pos	pos	9.0	0.292523354292	0.468072265387	-0.272956311703	0.475522786379	0.271299660206	0.488960981369	0.785221219063	0.744335055351	-0.725617468357	0.2276892066	0.34862858057	0.282391786575	-0.048099771142	-0.0941315665841	0.549907028675	0.142247110605	0.101061731577	0.410622835159	-0.200446262956	-0.216393783689	-0.495029985905	0.137904763222	0.0112537974492	0.160859674215	-0.450027704239	-0.0363231934607	0.456252217293	0.427521854639	0.521693468094	0.145929321647	-0.399560928345	-0.132014498115	-0.210099816322	-0.136304557323	0.0161763727665	-0.329803556204	0.213166356087	-0.217792868614	0.175034090877	0.167973384261	-0.142970576882	-0.208683088422	-0.440802514553	0.40328168869	0.423875898123	0.0495235212147	-0.553779006004
343_TASK04_CON69_10.0_posneg	posneg	10.0																																															
343_TASK04_CON69_10.0_pos	pos	10.0																																															
343_TASK04_CON69_11.0_posneg	posneg	11.0																																															
343_TASK04_CON69_11.0_pos	pos	11.0																																															
343_TASK04_CON69_12.0_posneg	posneg	12.0																																															
343_TASK04_CON69_12.0_pos	pos	12.0																																															
343_TASK04_CON69_13.0_posneg	posneg	13.0																																															
343_TASK04_CON69_13.0_pos	pos	13.0																																															
343_TASK04_CON70_0.0_posneg	posneg	0.0	-0.113642923534	-0.121109910309	-0.0191905442625	-0.114561520517	-0.0671736001968	-0.112077072263	-0.115514695644	-0.00907335244119	0.144942805171	-0.33237233758	-0.364469826221	0.228272974491	-0.42235532403	-0.225579187274	-0.441734582186	-0.363775134087	-0.231138750911	-0.159237205982	0.759421110153	-0.21350069344	0.199743822217	-0.367289245129	-0.141515940428	-0.0850390046835	-0.167188704014	-0.146289527416	-0.0999473854899	0.0838533714414	-0.0796575024724	-0.0521350614727	-0.0468309484422	-0.0981217995286	-0.152092710137	-0.162677779794	-0.076378531754	-0.10012216121	-0.0636953935027	-0.126339480281	0.0461943410337	-0.117289587855	-0.105127379298	-0.0585606992245	-0.0961467772722	-0.0939590036869	-0.00383454863913	0.114188477397	-0.0222908910364
343_TASK04_CON70_0.0_pos	pos	0.0	-0.265272468328	-0.261570215225	-0.0339143462479	-0.338273435831	-0.356269925833	0.0802553072572	-0.173679828644	-0.1321824193	0.129081130028	0.251640558243	0.049357585609	0.603600680828	-0.21570469439	-0.176643610001	0.00825166143477	0.199318990111	0.230948165059	-0.280621498823	0.748398542404	-0.574791073799	-0.392806857824	-0.19903691113	-0.231104075909	-0.256651908159	0.151452958584	-0.0249457452446	-0.0925220102072	-0.200575396419	-0.340088844299	-0.366059839725	-0.317601323128	-0.299535095692	-0.285618245602	-0.272707939148	-0.247895687819	-0.28744661808	-0.353102445602	-0.308654427528	-0.303207844496	-0.337176173925	-0.360970795155	-0.312874138355	-0.313744217157	-0.0528480485082	0.00756008643657	0.0527716353536	-0.0087624983862
343_TASK04_CON70_1.0_posneg	posneg	1.0	-0.131395533681	-0.143158450723	-0.006390159484	-0.123003698885	-0.0822836309671	-0.108411923051	-0.116102568805	-0.0223313979805	0.138982817531	-0.286526590586	-0.338253051043	0.29399317503	-0.430547088385	-0.248254075646	-0.419324845076	-0.339907050133	-0.18352343142	-0.136038199067	0.796602547169	-0.254723936319	0.129173353314	-0.350724577904	-0.142721161246	-0.0858919620514	-0.171569868922	-0.128974586725	-0.0819388478994	0.0873163491488	-0.0869141072035	-0.0625074803829	-0.0565116591752	-0.106473356485	-0.161399707198	-0.180550128222	-0.0893364027143	-0.117717340589	-0.0767457410693	-0.146080866456	0.0482273437083	-0.128529831767	-0.121175974607	-0.0726834610105	-0.111530043185	-0.087962217629	-0.0106997219846	0.119127131999	-0.0379416309297
343_TASK04_CON70_1.0_pos	pos	1.0	-0.339790582657	-0.331418812275	0.00950279273093	-0.407114654779	-0.463538706303	0.211490571499	-0.145396336913	-0.122791700065	0.111398778856	0.430427461863	0.156047776341	0.712887585163	-0.168989598751	-0.180584147573	0.243924722075	0.426403790712	0.361719965935	-0.530030667782	0.792601406574	-0.721134603024	-0.566422879696	-0.0499100983143	-0.298816144466	-0.322954088449	0.198533117771	-0.0112672671676	-0.120275080204	-0.28150588274	-0.432446092367	-0.471892923117	-0.425758510828	-0.358191519976	-0.289011150599	-0.302163362503	-0.361686378717	-0.37635654211	-0.43863222003	-0.36128500104	-0.463036894798	-0.385646611452	-0.436269044876	-0.428809374571	-0.390914261341	0.0616776682436	0.0196207407862	-0.0533860996366	-0.0545641444623
343_TASK04_CON70_2.0_posneg	posneg	2.0	-0.17768637836	-0.183140486479	-0.00639737024903	-0.152463749051	-0.122893407941	-0.0797309428453	-0.105285830796	-0.0283843446523	0.129545629025	-0.202095091343	-0.281054109335	0.435995727777	-0.419735878706	-0.25634676218	-0.351456642151	-0.263039827347	-0.109223455191	-0.137122243643	0.847338020802	-0.31806832552	0.00208618422039	-0.3035171628	-0.163227811456	-0.105965010822	-0.170979753137	-0.112586125731	-0.0661751627922	0.0841039940715	-0.121966838837	-0.102219469845	-0.0985870063305	-0.138192594051	-0.187177360058	-0.220476001501	-0.13131582737	-0.169101148844	-0.116987265646	-0.190698221326	0.0286962594837	-0.16104541719	-0.163486555219	-0.118812561035	-0.154454082251	-0.0599280595779	-0.0187328066677	0.116631902754	-0.0694970861077
343_TASK04_CON70_2.0_pos	pos	2.0	-0.421923905611	-0.404599130154	0.0738954097033	-0.456417053938	-0.537381052971	0.288505554199	-0.0993328243494	-0.113911889493	0.0753421708941	0.51818549633	0.177349433303	0.741084933281	-0.187099277973	-0.182876959443	0.326421260834	0.516984701157	0.436526745558	-0.681997835636	0.827173650265	-0.775651156902	-0.63167321682	-0.00272470666096	-0.385921120644	-0.391955167055	0.161443799734	-0.0253728944808	-0.178038030863	-0.351323544979	-0.496762156487	-0.535395622253	-0.496316462755	-0.394291013479	-0.296332895756	-0.328759580851	-0.472797930241	-0.448715746403	-0.491074562073	-0.407736331224	-0.547417461872	-0.425865381956	-0.483964562416	-0.506173014641	-0.444349914789	0.159641012549	0.0717807933688	-0.177650332451	-0.109612926841
343_TASK04_CON70_3.0_posneg	posneg	3.0	-0.273591071367	-0.249836564064	-0.0321859046817	-0.233944356441	-0.216020911932	-0.0339328981936	-0.106551937759	-0.0381427705288	0.144154712558	-0.0821080133319	-0.23263463378	0.609868168831	-0.438461691141	-0.264546096325	-0.279847145081	-0.163364723325	-0.00147637072951	-0.182485684752	0.910989999771	-0.401481568813	-0.135729834437	-0.260679930449	-0.237790942192	-0.172794520855	-0.186858534813	-0.118835106492	-0.0829468294978	0.0575674921274	-0.208654776216	-0.193443879485	-0.195374682546	-0.21810720861	-0.257773786783	-0.295927077532	-0.22630558908	-0.278120279312	-0.206117451191	-0.282015264034	-0.0347757972777	-0.241785824299	-0.251392811537	-0.218874022365	-0.248643562198	-0.0184085480869	-0.0179614834487	0.109716564417	-0.12232246995
343_TASK04_CON70_3.0_pos	pos	3.0	-0.481990069151	-0.477906852961	0.245925933123	-0.487493753433	-0.537397742271	0.169161528349	-0.168221652508	-0.10980732739	0.247028335929	0.412630230188	-0.0218136161566	0.659465372562	-0.289372503757	-0.181713283062	0.135017737746	0.380534023046	0.329174995422	-0.676657497883	0.803765714169	-0.701487958431	-0.54598993063	-0.190812304616	-0.465439289808	-0.463065862656	0.115596294403	-0.143467068672	-0.305546224117	-0.320827096701	-0.514347672462	-0.524290859699	-0.504446089268	-0.415360957384	-0.299613088369	-0.364346832037	-0.489228218794	-0.446688205004	-0.501613378525	-0.41665738821	-0.546297729015	-0.444532573223	-0.48714017868	-0.511065304279	-0.452320665121	0.0808250531554	0.0862705558538	-0.139544442296	-0.042003929615
343_TASK04_CON70_4.0_posneg	posneg	4.0	-0.418054789305	-0.355934709311	-0.0453544706106	-0.361235618591	-0.345399200916	-0.0140889668837	-0.135092839599	-0.0509462505579	0.21748906374	-0.0112966876477	-0.254651606083	0.719640552998	-0.503288567066	-0.305025398731	-0.286333531141	-0.150401741266	0.0855067074299	-0.234767302871	0.958535969257	-0.454280436039	-0.199222221971	-0.269565224648	-0.365191906691	-0.283225208521	-0.293491095304	-0.170282334089	-0.133884772658	0.0705468431115	-0.325071245432	-0.305082291365	-0.317522615194	-0.335897445679	-0.364113897085	-0.40902915597	-0.34867683053	-0.420294731855	-0.320673674345	-0.406287670135	-0.101764373481	-0.35558617115	-0.368019431829	-0.345610529184	-0.377519130707	0.0193628091365	-0.0256382934749	0.121289476752	-0.211182713509
343_TASK04_CON70_4.0_pos	pos	4.0	-0.501432299614	-0.501959681511	0.360287487507	-0.525510728359	-0.521264910698	0.0120846601203	-0.256641954184	-0.151252806187	0.401517629623	0.336687743664	-0.0653789490461	0.607272803783	-0.259345799685	-0.146762758493	0.0461314059794	0.302231371403	0.197500556707	-0.616222500801	0.721408426762	-0.644096195698	-0.508127808571	-0.276626378298	-0.477720052004	-0.473830789328	0.0763615071774	-0.217463314533	-0.392511159182	-0.360789835453	-0.495249271393	-0.518916130066	-0.499775201082	-0.395244210958	-0.299985289574	-0.328091233969	-0.448431193829	-0.42342159152	-0.495876371861	-0.385291039944	-0.523880243301	-0.429000794888	-0.46523976326	-0.491383463144	-0.429461568594	-0.0768261402845	0.0479617826641	-0.0403715781868	0.0438352413476
343_TASK04_CON70_5.0_posneg	posneg	5.0	-0.547287404537	-0.462388604879	-0.0619415529072	-0.523479521275	-0.501618862152	-0.0252505745739	-0.182319283485	-0.0656042769551	0.35194671154	0.0536264777184	-0.30270498991	0.837458312511	-0.568927884102	-0.337152391672	-0.323422849178	-0.205534234643	0.171320080757	-0.267862915993	0.981534481049	-0.485841304064	-0.230897754431	-0.288155168295	-0.497297048569	-0.410150766373	-0.417102217674	-0.2734375	-0.231501817703	0.0869429036975	-0.435011684895	-0.418069958687	-0.436064392328	-0.451105833054	-0.45914542675	-0.518350303173	-0.461477726698	-0.547440171242	-0.432211816311	-0.521748244762	-0.178051531315	-0.461428761482	-0.484305858612	-0.466272294521	-0.498598366976	0.0684843808413	-0.0574728250504	0.146083131433	-0.322865873575
343_TASK04_CON70_5.0_pos	pos	5.0	-0.486798912287	-0.481815338135	0.33955436945	-0.531840741634	-0.474990218878	-0.159758016467	-0.287667512894	-0.200715556741	0.395847797394	0.335848927498	0.143063604832	0.508072912693	-0.0871294438839	-0.0264638345689	0.0721027553082	0.350294142962	0.106415361166	-0.487766414881	0.596673488617	-0.570285260677	-0.461362272501	-0.299290508032	-0.441121816635	-0.442891746759	0.0648730024695	-0.165535733104	-0.365095674992	-0.399343073368	-0.460507452488	-0.498318552971	-0.463884532452	-0.338674664497	-0.269812822342	-0.269804090261	-0.396389633417	-0.365181833506	-0.456659942865	-0.324354171753	-0.498757719994	-0.379002720118	-0.423293560743	-0.440299153328	-0.366395950317	-0.0898195356131	0.0352551676333	-0.0653187781572	0.126257658005
343_TASK04_CON70_6.0_posneg	posneg	6.0	-0.66635710001	-0.579244613647	-0.0854185894132	-0.709878921509	-0.669482409954	-0.0887092500925	-0.30700057745	-0.142306089401	0.54267001152	0.130095243454	-0.267807751894	0.931613504887	-0.584170401096	-0.338341891766	-0.394913941622	-0.308346509933	0.248806834221	-0.228841587901	0.990729033947	-0.488141834736	-0.262739062309	-0.341676145792	-0.622756361961	-0.545762896538	-0.527401685715	-0.436028748751	-0.428876250982	-0.049353312701	-0.518136024475	-0.519311070442	-0.522099018097	-0.549773514271	-0.531114041805	-0.594774723053	-0.52923732996	-0.616919994354	-0.520962297916	-0.591266870499	-0.33997553587	-0.540082871914	-0.573324084282	-0.544057846069	-0.58138859272	0.094777725637	-0.0933430045843	0.182774364948	-0.44326210022
343_TASK04_CON70_6.0_pos	pos	6.0	-0.373035520315	-0.391573309898	0.347616821527	-0.433543175459	-0.372213214636	-0.186053231359	-0.217054530978	-0.154653891921	0.317898929119	0.317393004894	0.320361495018	0.466583132744	0.118650764227	0.135213047266	0.107869893312	0.457130372524	0.0024032345973	-0.426973521709	0.531241178513	-0.464237093925	-0.334543913603	-0.328906923532	-0.368012815714	-0.374818921089	0.0212300028652	-0.103483468294	-0.332344532013	-0.367226421833	-0.362587213516	-0.383314013481	-0.369656503201	-0.272317558527	-0.252108633518	-0.21632617712	-0.29971781373	-0.282051622868	-0.354727715254	-0.255667746067	-0.4279281497	-0.301026344299	-0.326959341764	-0.335055083036	-0.28515329957	-0.0985513031483	0.0343858376145	-0.0619560927153	0.193970426917
343_TASK04_CON70_7.0_posneg	posneg	7.0	-0.782816827297	-0.713388502598	0.0763596817851	-0.791971564293	-0.745614230633	-0.129742965102	-0.49892616272	-0.329388439655	0.679915845394	0.148616433144	0.0321910232306	0.974512279034	-0.519655048847	-0.285087883472	-0.508344292641	-0.179204896092	0.147440418601	-0.0584941729903	0.995570242405	-0.453251123428	-0.330266177654	-0.508508622646	-0.729398488998	-0.665509939194	-0.631520867348	-0.671820044518	-0.716300189495	-0.329868555069	-0.576815843582	-0.567126810551	-0.565306663513	-0.615667402744	-0.596429526806	-0.657118022442	-0.580168604851	-0.650128960609	-0.567996561527	-0.629253327847	-0.529315650463	-0.594578385353	-0.614155948162	-0.584067523479	-0.623345792294	0.0514078997076	-0.116361141205	0.199522867799	-0.519193530083
343_TASK04_CON70_7.0_pos	pos	7.0	-0.185702458024	-0.172355830669	0.281478315592	-0.276463866234	-0.181306660175	-0.167033702135	-0.0304320659488	0.0074770511128	0.194698557258	0.464856386185	0.251968413591	0.325597971678	0.0946299955249	0.237845510244	-0.0405411161482	0.356888920069	0.204116523266	-0.378689467907	0.411663740873	-0.372256875038	-0.00987651478499	-0.401269942522	-0.152797147632	-0.163231253624	0.15065664053	-0.0339993871748	-0.124703861773	-0.0768682435155	-0.078221604228	-0.170771956444	-0.183651328087	-0.146653592587	-0.196881935	0.0435788854957	-0.201542317867	-0.157935097814	-0.0966840386391	-0.134951844811	-0.224080070853	-0.124440968037	-0.136232674122	-0.177309885621	-0.13388992846	0.00692771794274	0.189487859607	-0.144168868661	0.0364794395864
343_TASK04_CON70_8.0_posneg	posneg	8.0	-0.93528431654	-0.908091008663	0.58382153511	-0.920968711376	-0.906615018845	-0.0180647186935	-0.643153250217	-0.20297883451	0.906947493553	0.71601331234	0.459725469351	0.989822924137	-0.82510560751	-0.695067465305	-0.63375133276	-0.016884047538	0.579281389713	0.136612743139	0.998299598694	-0.711850583553	-0.761169373989	-0.700812995434	-0.909803807735	-0.893146216869	-0.805196881294	-0.828125059605	-0.903667271137	-0.48097962141	-0.861730158329	-0.852774858475	-0.852740943432	-0.881068110466	-0.859211683273	-0.883716166019	-0.864484846592	-0.871633052826	-0.859621465206	-0.879372179508	-0.849312543869	-0.865205287933	-0.880278944969	-0.86238181591	-0.873435437679	0.327727466822	0.150886803865	-0.349267333746	-0.537285745144
343_TASK04_CON70_8.0_pos	pos	8.0	-0.0788940340281	-0.0569052882493	0.31708958745	-0.579852819443	-0.276975125074	-0.522618532181	-0.10071272403	-0.0131333880126	0.261718630791	-0.0858768671751	0.0933711826801	0.198568046093	-0.0658109113574	0.0177251696587	-0.124189421535	0.0321566164494	-0.139432534575	-0.28007131815	0.55225199461	-0.249282971025	-0.280732989311	-0.491569131613	-0.304854393005	-0.283090293407	-0.056782592088	-0.174751803279	-0.16833460331	-0.0778854414821	-0.0600202456117	-0.181986451149	-0.234904393554	-0.230499222875	-0.0855589285493	-0.0225691180676	-0.442171156406	-0.265868484974	-0.161057591438	-0.281385451555	-0.0453162454069	-0.0707969889045	-0.18841125071	-0.340414732695	-0.250848025084	0.366020798683	0.395811587572	-0.502212285995	-0.0510247386992
343_TASK04_CON70_9.0_posneg	posneg	9.0																																															
343_TASK04_CON70_9.0_pos	pos	9.0																																															
343_TASK04_CON70_10.0_posneg	posneg	10.0																																															
343_TASK04_CON70_10.0_pos	pos	10.0																																															
343_TASK04_CON70_11.0_posneg	posneg	11.0																																															
343_TASK04_CON70_11.0_pos	pos	11.0																																															
343_TASK04_CON70_12.0_posneg	posneg	12.0																																															
343_TASK04_CON70_12.0_pos	pos	12.0																																															
343_TASK04_CON70_13.0_posneg	posneg	13.0																																															
343_TASK04_CON70_13.0_pos	pos	13.0																																															
343_TASK04_CON71_0.0_posneg	posneg	0.0	0.0279844217002	0.0352762192488	-0.00452096527442	0.0829922482371	0.086102090776	-0.0515414774418	-0.0133208185434	-0.111286215484	-0.109828732908	0.109083600342	0.16048258543	-0.208653047681	0.273872822523	-0.00548127247021	-0.209069982171	-0.0633963868022	0.147716149688	0.483384668827	-0.226741150022	0.686206877232	0.0160380844027	-0.308465540409	0.0642963275313	0.046191137284	0.0236256141216	0.12222225219	0.105359323323	0.0198127813637	0.0641004219651	0.0412326827645	0.0534715205431	0.0339954532683	0.0522311218083	0.017573909834	0.0288065131754	0.0410552173853	0.0479824282229	0.0334823206067	0.048630528152	0.0588263981044	0.031376671046	0.04304568097	0.035402495414	0.0503699555993	-0.0574754811823	0.0085244178772	-0.0347194112837
343_TASK04_CON71_0.0_pos	pos	0.0	-0.0331247262657	-0.017964983359	-0.030689548701	-0.0650046095252	-0.0803125649691	0.0507878735662	-0.0683481767774	-0.108023963869	-0.0389213487506	0.237569928169	0.242138117552	-0.10525162518	0.345635503531	0.05303042382	-0.00384897529148	0.152229383588	0.213841319084	0.322016835213	-0.340249955654	0.576852321625	-0.189047202468	-0.206697285175	-0.0114917689934	-0.068875528872	0.190861552954	0.108850687742	0.0524737238884	-0.102634511888	-0.0810800641775	-0.115427933633	-0.0872365310788	-0.0792947113514	-0.0510239563882	-0.03977169469	-0.0445982925594	-0.0491765663028	-0.100577197969	-0.0514321476221	-0.134819045663	-0.0724671334028	-0.0897865742445	-0.072328813374	-0.070578597486	0.0226251538843	-0.0195748340338	-0.0156171219423	0.00992221664637
343_TASK04_CON71_1.0_posneg	posneg	1.0	0.0263421460986	0.0279584638774	-0.000341528269928	0.0882780104876	0.0980003029108	-0.0697840303183	-0.012977104634	-0.108204059303	-0.113679610193	0.0364783108234	0.167799770832	-0.259319782257	0.306497961283	-0.000490794540383	-0.276822119951	-0.111155122519	0.0903051048517	0.567524433136	-0.234493553638	0.778482139111	0.0696061998606	-0.37690192461	0.0576083995402	0.0480503179133	-0.0142743932083	0.102950416505	0.103076204658	0.051171541214	0.0810060203075	0.0669802129269	0.0749109983444	0.0451669469476	0.0614590272307	0.020107537508	0.0360092036426	0.0554273277521	0.0709056034684	0.0471393205225	0.0877470001578	0.0760387927294	0.0510353334248	0.0603220388293	0.0506172478199	0.0480310320854	-0.0529831014574	0.0141578670591	-0.0530976355076
343_TASK04_CON71_1.0_pos	pos	1.0	-0.0835577845573	-0.0681258067489	-0.0495766922832	-0.15649163723	-0.173767626286	0.0905780121684	-0.0994327887893	-0.0912137627602	0.0150338513777	0.203288152814	0.273903459311	-0.109343409538	0.409744501114	0.0894789099693	0.0292430408299	0.207849919796	0.151898503304	0.297195971012	-0.391841858625	0.635415494442	-0.221719831228	-0.225750088692	-0.0786898955703	-0.140004426241	0.22873403132	0.0500878915191	-0.00853490456939	-0.1437843889	-0.15320853889	-0.176338210702	-0.146450340748	-0.134609162807	-0.105291865766	-0.0700425282121	-0.082737468183	-0.088380150497	-0.161898031831	-0.0879640877247	-0.199379906058	-0.134865865111	-0.13562501967	-0.12244309485	-0.117163717747	-0.00771206337959	0.0215306673199	-0.0207957979292	0.0193650610745
343_TASK04_CON71_2.0_posneg	posneg	2.0	0.0509513840079	0.045849878341	0.00392337003723	0.113046512008	0.130106374621	-0.104983881116	-0.0100390333682	-0.109802894294	-0.134911775589	-0.0782110542059	0.211993768811	-0.334103435278	0.394418478012	0.0339024066925	-0.382665634155	-0.182138338685	-0.00038124670391	0.691605687141	-0.26389631629	0.880108356476	0.15541215241	-0.475520789623	0.0702271461487	0.070643208921	-0.0730566084385	0.0897710844874	0.118848383427	0.0967904999852	0.137856274843	0.133225798607	0.126384332776	0.0879875570536	0.100695751607	0.0498852357268	0.0757359191775	0.104157172143	0.130761146545	0.0971329137683	0.163864627481	0.131407633424	0.10946816206	0.110287599266	0.101786024868	0.0557840391994	-0.0488198176026	0.0157830044627	-0.0812275037169
343_TASK04_CON71_2.0_pos	pos	2.0	-0.131058052182	-0.119234286249	-0.0427237600088	-0.228199526668	-0.250886499882	0.123613014817	-0.140631124377	-0.100485034287	0.0620052441955	0.165492206812	0.293562799692	-0.178484126925	0.496264517307	0.094957113266	0.0272460877895	0.255234986544	0.0717441216111	0.242722839117	-0.471297562122	0.727373540401	-0.27604624629	-0.288872897625	-0.150018513203	-0.199679642916	0.226862996817	-0.0124797206372	-0.0862041711807	-0.212582945824	-0.197058394551	-0.204085052013	-0.182967767119	-0.15611025691	-0.130639076233	-0.0532833896577	-0.0798212736845	-0.0655946731567	-0.193583995104	-0.0757687538862	-0.279667675495	-0.167490214109	-0.140562057495	-0.141197830439	-0.116554647684	-0.0565513782203	0.0616446994245	-0.0372077487409	0.0894797071815
343_TASK04_CON71_3.0_posneg	posneg	3.0	0.0983510166407	0.108369924128	-0.0611778795719	0.150363013148	0.169092148542	-0.132281035185	-0.0144157893956	-0.140943288803	-0.218079075217	-0.158934056759	0.380838513374	-0.404712557793	0.629014253616	0.137233749032	-0.497601389885	-0.233280882239	-0.0488857291639	0.806552886963	-0.353659361601	0.949025273323	0.233186140656	-0.574244141579	0.114007420838	0.106594823301	-0.0789845585823	0.105832636356	0.156022757292	0.120342217386	0.222756624222	0.216309964657	0.195217460394	0.158485934138	0.173193886876	0.11653149128	0.156691774726	0.190067365766	0.213825300336	0.18949316442	0.234087616205	0.219052970409	0.19646294415	0.1898509413	0.186596944928	0.079573020339	-0.0507963299751	0.00485419342294	-0.116467304528
343_TASK04_CON71_3.0_pos	pos	3.0	-0.174506604671	-0.210171505809	0.10346211493	-0.195989131927	-0.222799092531	0.109409376979	-0.1882468611	-0.145855039358	0.0825946182013	0.0459577590227	0.213477060199	-0.312251538038	0.560960173607	-0.00487194443122	-0.0904124751687	0.22655646503	-0.116677746177	0.0649620965123	-0.510923683643	0.790126264095	-0.321211010218	-0.427050471306	-0.210592195392	-0.206378474832	0.0776392892003	-0.101820781827	-0.168325483799	-0.210333049297	-0.14204891026	-0.114705003798	-0.114046640694	-0.0971736311913	-0.0765433385968	0.0498587526381	0.03910439834	0.0890317708254	-0.123221576214	0.0521547533572	-0.313085258007	-0.107889838517	-0.0333982035518	-0.0447761677206	-0.00759559078142	-0.16266490519	0.0995811000466	-0.0117307379842	0.194703713059
343_TASK04_CON71_4.0_posneg	posneg	4.0	0.17389434576	0.205724775791	-0.164557114244	0.246278524399	0.257989853621	-0.140297815204	-0.0401577949524	-0.199795261025	-0.354586243629	-0.235490098596	0.545540750027	-0.472327888012	0.833790063858	0.318454295397	-0.576699256897	-0.234180927277	-0.141023248434	0.856401026249	-0.453056454659	0.977846682072	0.377782851458	-0.636447310448	0.216827064753	0.204889953136	-0.0490976385772	0.115782849491	0.170403450727	0.0916844233871	0.394215226173	0.384226769209	0.35372364521	0.311839669943	0.335614264011	0.292697608471	0.35996568203	0.386831790209	0.37912234664	0.389298677444	0.280895233154	0.393635451794	0.379653066397	0.371904671192	0.368982374668	0.0465971082449	-0.0513823255897	0.026591822505	-0.097943149507
343_TASK04_CON71_4.0_pos	pos	4.0	-0.115964345634	-0.23690135777	0.348509460688	0.00727978907526	-0.0286931861192	0.0407994687557	-0.0857346877456	-0.086028508842	-0.0110340155661	-0.115805462003	0.0820093676448	-0.319663584232	0.575848281384	-0.138160064816	-0.206790179014	0.177137717605	-0.336031228304	-0.174902528524	-0.423932015896	0.76732558012	-0.3618016541	-0.509810864925	-0.168227642775	-0.100140377879	-0.170869514346	-0.188643887639	-0.1728926301	-0.00181473011617	0.084647372365	0.134657010436	0.132069483399	0.111218675971	0.142246365547	0.276879996061	0.250286072493	0.329700797796	0.106096155941	0.292474836111	-0.180391743779	0.124003246427	0.221606731415	0.195833086967	0.224178850651	-0.225569933653	0.122175820172	0.037382658571	0.210130795836
343_TASK04_CON71_5.0_posneg	posneg	5.0	0.281316578388	0.32197073102	-0.225051805377	0.439760804176	0.439238905907	-0.114839576185	-0.022172126919	-0.22736133635	-0.510339796543	-0.336899131536	0.634362101555	-0.504965186119	0.917707979679	0.562235474586	-0.663449108601	-0.255185872316	-0.29434543848	0.878244817257	-0.478836327791	0.986057043076	0.665481388569	-0.684483706951	0.410314440727	0.412398099899	-0.086479447782	0.0857053473592	0.185916945338	0.146305650473	0.665291845798	0.659995138645	0.634686350822	0.572161793709	0.591401040554	0.561225831509	0.670191705227	0.65830463171	0.64563781023	0.671460866928	0.370213210583	0.657514572144	0.664152383804	0.667427837849	0.641544401646	-0.0246057379991	-0.0709343776107	0.0996142402291	-0.0691892802715
343_TASK04_CON71_5.0_pos	pos	5.0	-0.0438304953277	-0.182366088033	0.408143430948	0.170166313648	0.129704937339	0.0500480905175	0.0750694051385	0.0112002911046	-0.190505981445	-0.118143714964	0.101135872304	-0.209163308144	0.589486181736	-0.123016417027	-0.163540065289	0.251300573349	-0.37721195817	-0.244041129947	-0.337943613529	0.694204986095	-0.42903316021	-0.469862788916	-0.124587744474	-0.0433594994247	-0.232204332948	-0.241586327553	-0.161742463708	0.182354807854	0.204607263207	0.230372533202	0.231774657965	0.223729729652	0.289994329214	0.370573341846	0.289249002934	0.389452666044	0.208847373724	0.380180120468	-0.0719863921404	0.259382426739	0.325574636459	0.268211483955	0.311562269926	-0.114857397974	0.0868581533432	-0.028272587806	0.151157215238
343_TASK04_CON71_6.0_posneg	posneg	6.0	0.268116861582	0.29939904809	-0.233518257737	0.525457680225	0.499702900648	-0.0149524649605	-0.0212755519897	-0.256852000952	-0.590508460999	-0.440189272165	0.678481042385	-0.480037152767	0.948551416397	0.654879570007	-0.733580052853	-0.27514013648	-0.442416369915	0.884128153324	-0.446043282747	0.988973557949	0.727875173092	-0.723259568214	0.443349570036	0.471198707819	-0.194290727377	0.0226301643997	0.174185425043	0.200075536966	0.765955984592	0.780415594578	0.764813482761	0.671007573605	0.706620633602	0.680144965649	0.814792454243	0.774200081825	0.746876835823	0.80231064558	0.385178685188	0.76302164793	0.794150471687	0.805979251862	0.753856301308	-0.0767395347357	-0.0928943231702	0.217081293464	-0.103066176176
343_TASK04_CON71_6.0_pos	pos	6.0	-0.0361710526049	-0.122920885682	0.276178002357	0.20784804225	0.157933339477	0.0774123668671	0.158448681235	0.128504410386	-0.157729580998	-0.0310399346054	0.120123527944	-0.0332700386643	0.559113681316	-0.00680840760469	-0.0872962325811	0.303596735001	-0.296122223139	-0.200080767274	-0.230850219727	0.587686538696	-0.395446926355	-0.377118915319	-0.149965539575	-0.116813920438	-0.0904605388641	-0.228583440185	-0.122084759176	0.222025305033	0.128173366189	0.14726139605	0.215942546725	0.185645982623	0.246695250273	0.255670279264	0.205506131053	0.305263757706	0.161579996347	0.301328241825	-0.0456744916737	0.202602177858	0.225839421153	0.234679669142	0.254529386759	-0.0220366511494	-0.0630899816751	-0.0213059782982	0.100990645587
343_TASK04_CON71_7.0_posneg	posneg	7.0	0.19550485909	0.187309443951	-0.160074323416	0.460452437401	0.430874526501	-0.0496160238981	0.00942684616894	-0.164211243391	-0.477336972952	-0.382347524166	0.513809800148	-0.440459877253	0.932987213135	0.612981796265	-0.694327533245	-0.176345258951	-0.429165869951	0.777963638306	-0.437179297209	0.980536997318	0.586247503757	-0.704206824303	0.31667932868	0.322932243347	-0.167974755168	-0.028845326975	0.106558606029	0.192224219441	0.665162563324	0.690495014191	0.709206283092	0.574545204639	0.663737356663	0.639283061028	0.784803330898	0.711387217045	0.637147009373	0.769842803478	0.23419007659	0.696842372417	0.743764281273	0.781595528126	0.675210356712	-0.0578259937465	-0.114314705133	0.232833608985	-0.11776304245
343_TASK04_CON71_7.0_pos	pos	7.0	-0.0122376736253	-0.0514800995588	0.116763696074	0.160278558731	0.162116318941	-0.00576807325706	0.167777165771	0.179485008121	-0.11540735513	-0.0224739834666	0.0832553356886	0.0317650921643	0.41079172492	0.0179199911654	-0.13860706985	0.20569331944	-0.197165250778	-0.111353620887	-0.0505559854209	0.381118804216	-0.214696511626	-0.269406676292	-0.0580790266395	-0.0767839923501	0.0495940558612	-0.190624237061	-0.113145023584	0.169817849994	0.0399677380919	0.052751660347	0.186002910137	0.0680072456598	0.0979044511914	0.0725760906935	0.0295320916921	0.105272717774	0.0827594995499	0.0887728556991	0.0457162670791	0.0818394571543	0.0631902143359	0.152617558837	0.0860002413392	0.00961650628597	-0.107218913734	0.0695436969399	-0.0388895794749
343_TASK04_CON71_8.0_posneg	posneg	8.0	0.113143317401	0.155279755592	-0.149263903499	0.257711112499	0.262397527695	-0.0058634467423	0.31937533617	0.312437832355	-0.258184850216	-0.0599246993661	0.0567613914609	0.267192780972	0.130195230246	0.185880452394	0.148628383875	0.145318612456	-0.126192063093	-0.0968900248408	0.216525480151	-0.0334095992148	0.02798923105	0.164311021566	0.154912561178	0.165902644396	-0.0769626274705	-0.25237724185	-0.13729275763	0.25175768137	0.197452187538	0.110961288214	0.157634869218	0.130107849836	0.0620882846415	-0.100991092622	-0.143161222339	-0.196129590273	0.182137295604	-0.0997197255492	0.310812443495	0.190638378263	0.023309700191	0.0984250679612	-0.00693025998771	0.279745727777	-0.182295069098	-0.0223873853683	-0.212400123477
343_TASK04_CON71_8.0_pos	pos	8.0	0.113143317401	0.155279755592	-0.149263903499	0.257711112499	0.262397527695	-0.0058634467423	0.31937533617	0.312437832355	-0.258184850216	-0.0599246993661	0.0567613914609	0.267192780972	0.130195230246	0.185880452394	0.148628383875	0.145318612456	-0.126192063093	-0.0968900248408	0.216525480151	-0.0334095992148	0.02798923105	0.164311021566	0.154912561178	0.165902644396	-0.0769626274705	-0.25237724185	-0.13729275763	0.25175768137	0.197452187538	0.110961288214	0.157634869218	0.130107849836	0.0620882846415	-0.100991092622	-0.143161222339	-0.196129590273	0.182137295604	-0.0997197255492	0.310812443495	0.190638378263	0.023309700191	0.0984250679612	-0.00693025998771	0.279745727777	-0.182295069098	-0.0223873853683	-0.212400123477
343_TASK04_CON71_9.0_posneg	posneg	9.0	0.691667199135	0.578871369362	-0.383533805609	0.172369524837	0.392280638218	-0.439648777246	0.631712019444	0.576664447784	-0.571354210377	-0.00370488525368	-0.028452757746	0.545939266682	-0.235768511891	-0.0398262180388	0.247904017568	-0.257583320141	0.205052658916	0.0502409338951	0.454862207174	-0.4097866714	0.300235003233	0.450825750828	0.0604527778924	0.516364276409	-0.422850638628	-0.341288775206	-0.303731799126	0.106403768063	0.767836689949	0.0496582351625	-0.167283773422	-0.195779204369	-0.323900640011	-0.261271834373	-0.522240996361	-0.552914977074	0.424300193787	-0.441073954105	0.58360260725	0.410290271044	-0.162951648235	-0.156188026071	-0.432926803827	0.70042860508	0.11486441642	0.0103146536276	-0.595146417618
343_TASK04_CON71_9.0_pos	pos	9.0	0.691667199135	0.578871369362	-0.383533805609	0.172369524837	0.392280638218	-0.439648777246	0.631712019444	0.576664447784	-0.571354210377	-0.00370488525368	-0.028452757746	0.545939266682	-0.235768511891	-0.0398262180388	0.247904017568	-0.257583320141	0.205052658916	0.0502409338951	0.454862207174	-0.4097866714	0.300235003233	0.450825750828	0.0604527778924	0.516364276409	-0.422850638628	-0.341288775206	-0.303731799126	0.106403768063	0.767836689949	0.0496582351625	-0.167283773422	-0.195779204369	-0.323900640011	-0.261271834373	-0.522240996361	-0.552914977074	0.424300193787	-0.441073954105	0.58360260725	0.410290271044	-0.162951648235	-0.156188026071	-0.432926803827	0.70042860508	0.11486441642	0.0103146536276	-0.595146417618
343_TASK04_CON71_10.0_posneg	posneg	10.0																																															
343_TASK04_CON71_10.0_pos	pos	10.0																																															
343_TASK04_CON71_11.0_posneg	posneg	11.0																																															
343_TASK04_CON71_11.0_pos	pos	11.0																																															
343_TASK04_CON71_12.0_posneg	posneg	12.0																																															
343_TASK04_CON71_12.0_pos	pos	12.0																																															
343_TASK04_CON71_13.0_posneg	posneg	13.0																																															
343_TASK04_CON71_13.0_pos	pos	13.0																																															
343_TASK04_CON72_0.0_posneg	posneg	0.0	0.17579524219	0.181818887591	0.021698821336	0.174994364381	0.21486634016	-0.143966183066	0.0494766868651	0.0733219906688	-0.00543212983757	-0.241040945053	-0.30222761631	-0.123301573098	-0.175255596638	0.245362907648	-0.361499637365	-0.262832403183	-0.165355831385	-0.199986383319	0.167230576277	0.0644558370113	0.724838912487	-0.352897047997	0.177638113499	0.191750764847	-0.0397793985903	-0.0200850218534	0.019430283457	0.13813829422	0.21341124177	0.239711686969	0.2337474823	0.194356799126	0.16158644855	0.173461660743	0.214732542634	0.209593966603	0.240729600191	0.203297734261	0.122745864093	0.198495343328	0.228149294853	0.237841114402	0.213883131742	-0.0845526307821	-0.0480130761862	0.0931220948696	0.0488552823663
343_TASK04_CON72_0.0_pos	pos	0.0	0.0707695186138	0.13245780766	-0.126681372523	0.0221762452275	0.0286204181612	0.0139758931473	-0.0619194433093	-0.0813528671861	-0.0329534113407	0.0404503121972	-0.0441363789141	-0.0438619963825	0.040320597589	0.44838732481	-0.0524321347475	0.114373512566	0.0277478434145	-0.318742454052	-0.175145745277	-0.193121388555	0.628582000732	-0.231844291091	0.110729433596	0.0721818804741	0.215442970395	0.0265178903937	-0.0332356281579	-0.141093090177	0.0924652963877	0.0862424597144	0.0930649861693	0.0834182500839	0.0634194090962	0.144310548902	0.165185272694	0.112258695066	0.0951675698161	0.121570125222	-0.0856282189488	0.0772400200367	0.122838571668	0.133820340037	0.104742273688	-0.07525729388	0.000954675721005	0.0481102094054	0.0592778325081
343_TASK04_CON72_1.0_posneg	posneg	1.0	0.23760381341	0.25065651536	0.00193908205256	0.229463011026	0.278435111046	-0.185086101294	0.0575555935502	0.0759957432747	-0.0221109520644	-0.303305596113	-0.362174451351	-0.147259384394	-0.195696294308	0.349892318249	-0.418652921915	-0.305680543184	-0.216258242726	-0.231011837721	0.16299547255	0.0707043781877	0.818466365337	-0.406016498804	0.24338850379	0.25780248642	-0.0382771231234	-0.0208779200912	0.0237005092204	0.165717124939	0.287921786308	0.319599628448	0.31188005209	0.263527572155	0.220004037023	0.242016881704	0.302216470242	0.286189228296	0.318940073252	0.278352677822	0.161245137453	0.266789913177	0.307581990957	0.322531431913	0.290156126022	-0.11671204865	-0.0626890212297	0.130019783974	0.0651469230652
343_TASK04_CON72_1.0_pos	pos	1.0	0.130282893777	0.20170250535	-0.145672380924	0.0547839216888	0.0454207099974	0.0764293819666	-0.043251235038	-0.11347489059	-0.105503283441	0.192125454545	-0.0289430636913	-0.126998588443	0.0763656124473	0.594059169292	0.10335971415	0.249752879143	0.1523078233	-0.499674916267	-0.383475899696	-0.405112147331	0.720572650433	-0.108016878366	0.206442058086	0.153970599174	0.326719582081	0.0548521503806	-0.035508364439	-0.244322702289	0.177713811398	0.160155683756	0.171210795641	0.166329354048	0.14392901957	0.251723468304	0.271607100964	0.201514899731	0.177065193653	0.218513518572	-0.0951361581683	0.162663429976	0.221980929375	0.227473184466	0.193892776966	-0.0807110443711	0.0060786572285	0.0402694307268	0.0743681043386
343_TASK04_CON72_2.0_posneg	posneg	2.0	0.357745915651	0.378019839525	-0.057565741241	0.333116531372	0.383196145296	-0.215637609363	0.0862467586994	0.0531489029527	-0.109353847802	-0.347734004259	-0.412344187498	-0.195697873831	-0.182230949402	0.528907001019	-0.419262260199	-0.313506692648	-0.25218129158	-0.266347289085	0.0684798881412	0.0472876392305	0.906560480595	-0.39261841774	0.381727278233	0.395044952631	-0.0161644350737	-0.00791818834841	0.0350602455437	0.171945139766	0.442357748747	0.467943191528	0.462717324495	0.407565116882	0.348961949348	0.383075147867	0.461679935455	0.431515961885	0.46973246336	0.421591073275	0.260684669018	0.410805106163	0.456605583429	0.478194594383	0.439879357815	-0.147746518254	-0.0866143479943	0.17682108283	0.0782338753343
343_TASK04_CON72_2.0_pos	pos	2.0	0.268019586802	0.31670576334	-0.115857243538	0.122226960957	0.0886809453368	0.184028640389	-0.011282983236	-0.0918988510966	-0.17422965169	0.369291216135	-0.0650959908962	-0.226496934891	0.0917860120535	0.706216812134	0.258293926716	0.388724416494	0.306202679873	-0.697596132755	-0.542419791222	-0.629549384117	0.809828937054	0.0326637104154	0.371991276741	0.29802390933	0.471524268389	0.0911646410823	-0.0305397212505	-0.331364184618	0.320484012365	0.309929132462	0.331540614367	0.315382868052	0.31942230463	0.454258024693	0.466612935066	0.375297695398	0.325619995594	0.405864477158	-0.17602211237	0.32646381855	0.404039144516	0.405041277409	0.355859816074	-0.111744724214	0.0284481849521	0.0488820075989	0.0749638006091
343_TASK04_CON72_3.0_posneg	posneg	3.0	0.537800431252	0.552871406078	-0.153473168612	0.476250767708	0.507972240448	-0.16980406642	0.133079767227	0.0219256933779	-0.290044188499	-0.312186032534	-0.414853096008	-0.233298614621	-0.118457466364	0.711549162865	-0.342646598816	-0.232304468751	-0.197827428579	-0.333696216345	-0.0801853910089	-0.0173409339041	0.957712471485	-0.326163679361	0.582363665104	0.581768512726	0.116057358682	0.0330905206501	0.0518677867949	0.113219477236	0.63023763895	0.64027929306	0.643733918667	0.592000961304	0.541594684124	0.574147760868	0.649395465851	0.602244377136	0.651288747787	0.605746150017	0.365730255842	0.602237761021	0.632555663586	0.660035312176	0.620136857033	-0.183674022555	-0.106353260577	0.23046952486	0.0661391168833
343_TASK04_CON72_3.0_pos	pos	3.0	0.436181247234	0.417945474386	0.0134007707238	0.220804780722	0.193256288767	0.15676997602	0.0595141947269	0.0452580228448	-0.156976282597	0.392905175686	-0.114395447075	-0.25366923213	0.0588489659131	0.699840068817	0.27764248848	0.421008855104	0.294712543488	-0.728459119797	-0.541953206062	-0.694236576557	0.827873051167	0.0487322360277	0.477295488119	0.418410032988	0.492482662201	0.0891012325883	-0.0487844236195	-0.278265029192	0.473051846027	0.481463611126	0.470291465521	0.486176520586	0.512948870659	0.59471821785	0.584845304489	0.526255369186	0.471380263567	0.544128417969	-0.23566095531	0.497889459133	0.547773241997	0.523208558559	0.508258581161	-0.108196124434	0.0207861997187	0.0211176387966	0.113536581397
343_TASK04_CON72_4.0_posneg	posneg	4.0	0.707495212555	0.716856598854	-0.226690277457	0.633899927139	0.656925082207	-0.157864674926	0.204946711659	0.0342337563634	-0.475005835295	-0.242184400558	-0.415764063597	-0.254552066326	-0.0775176361203	0.83350288868	-0.3113078475	-0.16722625494	-0.110832989216	-0.38802215457	-0.161818936467	-0.0705925226212	0.977428555489	-0.309722393751	0.759706437588	0.760853946209	0.255374878645	0.0907208323479	0.0887702926993	0.0852820947766	0.789220035076	0.793081641197	0.791312038898	0.756271243095	0.72127944231	0.732055485249	0.795687556267	0.741558492184	0.805039703846	0.760515332222	0.492033153772	0.769877970219	0.779978692532	0.805145204067	0.769409358501	-0.197109341621	-0.151085868478	0.263071686029	0.0599382817745
343_TASK04_CON72_4.0_pos	pos	4.0	0.362410336733	0.324736684561	0.0335849225521	0.182002976537	0.195421591401	0.0619455017149	0.0581299029291	0.102747902274	-0.0501649044454	0.279593765736	-0.095648996532	-0.257447212934	0.106627620757	0.622974097729	0.245190232992	0.383402615786	0.131089165807	-0.644740343094	-0.512090981007	-0.589000105858	0.761148691177	0.0105068804696	0.394104748964	0.336090028286	0.46853095293	-0.00608847942203	-0.154831066728	-0.196969270706	0.42603841424	0.446625262499	0.393677473068	0.455894857645	0.496116101742	0.527273893356	0.470210671425	0.451764881611	0.407022893429	0.453001946211	-0.203785657883	0.453726649284	0.4730656147	0.411761015654	0.445651888847	-0.067988678813	0.036262974143	-0.0266555994749	0.109303101897
343_TASK04_CON72_5.0_posneg	posneg	5.0	0.794247567654	0.8114554286	-0.324712097645	0.736815810204	0.755941927433	-0.159192293882	0.253212451935	0.042753148824	-0.619697332382	-0.231951087713	-0.416637390852	-0.269885748625	-0.0218176320195	0.908741414547	-0.375321775675	-0.170722916722	-0.060457918793	-0.39179739356	-0.200494900346	-0.0601907782257	0.985802829266	-0.382185876369	0.856359243393	0.866068184376	0.406773865223	0.134366169572	0.108985804021	0.0632611513138	0.874188065529	0.87900197506	0.876921415329	0.852727413177	0.833070456982	0.824042618275	0.872200965881	0.826821744442	0.888392686844	0.850238442421	0.611301362514	0.865445971489	0.865090370178	0.88507527113	0.855264604092	-0.227767929435	-0.182448893785	0.326886326075	0.0147691508755
343_TASK04_CON72_5.0_pos	pos	5.0	0.218342512846	0.201904803514	-0.0428367964923	0.114025682211	0.179972782731	-0.0898075923324	-0.0125870201737	0.0284933373332	-0.0146669102833	0.192185267806	-0.0453215762973	-0.245663791895	0.207780376077	0.594232141972	0.266670703888	0.382955670357	-0.0228826664388	-0.546994626522	-0.512237071991	-0.412696659565	0.676458239555	0.0277994256467	0.378976583481	0.289109230042	0.462405502796	0.0254859514534	-0.110215350986	-0.151784896851	0.371912419796	0.367658019066	0.335566669703	0.402776002884	0.476924538612	0.435995668173	0.359456717968	0.400516152382	0.33153629303	0.372997015715	-0.152969717979	0.410148143768	0.365049302578	0.316542685032	0.383276820183	-0.0490387380123	-0.0562783069909	0.0749489367008	0.0971530750394
343_TASK04_CON72_6.0_posneg	posneg	6.0	0.854954123497	0.880502462387	-0.537346124649	0.812368512154	0.825959026814	-0.213200986385	0.20579867065	-0.0763567239046	-0.733939290047	-0.378162890673	-0.340809494257	-0.263317942619	0.238954544067	0.957972705364	-0.603630423546	-0.210998207331	-0.161302909255	-0.296191543341	-0.208269298077	0.218843579292	0.991121590137	-0.644805371761	0.91629242897	0.924172759056	0.598722398281	0.241877257824	0.15761397779	0.00748273637146	0.934812963009	0.937249422073	0.936663866043	0.931203901768	0.917919039726	0.895336747169	0.932959616184	0.910125017166	0.946241974831	0.927075386047	0.71896469593	0.937714993954	0.931522369385	0.941483855247	0.93267673254	-0.341045260429	-0.325992584229	0.558822393417	-0.084048256278
343_TASK04_CON72_6.0_pos	pos	6.0	0.101500801742	0.116577625275	-0.151102393866	0.0851761251688	0.177529513836	-0.173080250621	-0.114766590297	-0.0846434310079	-0.00755896884948	0.242230534554	-0.00230618729256	-0.203432068229	0.326609373093	0.492090672255	0.283074110746	0.425772726536	-0.0461657606065	-0.488326996565	-0.471465826035	-0.184348404408	0.504413664341	-0.0131817758083	0.33009621501	0.222500190139	0.407040894032	0.0667569488287	-0.0195947717875	-0.144107162952	0.352280944586	0.276482492685	0.318911701441	0.338471978903	0.440665990114	0.367922186852	0.288452118635	0.352654844522	0.262756198645	0.303771317005	-0.1605540663	0.37932112813	0.271649956703	0.266572266817	0.314876556396	-0.0128248399124	-0.141560658813	0.172600835562	0.00403097551316
343_TASK04_CON72_7.0_posneg	posneg	7.0	0.864938318729	0.901927292347	-0.77351808548	0.848231911659	0.86105799675	-0.347603023052	-0.0172839090228	-0.361811906099	-0.82187640667	-0.565517067909	-0.0880762934685	-0.0411598756909	0.742476582527	0.982387542725	-0.818185865879	-0.0413857288659	-0.458771675825	-0.125705316663	-0.0354196168482	0.653686642647	0.995854437351	-0.865156233311	0.959529280663	0.957603752613	0.68907636404	0.181946307421	-0.0395069979131	-0.263798773289	0.955620467663	0.953461170197	0.955027282238	0.964660346508	0.951157987118	0.925208747387	0.96110701561	0.939006268978	0.967595279217	0.960313975811	0.79801261425	0.963610827923	0.954133987427	0.963044047356	0.9647783041	-0.374068140984	-0.535929441452	0.756717383862	-0.291381150484
343_TASK04_CON72_7.0_pos	pos	7.0	0.086292155087	0.144522443414	-0.228371188045	0.189512431622	0.187875837088	0.0182016883045	-0.0518023073673	-0.044860675931	-0.0765705406666	0.168820843101	-0.0516699589789	-0.157964035869	0.283343017101	0.352648317814	0.121533229947	0.356953293085	-0.0545479692519	-0.384653329849	-0.38374966383	-0.0293661300093	0.435883164406	-0.142793208361	0.251021742821	0.18669526279	0.315297663212	0.0489446856081	0.0572634190321	-0.0227332171053	0.361507892609	0.283685058355	0.352715313435	0.336134254932	0.33506911993	0.332586944103	0.299369335175	0.335417091846	0.319125533104	0.316417783499	-0.0687917396426	0.349850565195	0.28982296586	0.306595861912	0.33156400919	-0.101408325136	-0.0580942630768	0.269005715847	-0.0700885802507
343_TASK04_CON72_8.0_posneg	posneg	8.0	0.856307625771	0.890512168407	-0.783107459545	0.825679719448	0.855275690556	-0.339194774628	-0.210458531976	-0.499494224787	-0.823456227779	-0.525345087051	0.238976120949	0.0754640549421	0.852804362774	0.992858946323	-0.789582431316	0.256070137024	-0.56772428751	0.0215232316405	0.0797600746155	0.709881365299	0.995964467525	-0.879069924355	0.962257385254	0.954738557339	0.673231780529	0.0720728188753	-0.173333317041	-0.273375868797	0.952879488468	0.94043046236	0.953440308571	0.970438301563	0.94649708271	0.924650907516	0.965411543846	0.936021506786	0.968186199665	0.964660465717	0.825407326221	0.964258134365	0.950919747353	0.964452683926	0.969263017178	-0.475906461477	-0.532440423965	0.835122346878	-0.234360858798
343_TASK04_CON72_8.0_pos	pos	8.0	-0.0451517552137	0.0497363768518	-0.200648769736	0.379966557026	0.300439268351	0.168651685119	0.0468370057642	-0.0208823475987	-0.364586085081	-0.168788388371	0.116889119148	-0.0278751160949	0.240132585168	0.352405250072	0.208700180054	0.235796391964	-0.283226311207	-0.372768878937	-0.428100675344	-0.125226125121	0.400263160467	-0.0252789631486	0.112877219915	0.18451975286	0.0519773252308	0.025146573782	0.13772021234	0.270155191422	0.423801332712	0.369753569365	0.396809369326	0.391089886427	0.153634056449	0.333122164011	0.232567682862	0.321394652128	0.414980202913	0.308492362499	0.354448020458	0.34255361557	0.345239132643	0.331075280905	0.370723515749	-0.196990475059	0.228178188205	0.205699384212	-0.0792118385434
343_TASK04_CON72_9.0_posneg	posneg	9.0																																															
343_TASK04_CON72_9.0_pos	pos	9.0																																															
343_TASK04_CON72_10.0_posneg	posneg	10.0																																															
343_TASK04_CON72_10.0_pos	pos	10.0																																															
343_TASK04_CON72_11.0_posneg	posneg	11.0																																															
343_TASK04_CON72_11.0_pos	pos	11.0																																															
343_TASK04_CON72_12.0_posneg	posneg	12.0																																															
343_TASK04_CON72_12.0_pos	pos	12.0																																															
343_TASK04_CON72_13.0_posneg	posneg	13.0																																															
343_TASK04_CON72_13.0_pos	pos	13.0																																															
343_TASK04_CON73_0.0_posneg	posneg	0.0	0.0520714148879	0.0380957722664	0.0265457425267	0.0523252487183	0.0174430161715	0.0917946994305	0.125775575638	0.0749945789576	-0.0633637085557	0.164683878422	0.087056607008	0.0287898369133	0.0621499828994	0.026217918843	0.586576223373	0.265836387873	0.0728126391768	-0.257228463888	-0.319129556417	-0.352809429169	-0.33246871829	0.746760070324	0.0556617490947	0.0542119815946	-0.0204174872488	0.044983305037	0.0397313684225	-0.0349234119058	0.0418413504958	0.0387772880495	-0.00416134158149	0.0504223443568	0.0814695879817	0.0737241208553	0.00516864703968	0.0247955787927	0.0260854493827	0.0484788157046	0.0423273593187	0.0633830279112	0.0581887103617	-0.0023660256993	0.0369464308023	0.103207558393	0.0483681224287	-0.119740560651	-0.0204944461584
343_TASK04_CON73_0.0_pos	pos	0.0	0.00809215009212	0.0210745111108	-0.0334611237049	-0.0657888129354	-0.0895423814654	0.0764248371124	0.0260312110186	0.0405098572373	0.0335291959345	0.21377928555	0.151779294014	0.0635161176324	0.0971525683999	0.0201201252639	0.571199834347	0.340416640043	0.10179566592	-0.296106487513	-0.377511888742	-0.45039960742	-0.451288104057	0.678170859814	-0.0230755824596	-0.0728350579739	0.162628054619	0.0708936452866	0.0134557820857	-0.143194273114	-0.112108461559	-0.12892884016	-0.124517142773	-0.0802407935262	-0.060149371624	-0.00175673712511	-0.0545662790537	-0.0502272099257	-0.131305783987	-0.0535509549081	-0.171646982431	-0.0999265015125	-0.0876161679626	-0.0992455407977	-0.0747274234891	0.00444025360048	0.0351214557886	-0.0731998831034	0.0948699936271
343_TASK04_CON73_1.0_posneg	posneg	1.0	0.0829792097211	0.0625008121133	0.0406569801271	0.0755310580134	0.0292881559581	0.121165990829	0.169826298952	0.109304875135	-0.0811259299517	0.221809506416	0.104392595589	0.0377026423812	0.0748001560569	0.0352853536606	0.693666160107	0.339614778757	0.104680113494	-0.331676512957	-0.373320966959	-0.423426926136	-0.392970502377	0.832338213921	0.0824096277356	0.0774768814445	-0.0197768900543	0.06173748523	0.0563310645521	-0.0421487018466	0.0560559742153	0.0507980398834	-0.0017244243063	0.0711347907782	0.112037658691	0.103878118098	0.0132789229974	0.0383676365018	0.036721739918	0.0703974366188	0.0445608608425	0.0858319252729	0.0783945843577	0.00125572248362	0.0534844100475	0.129931092262	0.0617678202689	-0.15674392879	-0.021279392764
343_TASK04_CON73_1.0_pos	pos	1.0	-0.00564815429971	0.0211272835732	-0.0542994402349	-0.109443925321	-0.13292504847	0.0972931757569	0.0219150558114	0.0744075030088	0.0711699277163	0.264347225428	0.11573587358	0.0392291396856	0.0618687197566	-0.0333818346262	0.630806922913	0.382262021303	0.134057283401	-0.436224371195	-0.431637048721	-0.554490923882	-0.532909929752	0.738640367985	-0.0540704764426	-0.131287023425	0.26568081975	0.0529714971781	-0.0293753575534	-0.203504756093	-0.214441463351	-0.237451687455	-0.190891906619	-0.154418706894	-0.146913677454	-0.0698125436902	-0.10923101753	-0.11562307179	-0.22317969799	-0.127739056945	-0.283203035593	-0.200400158763	-0.18886834383	-0.160731911659	-0.148120358586	-0.0506114773452	0.0067908456549	-0.0472594611347	0.17726431787
343_TASK04_CON73_2.0_posneg	posneg	2.0	0.166284739971	0.139580950141	0.0550563149154	0.116259582341	0.0561474561691	0.146690294147	0.224643692374	0.183105126023	-0.08197671175	0.318798482418	0.0877116099	0.0508216358721	0.0606632009149	0.0429094657302	0.798726797104	0.427527457476	0.172623246908	-0.469426482916	-0.416637986898	-0.526945710182	-0.447229623795	0.905124306679	0.139155074954	0.114479094744	0.0372477136552	0.0888232216239	0.0800011977553	-0.0515985004604	0.0586496517062	0.0422737076879	-0.00757191004232	0.0947265923023	0.153838351369	0.15183904767	0.0312863737345	0.0595088042319	0.0367009341717	0.103155001998	-0.0147773902863	0.104699835181	0.0901002809405	0.0032677105628	0.0732434093952	0.16085755825	0.0516974553466	-0.204873353243	0.0204961579293
343_TASK04_CON73_2.0_pos	pos	2.0	-0.113492891192	-0.0732825547457	-0.0692681893706	-0.206471309066	-0.233357638121	0.17989782989	-0.00442790053785	0.116978764534	0.139701887965	0.313080459833	0.0121568609029	-0.0749341025949	-0.0526287294924	-0.191444292665	0.710857510567	0.409397244453	0.165520220995	-0.591959774494	-0.517538905144	-0.672035098076	-0.641019165516	0.810001015663	-0.163752645254	-0.264182418585	0.380567312241	-0.00436683883891	-0.123302862048	-0.295213729143	-0.389851748943	-0.408668845892	-0.324598073959	-0.314377963543	-0.319002240896	-0.234440550208	-0.258039534092	-0.258961588144	-0.388212054968	-0.293893098831	-0.424853622913	-0.379052072763	-0.366255670786	-0.300384968519	-0.306749492884	-0.130514517426	0.011365913786	-0.0387579761446	0.271755874157
343_TASK04_CON73_3.0_posneg	posneg	3.0	0.251635700464	0.235738247633	0.00582014257088	0.14847561717	0.0748271495104	0.190147191286	0.287135928869	0.305040538311	-0.0556186847389	0.430853337049	0.0166282095015	0.0593383684754	-0.00410763267428	0.0254258513451	0.875739991665	0.496245056391	0.267030924559	-0.621327102184	-0.442112565041	-0.634857833385	-0.49304112792	0.955341279507	0.180211499333	0.117187492549	0.188388377428	0.108622305095	0.0773491114378	-0.0893142670393	-0.0107386466116	-0.0452901832759	-0.0718520954251	0.0596415251493	0.131330609322	0.135085090995	-0.0122292237356	0.0142263099551	-0.0291216857731	0.0673492476344	-0.132650256157	0.0522600673139	0.0253492351621	-0.0527385286987	0.0288549270481	0.186978176236	0.015143734403	-0.26605656743	0.123333215714
343_TASK04_CON73_3.0_pos	pos	3.0	-0.281173884869	-0.288202732801	0.0588241107762	-0.342844426632	-0.345996588469	0.231883391738	-0.0560048818588	0.154224142432	0.25168928504	0.263081014156	-0.212825730443	-0.311033040285	-0.283868908882	-0.408429771662	0.72515386343	0.294415086508	0.137596681714	-0.665822148323	-0.550846755505	-0.720771193504	-0.666743099689	0.828139305115	-0.324970066547	-0.396420776844	0.339352011681	-0.0992205440998	-0.211147993803	-0.291436523199	-0.511221706867	-0.50817066431	-0.447529554367	-0.426936209202	-0.429713964462	-0.349099069834	-0.41260060668	-0.382706046104	-0.502113103867	-0.419642627239	-0.497872203588	-0.491682678461	-0.46726796031	-0.439668864012	-0.428743392229	-0.182833090425	0.138869553804	-0.138124734163	0.319198518991
343_TASK04_CON73_4.0_posneg	posneg	4.0	0.293623238802	0.304975092411	-0.133648887277	0.13762909174	0.0807120352983	0.190180614591	0.353453963995	0.427050888538	0.00561336008832	0.46023234725	-0.207040414214	0.0541517063975	-0.200572252274	-0.0294910818338	0.91732352972	0.453591704369	0.314068973064	-0.725326418877	-0.390971213579	-0.70903635025	-0.463044762611	0.977308094501	0.177404969931	0.0958662554622	0.289902687073	0.0608127824962	0.00376814766787	-0.123675771058	-0.147441238165	-0.188952773809	-0.207776159048	-0.0386969782412	0.0029745195061	-0.019996823743	-0.163308233023	-0.154453679919	-0.156717419624	-0.0943945720792	-0.167248725891	-0.0871233046055	-0.131670027971	-0.192855298519	-0.108493342996	0.210550069809	0.0111056603491	-0.317216336727	0.189703807235
343_TASK04_CON73_4.0_pos	pos	4.0	-0.2077062428	-0.327725768089	0.303072750568	-0.310961395502	-0.287565022707	0.104646027088	-0.0365410558879	0.110646314919	0.22794854641	0.212889045477	-0.362943679094	-0.471961319447	-0.418640255928	-0.509521961212	0.687075674534	0.111579596996	0.219355508685	-0.640207350254	-0.525835514069	-0.675970196724	-0.622445344925	0.78974199295	-0.306138396263	-0.330608934164	0.110456369817	0.0279588680714	-0.0247700121254	-0.107892043889	-0.437590926886	-0.41833794117	-0.374385684729	-0.34473836422	-0.337425410748	-0.259232789278	-0.373683333397	-0.304092675447	-0.42922347784	-0.345037102699	-0.381133556366	-0.408245950937	-0.374373883009	-0.384896159172	-0.356096178293	-0.100803442299	0.193067699671	-0.209003090858	0.257181167603
343_TASK04_CON73_5.0_posneg	posneg	5.0	0.361078053713	0.392617017031	-0.255670279264	0.105695605278	0.0842722132802	0.127356052399	0.410876244307	0.488219290972	0.00823621544987	0.470435738564	-0.428669512272	0.0338682085276	-0.402799189091	-0.125298634171	0.934473514557	0.299082875252	0.441695719957	-0.785144865513	-0.300091683865	-0.764289140701	-0.409964352846	0.981591820717	0.195846259594	0.131873816252	0.250920236111	0.0814854577184	-0.00587802939117	-0.15173317492	-0.261735767126	-0.286307930946	-0.310813337564	-0.120306357741	-0.143037989736	-0.188996016979	-0.307378441095	-0.330221325159	-0.259301662445	-0.267517656088	-0.0859426259995	-0.225345730782	-0.272072553635	-0.311353474855	-0.241820305586	0.192411258817	0.0272844024003	-0.303088337183	0.175703883171
343_TASK04_CON73_5.0_pos	pos	5.0	-0.0755161643028	-0.276194036007	0.415865689516	-0.29128459096	-0.248278573155	0.0180857609957	-0.00962339527905	0.0833680927753	0.18303206563	0.179048955441	-0.37077370286	-0.51651853323	-0.438230901957	-0.541285932064	0.641401767731	0.0455651432276	0.287228912115	-0.590375065804	-0.523265719414	-0.628989458084	-0.609290957451	0.733697772026	-0.262802541256	-0.268752753735	-0.0185953099281	0.112057834864	0.10070617497	0.0256688129157	-0.387250393629	-0.371086448431	-0.336494773626	-0.277760058641	-0.259221196175	-0.159683808684	-0.339588701725	-0.249416604638	-0.387975215912	-0.286694437265	-0.320487737656	-0.343848854303	-0.305979609489	-0.356670677662	-0.307456731796	-0.0367191024125	0.228275835514	-0.244272038341	0.203086674213
343_TASK04_CON73_6.0_posneg	posneg	6.0	0.378024309874	0.378240704536	-0.178725346923	0.013487146236	0.0188685804605	0.0622752383351	0.356776386499	0.444837719202	0.0417049713433	0.442598432302	-0.470456600189	-0.101672135293	-0.489869326353	-0.269761264324	0.928805887699	0.10479837656	0.510678887367	-0.747867524624	-0.272572845221	-0.766727268696	-0.43703263998	0.973823845387	0.133513107896	0.108239851892	0.0899314284325	0.119826816022	0.0513505935669	-0.103091172874	-0.352280199528	-0.3459841609	-0.339422762394	-0.198037087917	-0.248936876655	-0.245565772057	-0.335477679968	-0.413143575191	-0.344057500362	-0.349221915007	-0.0834769681096	-0.327104777098	-0.337424248457	-0.349147200584	-0.326577007771	0.0806186422706	0.063624791801	-0.203585341573	0.15850302577
343_TASK04_CON73_6.0_pos	pos	6.0	0.0523707084358	-0.180806413293	0.414717704058	-0.255831182003	-0.197791472077	0.00373054412194	-0.0261945929378	0.0293709300458	0.117484621704	0.22343224287	-0.302829802036	-0.475663036108	-0.37909963727	-0.499332547188	0.622112393379	0.102516077459	0.308910429478	-0.533266305923	-0.499895244837	-0.565882265568	-0.629368782043	0.661953091621	-0.175513505936	-0.185992240906	-0.0084955310449	0.0995925143361	0.156934708357	0.146050289273	-0.361061394215	-0.35424810648	-0.322390645742	-0.234402909875	-0.177750512958	-0.07388715446	-0.308528989553	-0.215652450919	-0.365265190601	-0.242478370667	-0.338417410851	-0.301501631737	-0.260977953672	-0.345702528954	-0.281081646681	0.0521401427686	0.206553921103	-0.302486777306	0.186657220125
343_TASK04_CON73_7.0_posneg	posneg	7.0	0.25191962719	0.222375020385	-0.014489880763	-0.0429569259286	-0.024421447888	0.00134472060017	0.210714176297	0.292764306068	0.0107367485762	0.363506555557	-0.317924320698	-0.144095763564	-0.431279480457	-0.278885453939	0.860960423946	0.0900689661503	0.397187948227	-0.587876081467	-0.227162390947	-0.7615686059	-0.411339968443	0.911210775375	0.082199677825	0.0892407521605	-0.0272453110665	0.102052778006	0.141001299024	0.0590286068618	-0.305651217699	-0.251355618238	-0.251537203789	-0.102429665625	-0.183032557368	-0.136739879847	-0.25905457139	-0.305312514305	-0.245773687959	-0.273607164621	-0.0859769433737	-0.269970566034	-0.236487597227	-0.274340599775	-0.21595184505	0.0123588293791	0.0899800956249	-0.190498411655	0.176734238863
343_TASK04_CON73_7.0_pos	pos	7.0	0.125280365348	0.00359837710857	0.242011234164	-0.142328605056	-0.113149598241	0.0132796755061	0.0366925038397	0.0929396003485	0.0694030821323	0.289858400822	-0.135178089142	-0.356026679277	-0.257251679897	-0.330051094294	0.519776701927	0.136198624969	0.327966451645	-0.336938083172	-0.379939317703	-0.427099764347	-0.512669205666	0.533873200417	-0.0858566686511	-0.139269545674	0.0133106736466	0.0154484705999	0.0987118631601	0.185969501734	-0.261881649494	-0.257332384586	-0.248182475567	-0.145646631718	-0.129654869437	0.0601882040501	-0.290254473686	-0.150114044547	-0.250088721514	-0.187285736203	-0.276073902845	-0.20736990869	-0.151649355888	-0.299627393484	-0.200012996793	0.0832269638777	0.236541375518	-0.323618978262	0.132757246494
343_TASK04_CON73_8.0_posneg	posneg	8.0	0.200187534094	0.150124043226	0.134026840329	0.0280533973128	-0.0268803332001	0.103331372142	0.027004590258	0.0247331932187	-0.0280060376972	0.240965127945	-0.0106868473813	-0.149441406131	-0.0715242996812	-0.156973525882	0.392602741718	0.177518978715	0.258199751377	-0.180174916983	-0.239847511053	-0.216194480658	-0.364340633154	0.367196649313	-0.00940119661391	-0.0815162062645	0.101825840771	0.0338497459888	0.0535376556218	0.0741810724139	-0.166985049844	-0.114628180861	-0.101926803589	-0.0841899514198	-0.233319759369	-0.0674715712667	-0.240483909845	-0.13454207778	-0.0988629087806	-0.206647366285	-0.0364788509905	-0.186664819717	-0.118499435484	-0.180684089661	-0.142368465662	-0.0399053096771	0.0852367132902	-0.163282200694	0.161281481385
343_TASK04_CON73_8.0_pos	pos	8.0	0.200187534094	0.150124043226	0.134026840329	0.0280533973128	-0.0268803332001	0.103331372142	0.027004590258	0.0247331932187	-0.0280060376972	0.240965127945	-0.0106868473813	-0.149441406131	-0.0715242996812	-0.156973525882	0.392602741718	0.177518978715	0.258199751377	-0.180174916983	-0.239847511053	-0.216194480658	-0.364340633154	0.367196649313	-0.00940119661391	-0.0815162062645	0.101825840771	0.0338497459888	0.0535376556218	0.0741810724139	-0.166985049844	-0.114628180861	-0.101926803589	-0.0841899514198	-0.233319759369	-0.0674715712667	-0.240483909845	-0.13454207778	-0.0988629087806	-0.206647366285	-0.0364788509905	-0.186664819717	-0.118499435484	-0.180684089661	-0.142368465662	-0.0399053096771	0.0852367132902	-0.163282200694	0.161281481385
343_TASK04_CON73_9.0_posneg	posneg	9.0	0.224772781134	0.0526141598821	0.163912534714	-0.0323692820966	-0.0424192510545	0.150464743376	-0.249993830919	-0.0972592383623	0.28277477622	-0.199499696493	-0.251485824585	-0.219769224524	-0.279701590538	-0.20883987844	0.379984915257	-0.0786253586411	0.0300459638238	-0.280307471752	-0.0317312851548	-0.321369081736	-0.550279140472	0.46507614851	-0.102638408542	-0.149373054504	-0.0359253175557	0.142481639981	-0.252677828074	-0.113668106496	0.174801960588	-0.247437044978	-0.257659167051	-0.32906973362	-0.299763560295	-0.103248737752	-0.0334557183087	-0.239065662026	-0.201455622911	-0.171841487288	-0.0743005722761	-0.0899337232113	-0.119889177382	-0.172978460789	-0.355197042227	-0.145894959569	0.0717420354486	-0.0567006841302	0.113200105727
343_TASK04_CON73_9.0_pos	pos	9.0	0.224772781134	0.0526141598821	0.163912534714	-0.0323692820966	-0.0424192510545	0.150464743376	-0.249993830919	-0.0972592383623	0.28277477622	-0.199499696493	-0.251485824585	-0.219769224524	-0.279701590538	-0.20883987844	0.379984915257	-0.0786253586411	0.0300459638238	-0.280307471752	-0.0317312851548	-0.321369081736	-0.550279140472	0.46507614851	-0.102638408542	-0.149373054504	-0.0359253175557	0.142481639981	-0.252677828074	-0.113668106496	0.174801960588	-0.247437044978	-0.257659167051	-0.32906973362	-0.299763560295	-0.103248737752	-0.0334557183087	-0.239065662026	-0.201455622911	-0.171841487288	-0.0743005722761	-0.0899337232113	-0.119889177382	-0.172978460789	-0.355197042227	-0.145894959569	0.0717420354486	-0.0567006841302	0.113200105727
343_TASK04_CON73_10.0_posneg	posneg	10.0																																															
343_TASK04_CON73_10.0_pos	pos	10.0																																															
343_TASK04_CON73_11.0_posneg	posneg	11.0																																															
343_TASK04_CON73_11.0_pos	pos	11.0																																															
343_TASK04_CON73_12.0_posneg	posneg	12.0																																															
343_TASK04_CON73_12.0_pos	pos	12.0																																															
343_TASK04_CON73_13.0_posneg	posneg	13.0																																															
343_TASK04_CON73_13.0_pos	pos	13.0																																															
343_TASK05_CON13_0.0_posneg	posneg	0.0	0.765413582325	0.733944535255	0.351123005152	0.810629963875	0.835595428944	-0.363519906998	0.479417383671	0.0986336022615	-0.496222913265	0.549352526665	0.0325575768948	0.0378618426621	0.0619514212012	0.144853115082	0.0773951634765	0.0744325742126	0.543518960476	-0.0291948672384	-0.0887006670237	-0.00630891975015	0.081247895956	0.0983222052455	0.915744960308	0.914261758327	-0.237348034978	0.61438202858	0.568190693855	0.139672845602	0.822013556957	0.749622642994	0.803170442581	0.846545875072	0.799598038197	0.724388539791	0.80842000246	0.814714491367	0.840287208557	0.837271273136	0.332914829254	0.83507925272	0.77399200201	0.829268693924	0.857349932194	-0.096968203783	-0.500097751617	0.245385408401	0.345836013556
343_TASK05_CON13_0.0_pos	pos	0.0	0.72046148777	0.632247269154	0.404256373644	0.728711307049	0.749671638012	-0.347973555326	0.21727488935	-0.0127730024979	-0.200066462159	0.575435578823	-0.0438608750701	-0.0538768060505	-0.0592544414103	-0.0160640534014	0.00308385002427	-0.0298999641091	0.584930062294	0.0164371356368	-0.0766953751445	-0.0574024058878	0.00803874339908	0.0727991014719	0.868339657784	0.859725952148	-0.106884919107	0.546229183674	0.512940585613	0.138864010572	0.742822229862	0.625157773495	0.718527078629	0.774456977844	0.744178712368	0.680896222591	0.752504348755	0.786693871021	0.739270746708	0.772037565708	0.011471982114	0.756798148155	0.661337435246	0.74627584219	0.79566937685	-0.196620762348	-0.459582179785	0.284166842699	0.349011272192
343_TASK05_CON13_1.0_posneg	posneg	1.0	0.794837415218	0.760176301003	0.371238350868	0.840462446213	0.865805506706	-0.393667757511	0.525911450386	0.126550197601	-0.541507422924	0.5951628685	0.0328979827464	0.0457931123674	0.0718225240707	0.161088988185	0.0862172469497	0.0829255506396	0.587042629719	-0.044526103884	-0.0929632484913	-0.0028064979706	0.0962185785174	0.10926528275	0.934564471245	0.934303760529	-0.266487836838	0.656044900417	0.609949588776	0.152040213346	0.850019156933	0.78159558773	0.830704271793	0.876262784004	0.827721655369	0.751277565956	0.835222899914	0.839953839779	0.870746135712	0.863752663136	0.3686221838	0.863142430782	0.80330067873	0.856861650944	0.885242640972	-0.104677639902	-0.523022413254	0.259304076433	0.369582027197
343_TASK05_CON13_1.0_pos	pos	1.0	0.707232236862	0.597326159477	0.409152776003	0.698865771294	0.718044519424	-0.328256458044	0.168321594596	0.0151343131438	-0.104825980961	0.552985846996	-0.0794443115592	-0.0638971179724	-0.0878818407655	-0.0433404892683	-0.0235140658915	-0.059946373105	0.565251946449	-0.0085126478225	-0.0330864600837	-0.0640365183353	0.012304703705	0.0545236617327	0.850706100464	0.841647684574	-0.0975778996944	0.511724889278	0.480984300375	0.149225369096	0.717111587524	0.594557404518	0.693525910378	0.763681292534	0.73002153635	0.669261753559	0.738997042179	0.779195129871	0.711460232735	0.754267930984	-0.0521653927863	0.734116077423	0.630950629711	0.720896303654	0.784866154194	-0.239825621247	-0.431529670954	0.297434598207	0.354103416204
343_TASK05_CON13_2.0_posneg	posneg	2.0	0.82411468029	0.782972037792	0.395679593086	0.869074344635	0.893927037716	-0.420478790998	0.569736838341	0.168167620897	-0.579146921635	0.650823414326	0.0259166918695	0.0417310297489	0.0789727047086	0.167855173349	0.0965597480536	0.086891040206	0.641115903854	-0.0700001344085	-0.104933075607	0.00340028177015	0.10748963058	0.128478214145	0.951638221741	0.952306687832	-0.299619287252	0.703354418278	0.657772362232	0.16661863029	0.877409815788	0.81197476387	0.857556521893	0.904086947441	0.854026317596	0.777750611305	0.861126422882	0.865846097469	0.898856043816	0.888696789742	0.401877850294	0.889223217964	0.831115186214	0.882924735546	0.911467850208	-0.117838926613	-0.542093157768	0.274133890867	0.394951015711
343_TASK05_CON13_2.0_pos	pos	2.0	0.675999104977	0.54677760601	0.39421710372	0.657373964787	0.670618891716	-0.282934397459	0.127734020352	0.0750441476703	0.000546806142665	0.499050140381	-0.106195934117	-0.0655465200543	-0.11042381078	-0.0661206617951	-0.0542961731553	-0.0855431854725	0.513303875923	-0.0301857180893	0.0290625430644	-0.0707136541605	0.0211684890091	0.0226711351424	0.816505849361	0.809197843075	-0.102873288095	0.453405827284	0.428723424673	0.165646180511	0.676059246063	0.551527500153	0.651511788368	0.741172134876	0.70021122694	0.645555973053	0.706286251545	0.753949761391	0.669205129147	0.720355212688	-0.108165346086	0.696354031563	0.588098585606	0.676744699478	0.759601652622	-0.277272522449	-0.378295898438	0.298839896917	0.340554952621
343_TASK05_CON13_3.0_posneg	posneg	3.0	0.848609864712	0.797102212906	0.420772463083	0.88992613554	0.913364350796	-0.428271323442	0.603684186935	0.238698899746	-0.590051054955	0.705732405186	0.0141861299053	0.0217710509896	0.079834125936	0.160922661424	0.116393007338	0.0903639048338	0.690773785114	-0.109829753637	-0.134591773152	-0.00142624927685	0.10422527045	0.166425958276	0.963337957859	0.964105188847	-0.326063930988	0.743673622608	0.700289785862	0.183716788888	0.898030936718	0.834662616253	0.878728330135	0.924545764923	0.872583091259	0.800878584385	0.882299125195	0.887250304222	0.919239342213	0.908456027508	0.41594722867	0.9079631567	0.852934360504	0.903228700161	0.930797338486	-0.138619422913	-0.549195408821	0.284444451332	0.417614459991
343_TASK05_CON13_3.0_pos	pos	3.0	0.630476474762	0.485040515661	0.367705196142	0.604250371456	0.609472036362	-0.225036010146	0.0801225975156	0.117751330137	0.0828323811293	0.454326808453	-0.112452343106	-0.0643017292023	-0.116367667913	-0.0859539955854	-0.0674382671714	-0.0957457125187	0.465125083923	-0.0366435609758	0.0735941007733	-0.0712417811155	0.00493818614632	0.0055020977743	0.770745277405	0.763706684113	-0.106411069632	0.400797992945	0.384147584438	0.172171413898	0.624177873135	0.492602437735	0.597416102886	0.70423322916	0.649782001972	0.604289710522	0.655187129974	0.714093804359	0.615271687508	0.671340465546	-0.148393973708	0.644100487232	0.52998393774	0.618621170521	0.720619380474	-0.29371997714	-0.325343191624	0.289778649807	0.316589564085
343_TASK05_CON13_4.0_posneg	posneg	4.0	0.866161048412	0.799413621426	0.433221042156	0.903026878834	0.923881351948	-0.405408769846	0.621925771236	0.341610908508	-0.56379288435	0.750518321991	0.0104939723387	0.00316204410046	0.0830171108246	0.145280897617	0.132650077343	0.0916464328766	0.727479100227	-0.126541897655	-0.16199490428	0.0017851088196	0.0885615497828	0.201391860843	0.969786286354	0.970666885376	-0.341313004494	0.777392625809	0.736952722073	0.199072688818	0.910747170448	0.847835421562	0.890177667141	0.937435925007	0.884639263153	0.816495478153	0.89246827364	0.901039958	0.931864321232	0.920945525169	0.400946348906	0.920318484306	0.867037534714	0.913406670094	0.942682981491	-0.159378781915	-0.53276437521	0.281432360411	0.422986268997
343_TASK05_CON13_4.0_pos	pos	4.0	0.565688490868	0.405466765165	0.338640451431	0.531646430492	0.530244708061	-0.171796172857	0.0218272637576	0.111877925694	0.116707541049	0.416255414486	-0.115664578974	-0.0711783617735	-0.11772993952	-0.115294344723	-0.0662902668118	-0.106021806598	0.425254106522	-0.0335541665554	0.0943572372198	-0.0483569204807	-0.0419271327555	0.0181417874992	0.70258307457	0.698609828949	-0.124553605914	0.364053964615	0.345096319914	0.142727792263	0.559186756611	0.42317700386	0.526459991932	0.646358370781	0.577258050442	0.538068652153	0.580910980701	0.65133279562	0.545229911804	0.599121451378	-0.161158010364	0.574959814548	0.456554204226	0.540337443352	0.658004939556	-0.294263422489	-0.270232617855	0.278269827366	0.273225009441
343_TASK05_CON13_5.0_posneg	posneg	5.0	0.86114013195	0.763161838055	0.422796726227	0.898130714893	0.917594969273	-0.332840383053	0.579304933548	0.418280988932	-0.470153659582	0.779380679131	0.0221003461629	-0.00130798679311	0.0833769589663	0.106676898897	0.150612220168	0.0934373289347	0.74538064003	-0.102432362735	-0.173968434334	0.00647967029363	0.0265952888876	0.235734462738	0.968834578991	0.969961881638	-0.339973986149	0.793261289597	0.754982829094	0.200362235308	0.907628536224	0.835750997066	0.881464719772	0.938344240189	0.880107581615	0.808184921741	0.884370923042	0.898077726364	0.931548297405	0.920634746552	0.329063266516	0.92008459568	0.859942674637	0.907389760017	0.943521678448	-0.164302706718	-0.473590672016	0.251669198275	0.390173792839
343_TASK05_CON13_5.0_pos	pos	5.0	0.463653355837	0.305645108223	0.298467189074	0.418848127127	0.411564052105	-0.116085015237	-0.0192062743008	0.0871346890926	0.110196761787	0.353126883507	-0.106622837484	-0.0689236968756	-0.103109456599	-0.124204143882	-0.0516662485898	-0.105624012649	0.354494273663	-0.0338689833879	0.0801079124212	-0.0137196909636	-0.0741130486131	0.0474172271788	0.594304978848	0.596857964993	-0.135802581906	0.302188068628	0.279546827078	0.088665343821	0.453412622213	0.320783823729	0.411204665899	0.544954538345	0.463605195284	0.416018605232	0.460822284222	0.535335481167	0.433950811625	0.476102292538	-0.148121073842	0.464045763016	0.340673178434	0.419183939695	0.546396136284	-0.259962618351	-0.206634536386	0.239428386092	0.208155095577
343_TASK05_CON13_6.0_posneg	posneg	6.0	0.830530762672	0.689626276493	0.407587200403	0.867665886879	0.890136539936	-0.231376767159	0.46536847949	0.409597426653	-0.319766253233	0.780643582344	0.032402060926	0.0201616119593	0.068471327424	0.0538794063032	0.146519750357	0.0881615802646	0.739383637905	-0.0758154913783	-0.132018655539	-0.00863927416503	-0.0576124191284	0.229465484619	0.957673788071	0.95973944664	-0.316741228104	0.783039987087	0.743573784828	0.178423807025	0.874481499195	0.780925631523	0.834536135197	0.919404387474	0.847197830677	0.751361370087	0.839378237724	0.863942623138	0.907263696194	0.894499003887	0.229220882058	0.896360754967	0.814762234688	0.868379831314	0.924707531929	-0.146294057369	-0.379741758108	0.205504640937	0.31276756525
343_TASK05_CON13_6.0_pos	pos	6.0	0.328335791826	0.202404424548	0.254205107689	0.293340474367	0.293134510517	-0.068405546248	-0.019670413807	0.0833109095693	0.0947371870279	0.231417909265	-0.0629717409611	-0.0411951988935	-0.0638085305691	-0.0941627174616	-0.0112496428192	-0.0692604854703	0.228663384914	-0.0309331528842	0.0495235361159	-0.00470967730507	-0.0804963484406	0.0747689753771	0.412668973207	0.436692684889	-0.166113853455	0.235761791468	0.20910820365	0.0336956046522	0.315590947866	0.226045310497	0.271220088005	0.408699959517	0.34287661314	0.286453872919	0.30382719636	0.388169318438	0.30194875598	0.335319787264	-0.106610968709	0.334820300341	0.23583881557	0.27384698391	0.402402073145	-0.193038552999	-0.107870265841	0.163421228528	0.114481523633
343_TASK05_CON13_7.0_posneg	posneg	7.0	0.664660334587	0.465006768703	0.317550837994	0.709926605225	0.75255972147	-0.0997635051608	0.224677577615	0.24227912724	-0.090797573328	0.580348372459	0.0301375035197	0.0372668169439	0.0417183823884	0.0320364944637	0.121024042368	0.0750355944037	0.50980246067	-0.0587561316788	-0.0834031552076	-0.042184162885	-0.0682309791446	0.171745494008	0.866740226746	0.879293441772	-0.217020243406	0.609588623047	0.563771545887	0.0776916593313	0.683836221695	0.564194202423	0.602991342545	0.797651946545	0.681888699532	0.533190965652	0.62895488739	0.718837201595	0.750340819359	0.744705736637	0.0845750942826	0.742461979389	0.613536655903	0.656984448433	0.810889363289	-0.112592823803	-0.192624941468	0.131998792291	0.162993013859
343_TASK05_CON13_7.0_pos	pos	7.0	0.139763861895	0.0723458006978	0.108703672886	0.0947930514812	0.104577288032	-0.00472040753812	-0.0361605510116	0.0264824405313	0.0743113085628	0.0779605731368	-0.027056157589	0.0102221379057	-0.00595655990764	-0.020942946896	0.0267538968474	-0.00559061486274	0.0693331584334	-0.0704543292522	0.0163189545274	-0.00144139828626	-0.0449019894004	0.0734189003706	0.168704882264	0.17879973352	-0.130861878395	0.158096373081	0.139074370265	-0.00202641170472	0.153438851237	0.140567392111	0.169335052371	0.233017280698	0.184959203005	0.171828866005	0.192799597979	0.227224454284	0.163378953934	0.199262231588	-0.0375804416835	0.172029733658	0.146097227931	0.173055753112	0.225346460938	-0.151416406035	-0.00927734095603	0.142040327191	-0.0347310639918
343_TASK05_CON13_8.0_posneg	posneg	8.0	0.0444154888391	0.0274061821401	0.0578347444534	-0.036485016346	-0.01264123898	-0.0587468333542	0.0182262808084	0.114412344992	0.0679342076182	-0.108483850956	-0.0461142808199	-0.00459792464972	0.0602916255593	0.0573883019388	0.0726025253534	0.0336652249098	-0.107632599771	-0.251162052155	-0.135593354702	0.14773273468	0.106448449194	0.127770215273	0.103870257735	0.0410429760814	-0.0871756598353	0.0500228963792	0.0543713234365	0.0505728125572	0.186863288283	0.167830124497	0.195180222392	0.134997799993	0.189578473568	0.209431648254	0.183904662728	0.164354756474	0.174983456731	0.186599269509	-0.0676102563739	0.188282608986	0.189389154315	0.184867724776	0.162381485105	-0.153651744127	0.0294221695513	0.186952978373	-0.228116035461
343_TASK05_CON13_8.0_pos	pos	8.0	0.0444154888391	0.0274061821401	0.0578347444534	-0.036485016346	-0.01264123898	-0.0587468333542	0.0182262808084	0.114412344992	0.0679342076182	-0.108483850956	-0.0461142808199	-0.00459792464972	0.0602916255593	0.0573883019388	0.0726025253534	0.0336652249098	-0.107632599771	-0.251162052155	-0.135593354702	0.14773273468	0.106448449194	0.127770215273	0.103870257735	0.0410429760814	-0.0871756598353	0.0500228963792	0.0543713234365	0.0505728125572	0.186863288283	0.167830124497	0.195180222392	0.134997799993	0.189578473568	0.209431648254	0.183904662728	0.164354756474	0.174983456731	0.186599269509	-0.0676102563739	0.188282608986	0.189389154315	0.184867724776	0.162381485105	-0.153651744127	0.0294221695513	0.186952978373	-0.228116035461
343_TASK05_CON13_9.0_posneg	posneg	9.0	0.269680023193	-0.439467608929	0.241549655795	-0.274993777275	-0.190968319774	0.163664907217	-0.345099687576	-0.371789425611	-0.0114178601652	0.0321030467749	-0.414405763149	-0.449387222528	-0.568275868893	-0.437513291836	-0.762832820415	-0.50661355257	0.0783880054951	-0.149188160896	-0.0355520471931	-0.526619017124	-0.0274537913501	0.178448185325	0.585089564323	0.984099686146	0.376167654991	-0.105794243515	0.105966836214	0.585310697556	-0.922381520271	-0.579257488251	-0.282341778278	-0.832391083241	-0.518163442612	-0.555326044559	-0.0784903392196	0.490409702063	-0.616022109985	-0.349791824818	0.0952570289373	-0.639396846294	-0.658871114254	-0.11328098923	-0.365830540657	-0.0561963506043	0.655247986317	-0.225660130382	-0.0660128220916
343_TASK05_CON13_9.0_pos	pos	9.0	0.269680023193	-0.439467608929	0.241549655795	-0.274993777275	-0.190968319774	0.163664907217	-0.345099687576	-0.371789425611	-0.0114178601652	0.0321030467749	-0.414405763149	-0.449387222528	-0.568275868893	-0.437513291836	-0.762832820415	-0.50661355257	0.0783880054951	-0.149188160896	-0.0355520471931	-0.526619017124	-0.0274537913501	0.178448185325	0.585089564323	0.984099686146	0.376167654991	-0.105794243515	0.105966836214	0.585310697556	-0.922381520271	-0.579257488251	-0.282341778278	-0.832391083241	-0.518163442612	-0.555326044559	-0.0784903392196	0.490409702063	-0.616022109985	-0.349791824818	0.0952570289373	-0.639396846294	-0.658871114254	-0.11328098923	-0.365830540657	-0.0561963506043	0.655247986317	-0.225660130382	-0.0660128220916
343_TASK05_CON13_10.0_posneg	posneg	10.0																																															
343_TASK05_CON13_10.0_pos	pos	10.0																																															
343_TASK05_CON13_11.0_posneg	posneg	11.0																																															
343_TASK05_CON13_11.0_pos	pos	11.0																																															
343_TASK05_CON13_12.0_posneg	posneg	12.0																																															
343_TASK05_CON13_12.0_pos	pos	12.0																																															
343_TASK05_CON13_13.0_posneg	posneg	13.0																																															
343_TASK05_CON13_13.0_pos	pos	13.0																																															
343_TASK05_CON14_0.0_posneg	posneg	0.0	0.728149235249	0.69411188364	0.346148133278	0.819892764091	0.843489408493	-0.35907921195	0.457820296288	0.0654141157866	-0.508852362633	0.493001848459	0.0151693373919	0.0340323112905	0.0377918966115	0.129130244255	0.0576504804194	0.0528947114944	0.491150557995	-0.0285792984068	-0.0632807612419	-0.016431633383	0.091905772686	0.0856034979224	0.894036054611	0.926195263863	-0.36122033	0.609932243824	0.555660843849	0.127424433827	0.846370756626	0.790283560753	0.828862130642	0.859490096569	0.79774916172	0.725550889969	0.804360330105	0.820875167847	0.867039620876	0.837563216686	0.403984665871	0.848744869232	0.801295638084	0.843241035938	0.868158698082	-0.100041918457	-0.469443708658	0.24190710485	0.317721188068
343_TASK05_CON14_0.0_pos	pos	0.0	0.681455373764	0.581867754459	0.417259663343	0.741926729679	0.761139035225	-0.347990840673	0.237708315253	-0.013555620797	-0.212486743927	0.560611724854	-0.027585349977	-0.0614439956844	-0.0554154850543	-0.0316782556474	0.0143242049962	-0.0293513517827	0.570961713791	0.0567167960107	-0.091266259551	-0.0461307875812	-0.0214346367866	0.08196298033	0.838187932968	0.875467121601	-0.204555302858	0.565269052982	0.521888911724	0.138088181615	0.771173834801	0.674645721912	0.747968673706	0.789916038513	0.750958859921	0.690278232098	0.742384195328	0.789371371269	0.769504785538	0.771285176277	0.0739284306765	0.777297914028	0.698770642281	0.759902834892	0.806329727173	-0.190901294351	-0.425770133734	0.27574673295	0.30890968442
343_TASK05_CON14_1.0_posneg	posneg	1.0	0.756639719009	0.720542907715	0.363547325134	0.84756398201	0.871143043041	-0.389038443565	0.495505422354	0.0837153568864	-0.551333129406	0.530418097973	0.0136432992294	0.0448230877519	0.0442648567259	0.145766317844	0.061693046242	0.0588916055858	0.527139902115	-0.0431092232466	-0.0599608458579	-0.01578075625	0.110137827694	0.0907689630985	0.914502501488	0.943049490452	-0.395990073681	0.650097548962	0.595548868179	0.138356119394	0.871374428272	0.818174779415	0.853595018387	0.886692225933	0.826364219189	0.752726793289	0.83121919632	0.844768762589	0.893054306507	0.863809883595	0.439206629992	0.87519711256	0.828234553337	0.86882430315	0.893539130688	-0.108924388885	-0.492068141699	0.258133172989	0.337522625923
343_TASK05_CON14_1.0_pos	pos	1.0	0.664689898491	0.550873637199	0.413607746363	0.710383653641	0.72687035799	-0.331807762384	0.206454381347	0.0266482308507	-0.127219706774	0.537115931511	-0.0525760911405	-0.0617418512702	-0.0752379894257	-0.050639424473	-0.00651407893747	-0.0499389283359	0.548507153988	0.036947235465	-0.0493519343436	-0.0522187240422	-0.0192043781281	0.0610807202756	0.814529716969	0.857054531574	-0.185653075576	0.531618237495	0.491313844919	0.147310242057	0.743883550167	0.641972184181	0.722957611084	0.780169665813	0.740515053272	0.679793655872	0.728723585606	0.779048264027	0.740245938301	0.754249095917	0.00524565670639	0.756177008152	0.668662965298	0.734855055809	0.794511556625	-0.235916733742	-0.400445401669	0.293795913458	0.313972115517
343_TASK05_CON14_2.0_posneg	posneg	2.0	0.78572165966	0.743046760559	0.388236314058	0.874394655228	0.897618114948	-0.418362379074	0.535488188267	0.115255534649	-0.586918115616	0.579030394554	0.0115594994277	0.0466859303415	0.0521127805114	0.158581241965	0.0686787590384	0.0646238178015	0.573818445206	-0.0598962754011	-0.0670002475381	-0.0118392994627	0.125464484096	0.101813398302	0.934493422508	0.958251833916	-0.434075713158	0.696811079979	0.643814504147	0.155225336552	0.895895719528	0.845831036568	0.878715634346	0.911862194538	0.8532076478	0.782978892326	0.857280910015	0.869771420956	0.917464137077	0.889174640179	0.471231281757	0.899902999401	0.855842232704	0.89371573925	0.917250871658	-0.120707795024	-0.510313749313	0.272974967957	0.356823056936
343_TASK05_CON14_2.0_pos	pos	2.0	0.630497813225	0.508879244328	0.387972712517	0.66064709425	0.672013282776	-0.295222878456	0.184013754129	0.0953187867999	-0.0342366360128	0.494526058435	-0.0712851062417	-0.0541585572064	-0.0852546691895	-0.0708897560835	-0.0252463854849	-0.0649343207479	0.503987967968	0.00980476103723	0.00563326524571	-0.0507376678288	-0.0265955850482	0.0390141606331	0.773514509201	0.824527204037	-0.166273996234	0.471136718988	0.436372667551	0.149989843369	0.69780933857	0.586402535439	0.675892353058	0.756201267242	0.71111369133	0.65518206358	0.694989264011	0.74897736311	0.69169074297	0.718762516975	-0.0650415048003	0.716639220715	0.619369983673	0.688461780548	0.765775203705	-0.267250716686	-0.363428086042	0.29916498065	0.309624731541
343_TASK05_CON14_3.0_posneg	posneg	3.0	0.810938954353	0.757666528225	0.415942072868	0.896392822266	0.917979478836	-0.43398553133	0.570664942265	0.168387413025	-0.600459039211	0.63046848774	0.00604048883542	0.0359457880259	0.0563063547015	0.15950371325	0.0831598713994	0.0701079964638	0.620323121548	-0.0851185545325	-0.0877556428313	-0.0138146895915	0.128222674131	0.126661792397	0.949670433998	0.968506336212	-0.465694457293	0.742921471596	0.69242566824	0.178911373019	0.914539396763	0.867918431759	0.89820098877	0.930513381958	0.874881148338	0.809367775917	0.877884328365	0.889877617359	0.935201108456	0.90903377533	0.48857781291	0.918401539326	0.878168165684	0.912574410439	0.934628069401	-0.13460315764	-0.515603244305	0.281299233437	0.367998570204
343_TASK05_CON14_3.0_pos	pos	3.0	0.581566095352	0.456726700068	0.352354079485	0.603244304657	0.609273016453	-0.245988532901	0.143126830459	0.13903157413	0.0403010472655	0.457867473364	-0.0777033865452	-0.0470697470009	-0.0868147462606	-0.0908281803131	-0.0387896969914	-0.0749173313379	0.465073227882	-0.00144878274295	0.0536362752318	-0.0367749221623	-0.0481099262834	0.0225126314908	0.72315877676	0.780729174614	-0.153829202056	0.420642733574	0.391287595034	0.140184730291	0.640703141689	0.519730091095	0.618259549141	0.716383814812	0.660460352898	0.614647507668	0.645382165909	0.704355835915	0.633934557438	0.668588101864	-0.113504298031	0.662359833717	0.558243572712	0.630203902721	0.722211480141	-0.288540065289	-0.321945101023	0.297798424959	0.288797438145
343_TASK05_CON14_4.0_posneg	posneg	4.0	0.831806838512	0.764564037323	0.438508927822	0.910218954086	0.929766833782	-0.416749089956	0.596549153328	0.257138222456	-0.577009499073	0.678192019463	0.00140507624019	0.0312334056944	0.0593953132629	0.148153752089	0.117806367576	0.0838416665792	0.659421741962	-0.127940878272	-0.110547691584	-0.0346707180142	0.103487156332	0.178975209594	0.959919095039	0.974182009697	-0.488513797522	0.784636616707	0.736352920532	0.200450494885	0.926118552685	0.880017280579	0.909672737122	0.942244946957	0.89004701376	0.829363584518	0.891420006752	0.903176784515	0.945864439011	0.923226952553	0.472735226154	0.930631399155	0.892456650734	0.924103915691	0.945571899414	-0.153974696994	-0.503228127956	0.282763123512	0.370603114367
343_TASK05_CON14_4.0_pos	pos	4.0	0.513577520847	0.391329675913	0.307025849819	0.533090651035	0.534796237946	-0.196101918817	0.0825795009732	0.133159771562	0.0775015577674	0.424994170666	-0.0748386234045	-0.0385343916714	-0.0803964361548	-0.102903224528	-0.0431632436812	-0.078488945961	0.430631130934	-0.00526462495327	0.0790625438094	-0.00875138957053	-0.0726084113121	0.0155370477587	0.659853994846	0.716305673122	-0.154323577881	0.377266436815	0.342234075069	0.0919644162059	0.568659484386	0.438970655203	0.539648771286	0.659474909306	0.588132977486	0.541938006878	0.571366548538	0.629743456841	0.558738470078	0.592788279057	-0.128798231483	0.589440762997	0.474785089493	0.549588620663	0.654288232327	-0.289685100317	-0.277451872826	0.284732103348	0.25581869483
343_TASK05_CON14_5.0_posneg	posneg	5.0	0.832763671875	0.741951167583	0.440213531256	0.911706030369	0.929563701153	-0.352680683136	0.583034932613	0.365486890078	-0.494928330183	0.725615739822	0.0128447348252	0.0436794236302	0.0669275596738	0.116030722857	0.153904944658	0.103059716523	0.697643399239	-0.148528590798	-0.119790904224	-0.051971334964	0.0294416379184	0.225033611059	0.963548898697	0.974718034267	-0.474625259638	0.813105523586	0.765733838081	0.19967405498	0.925588190556	0.870951354504	0.90458792448	0.945907652378	0.892371714115	0.828483223915	0.887749254704	0.902534842491	0.945815980434	0.925798237324	0.402536600828	0.933183014393	0.889052927494	0.921255767345	0.948099255562	-0.161395028234	-0.459367513657	0.259010106325	0.351612985134
343_TASK05_CON14_5.0_pos	pos	5.0	0.39969855547	0.289230436087	0.262895047665	0.437539696693	0.43265491724	-0.125528842211	0.0379695631564	0.109905429184	0.0704215988517	0.369017809629	-0.0563438422978	-0.0379238799214	-0.0599530935287	-0.10730151087	-0.0218942277133	-0.0708940923214	0.370477586985	-0.00537671521306	0.0593284368515	0.0249146539718	-0.100921183825	0.0403832234442	0.556144356728	0.611495554447	-0.178210496902	0.308083236217	0.265543311834	0.0240283384919	0.457318305969	0.337913691998	0.418486267328	0.566443145275	0.47533556819	0.424035102129	0.447822153568	0.50843334198	0.443991452456	0.469305902719	-0.102834835649	0.475302100182	0.359537780285	0.42153429985	0.545166492462	-0.26025146246	-0.20376059413	0.241888403893	0.190425753593
343_TASK05_CON14_6.0_posneg	posneg	6.0	0.805683970451	0.689480900764	0.425680875778	0.897549331188	0.91810387373	-0.250409901142	0.512581706047	0.413001954556	-0.367815196514	0.784817993641	0.0421349778771	0.0594222247601	0.0735563412309	0.0440584421158	0.16961415112	0.109627336264	0.755594611168	-0.104541383684	-0.114769004285	-0.0386849418283	-0.116720885038	0.238245397806	0.958553135395	0.969007849693	-0.430713385344	0.819363415241	0.771604180336	0.164675146341	0.903710067272	0.830820560455	0.871151030064	0.937321543694	0.875985622406	0.792942285538	0.852157354355	0.876054883003	0.930082857609	0.909340202808	0.303081154823	0.920810520649	0.860807597637	0.892253160477	0.936853349209	-0.144074305892	-0.38988623023	0.213432446122	0.299350500107
343_TASK05_CON14_6.0_pos	pos	6.0	0.270222306252	0.181839078665	0.218570694327	0.311803936958	0.312384784222	-0.0464823134243	0.0269585195929	0.0904340744019	0.0390460602939	0.288243502378	-0.0266558397561	-0.0108614396304	-0.0153759960085	-0.069978877902	0.0175520498306	-0.0304104629904	0.266602724791	-0.0380732603371	0.0168719720095	0.0397500880063	-0.0985208526254	0.068239890039	0.405948102474	0.44424366951	-0.176873415709	0.195800229907	0.156813532114	-0.0457328371704	0.29836755991	0.217377781868	0.254770308733	0.424173593521	0.33002358675	0.290748029947	0.292635798454	0.362084448338	0.286678701639	0.320016920567	-0.0612361952662	0.323815822601	0.233106389642	0.260523498058	0.397308260202	-0.208574816585	-0.109549447894	0.174893140793	0.107848286629
343_TASK05_CON14_7.0_posneg	posneg	7.0	0.762513518333	0.613583981991	0.40627732873	0.868531286716	0.890687227249	-0.146357297897	0.393704473972	0.35346108675	-0.252664864063	0.803012609482	0.0681750923395	0.0584701858461	0.0908114910126	0.0074687153101	0.201715171337	0.121782578528	0.762655556202	-0.0682128444314	-0.137440398335	-0.00154657650273	-0.206968232989	0.26151689887	0.946271598339	0.953501880169	-0.357379883528	0.77742856741	0.720872879028	0.0984031260014	0.844393730164	0.741566240788	0.779513239861	0.914297103882	0.823975682259	0.702066063881	0.772655785084	0.82473295927	0.882612764835	0.860212683678	0.22330828011	0.877246379852	0.782257914543	0.812902331352	0.906609475613	-0.125514656305	-0.317851811647	0.173927456141	0.209343388677
343_TASK05_CON14_7.0_pos	pos	7.0	0.10012666136	0.0223031118512	0.139270395041	0.102755978703	0.115228176117	-0.00984992738813	-0.032176848501	0.00652967626229	0.0354121439159	0.151296958327	-0.0122663369402	-0.0218980032951	-0.00518587557599	-0.0354294925928	0.040151130408	-0.00985770113766	0.137904763222	-0.0518194362521	-0.0444675944746	0.0161505825818	-0.0621651187539	0.100023373961	0.198386877775	0.18706472218	-0.174847185612	0.110025979578	0.0867141261697	-0.0774704888463	0.105520442128	0.099161863327	0.129857033491	0.216243505478	0.15108011663	0.139943554997	0.156997650862	0.193623945117	0.119358733296	0.159082099795	0.0045304778032	0.126431927085	0.0993657186627	0.130326166749	0.200810283422	-0.176898062229	-0.0296610463411	0.157218202949	-0.0213399864733
343_TASK05_CON14_8.0_posneg	posneg	8.0	0.577950358391	0.348301768303	0.253749519587	0.722420036793	0.748289763927	-0.0757748633623	0.211697995663	0.174891769886	-0.146754339337	0.646908164024	0.0386114194989	-0.035472471267	0.0622088834643	-0.0127483429387	0.161066502333	0.0669305175543	0.592837572098	-0.0142508549616	-0.188262030482	0.049981020391	-0.159851640463	0.225084155798	0.886868715286	0.882196962833	-0.215757995844	0.572253108025	0.513357758522	0.0288094002753	0.581407666206	0.505802631378	0.52920126915	0.805509746075	0.644313216209	0.450192838907	0.529429912567	0.678202152252	0.690697848797	0.702841043472	0.127055510879	0.717247009277	0.532842934132	0.564076066017	0.793600797653	-0.115669384599	-0.225305408239	0.142869487405	0.109083235264
343_TASK05_CON14_8.0_pos	pos	8.0	-0.0122695453465	-0.102154031396	0.188753694296	-0.0727141350508	-0.073111474514	-0.0320469923317	-0.197939842939	0.000880858569872	0.191981360316	0.0246350429952	-0.117304071784	-0.0776472911239	-0.0672247484326	-0.0209446400404	0.00275396276265	-0.0609227009118	0.0442047640681	-0.143201231956	-0.0846164748073	0.0436760038137	0.0646977424622	0.154958665371	0.130788683891	0.0718734264374	-0.189112082124	0.0644606724381	0.112542957067	0.0851659178734	0.148616090417	0.154384791851	0.199368461967	0.204307243228	0.170275747776	0.205457985401	0.200360879302	0.20733949542	0.17536136508	0.203351154923	-0.0900604277849	0.159686431289	0.166421204805	0.186989530921	0.212114423513	-0.270020157099	-0.0531155243516	0.26207152009	-0.0773417651653
343_TASK05_CON14_9.0_posneg	posneg	9.0																																															
343_TASK05_CON14_9.0_pos	pos	9.0																																															
343_TASK05_CON14_10.0_posneg	posneg	10.0																																															
343_TASK05_CON14_10.0_pos	pos	10.0																																															
343_TASK05_CON14_11.0_posneg	posneg	11.0																																															
343_TASK05_CON14_11.0_pos	pos	11.0																																															
343_TASK05_CON14_12.0_posneg	posneg	12.0																																															
343_TASK05_CON14_12.0_pos	pos	12.0																																															
343_TASK05_CON14_13.0_posneg	posneg	13.0																																															
343_TASK05_CON14_13.0_pos	pos	13.0																																															
343_TASK05_CON15_0.0_posneg	posneg	0.0	-0.18184299767	-0.153688877821	-0.139483883977	-0.367387652397	-0.364109188318	0.131211921573	-0.10506413877	0.0780438035727	0.218224719167	-0.0034882039763	0.0695955827832	0.00748367281631	0.0893871635199	0.0431252345443	0.0512287020683	0.0734859704971	-0.022947140038	0.00196524243802	-0.0808641985059	0.0412848554552	-0.0436951108277	0.00436139060184	-0.268984347582	-0.393617451191	0.656908690929	-0.223133593798	-0.162825942039	0.0276281572878	-0.419190317392	-0.459777325392	-0.430365294218	-0.388073116541	-0.315464377403	-0.315789729357	-0.317076414824	-0.356212586164	-0.427375555038	-0.331858128309	-0.388806462288	-0.378976583481	-0.416696667671	-0.386117607355	-0.379035621881	0.141340985894	0.0964483469725	-0.161844149232	-0.0346563234925
343_TASK05_CON15_0.0_pos	pos	0.0	-0.054514888674	-0.0688098594546	-0.00596915651113	-0.136752098799	-0.140531241894	0.0146438842639	-0.089162170887	-0.022767201066	0.123753793538	0.102927021682	0.0950752049685	-0.00290875486098	0.08909214288	0.0167485699058	0.0711291581392	0.06841622293	0.0893496200442	0.0995700210333	-0.118309386075	0.0672610327601	-0.0907150357962	0.0287272017449	-0.115914836526	-0.189363285899	0.334443897009	-0.0113693010062	-0.00180481316056	0.0403391495347	-0.180596366525	-0.230085939169	-0.197854012251	-0.20130674541	-0.110356196761	-0.12753982842	-0.159525439143	-0.164107605815	-0.214463114738	-0.154598727822	-0.240178495646	-0.156198486686	-0.200027510524	-0.186692714691	-0.194411382079	0.0913255214691	0.00686647882685	-0.050039652735	-0.0785695686936
343_TASK05_CON15_1.0_posneg	posneg	1.0	-0.240477010608	-0.201848477125	-0.189332768321	-0.471711337566	-0.470097273588	0.176447108388	-0.143838882446	0.0990372821689	0.292356580496	-0.00533006479964	0.0926644355059	0.0108322836459	0.120250619948	0.0544546842575	0.0638748183846	0.0956551581621	-0.0301732756197	0.00954209920019	-0.10922268033	0.0655204132199	-0.0633057430387	0.000100348406704	-0.360164672136	-0.513668060303	0.766927838326	-0.297135233879	-0.214624360204	0.0487326681614	-0.535694777966	-0.580932617188	-0.547658979893	-0.502310812473	-0.412949353456	-0.415051728487	-0.414328604937	-0.463089108467	-0.55100530386	-0.437708318233	-0.483536869287	-0.491769999266	-0.53620660305	-0.499793410301	-0.493533551693	0.184309378266	0.126518815756	-0.207319334149	-0.0503426454961
343_TASK05_CON15_1.0_pos	pos	1.0	-0.0449749529362	-0.0546962469816	-0.00906223524362	-0.0889188572764	-0.0952983647585	0.0150346877053	-0.0673290118575	-0.027037717402	0.0913203954697	0.0975750312209	0.0904926136136	0.0189380161464	0.0812220275402	0.0151952551678	0.047760989517	0.0524419546127	0.0915390178561	0.125129282475	-0.0852377340198	0.0897231772542	-0.081192240119	0.00580537458882	-0.101381123066	-0.16150586307	0.27443048358	0.00978305656463	0.0271348394454	0.0838516876101	-0.140422597528	-0.178843334317	-0.161012634635	-0.169502899051	-0.0855450406671	-0.109095171094	-0.148079156876	-0.142835468054	-0.170079886913	-0.133737459779	-0.178264319897	-0.119821608067	-0.159704998136	-0.159887820482	-0.164338350296	0.0954657047987	0.0114642456174	-0.0518609397113	-0.0932225883007
343_TASK05_CON15_2.0_posneg	posneg	2.0	-0.314848721027	-0.257012605667	-0.260667383671	-0.575588107109	-0.576515257359	0.222077921033	-0.194474846125	0.102568872273	0.35929530859	-0.00615092646331	0.125831484795	0.0254331175238	0.162540689111	0.0643267184496	0.0688673704863	0.114683687687	-0.0322153382003	0.0714606046677	-0.146971777081	0.147949680686	-0.10818400979	-0.0229079369456	-0.476968377829	-0.657463133335	0.865209281445	-0.378235369921	-0.249076142907	0.144806817174	-0.658469855785	-0.707308590412	-0.670240998268	-0.627205967903	-0.519705593586	-0.528256714344	-0.527391314507	-0.583916068077	-0.68509465456	-0.562367141247	-0.555515110493	-0.614208102226	-0.66764998436	-0.627103686333	-0.623938679695	0.254212319851	0.168638929725	-0.269939899445	-0.0942042097449
343_TASK05_CON15_2.0_pos	pos	2.0	-0.0194067489356	-0.0195073094219	-0.00750418705866	-0.0346666015685	-0.0446013100445	0.0399891845882	-0.0299002863467	-0.0208283569664	0.0384889096022	0.0884470194578	0.0856503993273	0.0484414957464	0.090506374836	0.0526549294591	0.070624306798	0.0700823292136	0.0826250389218	0.107825659215	-0.082659393549	0.090721718967	-0.0685800760984	0.0248915422708	-0.0681062862277	-0.112040214241	0.213490664959	0.0146431364119	0.0372556746006	0.0817401334643	-0.0939528048038	-0.117199450731	-0.120725937188	-0.122901812196	-0.0532128624618	-0.0694266408682	-0.128512978554	-0.114606164396	-0.119258865714	-0.105206482112	-0.112089477479	-0.0789306759834	-0.105913683772	-0.126909017563	-0.123032584786	0.0917845666409	0.0320195928216	-0.0656936168671	-0.0745120123029
343_TASK05_CON15_3.0_posneg	posneg	3.0	-0.334650993347	-0.267005681992	-0.26084959507	-0.59219199419	-0.60088467598	0.243329659104	-0.197384744883	0.0560320205986	0.3080765903	0.00316099240445	0.194512397051	0.0784194394946	0.242520332336	0.122789494693	0.148406922817	0.178489863873	-0.0303342118859	0.166203245521	-0.235200062394	0.244787022471	-0.177150949836	0.024459278211	-0.524138569832	-0.727936923504	0.906655669212	-0.390473246574	-0.209383815527	0.285324275494	-0.690446734428	-0.740001559258	-0.717429995537	-0.660849332809	-0.529324352741	-0.538099169731	-0.565365672112	-0.618191480637	-0.733111798763	-0.600562989712	-0.487669169903	-0.644332408905	-0.703298211098	-0.679615795612	-0.667380809784	0.31217777729	0.234365984797	-0.334135323763	-0.153889536858
343_TASK05_CON15_3.0_pos	pos	3.0	-0.0382887646556	-0.0478998757899	0.0347859561443	-0.0688202232122	-0.0825049206614	0.0713725909591	-0.0649726390839	-0.0283017791808	0.0593069382012	-0.0157612096518	-0.02695472911	-0.00678822025657	-0.0145448027179	0.0040642390959	0.0225469134748	-0.0119886165485	0.00551273254678	-0.0319503210485	0.0183854792267	-0.0200232136995	0.0348666347563	0.0500266999006	-0.0813890919089	-0.0938667282462	0.0846184045076	-0.0836210027337	-0.0484491586685	0.0455715619028	-0.117520079017	-0.135802000761	-0.147217571735	-0.124950699508	-0.0986890643835	-0.109574943781	-0.155609443784	-0.143327474594	-0.140973106027	-0.148631438613	-0.0791636779904	-0.115838617086	-0.136905565858	-0.153158053756	-0.135094583035	0.0556787028909	0.0191566217691	-0.0520606003702	-0.0208047553897
343_TASK05_CON15_4.0_posneg	posneg	4.0	-0.374388486147	-0.307123959064	-0.0961252450943	-0.559387564659	-0.592550814152	0.196675464511	-0.217764928937	-0.120929300785	0.150440990925	-0.111570678651	0.0769593268633	-0.0380527861416	0.0941664278507	0.0254180282354	0.119861006737	0.0729654356837	-0.10578148067	0.0651474222541	-0.169295907021	0.0839614793658	-0.113304443657	0.139796063304	-0.523175418377	-0.712806046009	0.861014842987	-0.419533908367	-0.225523382425	0.300624608994	-0.611558675766	-0.629347443581	-0.649317443371	-0.584980726242	-0.473755985498	-0.471928536892	-0.527729034424	-0.58584856987	-0.665184497833	-0.570223510265	-0.200296700001	-0.580824673176	-0.615793168545	-0.630172848701	-0.619279205799	0.321585386992	0.285475581884	-0.335856854916	-0.199577510357
343_TASK05_CON15_4.0_pos	pos	4.0	-0.22591625154	-0.253811627626	-0.0556539967656	-0.265900462866	-0.320687502623	0.121299155056	-0.159860223532	-0.093837633729	0.061042483896	-0.132264733315	-0.195082038641	-0.0960349738598	-0.21468155086	-0.283777832985	-0.120408125222	-0.190959811211	-0.100506827235	-0.163372948766	0.221924036741	-0.183582305908	-0.142055094242	0.0660989582539	-0.242159068584	-0.23505525291	0.0563957467675	-0.225625738502	-0.174840465188	-0.0453356131911	-0.305828660727	-0.29856517911	-0.253891170025	-0.225916936994	-0.311748296022	-0.294980823994	-0.271440833807	-0.277635961771	-0.307307034731	-0.308204501867	-0.122594594955	-0.307161033154	-0.30530282855	-0.264730900526	-0.23721575737	-0.194367796183	-0.0805103629827	0.18693447113	0.123717777431
343_TASK05_CON15_5.0_posneg	posneg	5.0	-0.504054427147	-0.371848613024	0.0885683000088	-0.638974487782	-0.733836770058	0.142051413655	-0.213467776775	-0.105421610177	0.256720095873	-0.162891760468	-0.106582157314	-0.0661499947309	-0.0127099407837	-0.0999014377594	0.0332372896373	-0.0349667146802	-0.131249919534	-0.0892979428172	0.00032519645174	0.0199538804591	-0.189372912049	0.133005231619	-0.649020195007	-0.784394681454	0.790838122368	-0.269615679979	-0.0606021545827	0.282109558582	-0.541540384293	-0.517520427704	-0.574924349785	-0.532599747181	-0.456702828407	-0.424534797668	-0.518117308617	-0.566452980042	-0.599517345428	-0.549090325832	-0.116291075945	-0.535237789154	-0.526466608047	-0.584030926228	-0.575756192207	0.329661637545	0.339788585901	-0.328660190105	-0.143177047372
343_TASK05_CON15_5.0_pos	pos	5.0	0.412455558777	0.408995896578	0.0980911105871	-0.223476961255	-0.682164788246	0.279666036367	-0.168254598975	-0.310252994299	-0.120651639998	0.68897819519	0.74843621254	0.542744338512	0.685213387012	0.580572783947	0.659219205379	0.680201292038	0.614836394787	0.336388528347	-0.68262642622	-0.114769265056	-0.689822375774	0.618286252022	-0.506739854813	-0.472012579441	0.0987750515342	0.256544470787	0.0517095699906	-0.0796990320086	-0.134856119752	-0.53211826086	-0.761982381344	0.00976603012532	-0.485414981842	-0.249804571271	-0.542519807816	-0.203286394477	-0.461478769779	-0.510503709316	-0.312401354313	-0.287630259991	-0.570230841637	-0.697404325008	-0.057034868747	0.529197454453	-0.295212566853	-0.308758676052	0.589896261692
343_TASK05_CON15_6.0_posneg	posneg	6.0	-0.306935966015	-0.106459103525	-0.112963803113	-0.448967725039	-0.443119168282	-0.330320596695	0.038284920156	0.0138915367424	-0.175794690847	0.0525095462799	-0.413919448853	-0.109038479626	0.213397145271	0.0949097424746	-0.213836506009	-0.0370275899768	0.017330577597	-0.376271337271	-0.0996800214052	0.364704102278	0.398537397385	-0.531230151653	-0.168411046267	-0.13047221303	-0.530651271343	-0.341730087996	-0.278528749943	-0.0196961760521	-0.360453188419	-0.365645319223	-0.338645577431	-0.409641236067	-0.358987718821	-0.377956032753	-0.373642683029	-0.34249612689	-0.365958690643	-0.354090332985	-0.0407160148025	-0.355120718479	-0.376008093357	-0.355150073767	-0.374483376741	0.412821918726	-0.131771460176	-0.358257323503	0.387235403061
343_TASK05_CON15_6.0_pos	pos	6.0																																															
343_TASK05_CON15_7.0_posneg	posneg	7.0																																															
343_TASK05_CON15_7.0_pos	pos	7.0																																															
343_TASK05_CON15_8.0_posneg	posneg	8.0																																															
343_TASK05_CON15_8.0_pos	pos	8.0																																															
343_TASK05_CON15_9.0_posneg	posneg	9.0																																															
343_TASK05_CON15_9.0_pos	pos	9.0																																															
343_TASK05_CON15_10.0_posneg	posneg	10.0																																															
343_TASK05_CON15_10.0_pos	pos	10.0																																															
343_TASK05_CON15_11.0_posneg	posneg	11.0																																															
343_TASK05_CON15_11.0_pos	pos	11.0																																															
343_TASK05_CON15_12.0_posneg	posneg	12.0																																															
343_TASK05_CON15_12.0_pos	pos	12.0																																															
343_TASK05_CON15_13.0_posneg	posneg	13.0																																															
343_TASK05_CON15_13.0_pos	pos	13.0																																															
343_TASK06_CON01_0.0_posneg	posneg	0.0	0.629559338093	0.578710019588	0.331791549921	0.587323009968	0.595451176167	-0.26776945591	0.277781009674	0.0599271543324	-0.241643607616	0.563492894173	0.139211758971	0.0727106928825	0.12353617698	0.0808916240931	0.147177785635	0.145873650908	0.550148189068	0.0757599845529	-0.13647326827	0.00109474698547	-0.107301078737	0.103026375175	0.609202504158	0.587735235691	-0.109390027821	0.904160678387	0.848696947098	0.200280457735	0.61374849081	0.554804682732	0.545433342457	0.555325806141	0.619034469128	0.56709009409	0.565287292004	0.569405794144	0.577882945538	0.604145050049	0.153925523162	0.624668478966	0.580431520939	0.562216758728	0.57091397047	0.0473159328103	-0.285837709904	0.126109600067	0.0891325175762
343_TASK06_CON01_0.0_pos	pos	0.0	0.56084138155	0.533911585808	0.210943758488	0.486988902092	0.50356143713	-0.348073601723	0.105409100652	-0.114413492382	-0.200020119548	0.514305233955	0.049653057009	0.0153392888606	0.0421038940549	0.03257541731	0.0652065575123	0.0363307036459	0.522890865803	0.0826339125633	-0.0829014256597	0.0223133843392	-0.034137930721	0.0639592856169	0.552407264709	0.507090628147	-0.00993815250695	0.858366250992	0.782147824764	0.127225056291	0.519445419312	0.439817875624	0.443485081196	0.459789305925	0.551808953285	0.469457447529	0.482566893101	0.476875752211	0.458402335644	0.494486302137	0.0360502526164	0.529887259007	0.455542057753	0.460334599018	0.464126557112	0.0548020228744	-0.310478746891	0.140178829432	0.0877570286393
343_TASK06_CON01_1.0_posneg	posneg	1.0	0.661186039448	0.612708747387	0.351382613182	0.616848707199	0.626809835434	-0.27268448472	0.326460421085	0.105497159064	-0.258197695017	0.607561647892	0.153776809573	0.0892130807042	0.132502257824	0.090420730412	0.16223859787	0.162730485201	0.589939773083	0.074898481369	-0.140817597508	-0.0105161760002	-0.117539711297	0.114219017327	0.641898393631	0.621337175369	-0.121791228652	0.924623310566	0.88036096096	0.212597370148	0.644200146198	0.584128975868	0.569499492645	0.587930142879	0.643046021461	0.590622007847	0.590549707413	0.590865910053	0.613466560841	0.633311748505	0.169911131263	0.655508935452	0.610485911369	0.589701592922	0.602100968361	0.0439688339829	-0.296728491783	0.12998509407	0.103486329317
343_TASK06_CON01_1.0_pos	pos	1.0	0.541689991951	0.52890765667	0.171271681786	0.443076580763	0.459295362234	-0.349535644054	0.0708814263344	-0.124894604087	-0.160848096013	0.473386496305	0.0152619397268	0.0128400288522	0.00239069852978	0.0155736133456	0.0401479490101	0.0010096054757	0.486950755119	0.0670426115394	-0.032945368439	0.000438255810877	-0.00787872541696	0.0538345314562	0.520985245705	0.467637479305	0.021687861532	0.836926043034	0.753808677197	0.098178550601	0.487230658531	0.400928318501	0.402901530266	0.431840062141	0.525746881962	0.440000742674	0.455708175898	0.443324357271	0.419632852077	0.458939105272	-0.00510535156354	0.496772795916	0.414321571589	0.421667844057	0.430544555187	0.0484531521797	-0.308367520571	0.141735270619	0.101235829294
343_TASK06_CON01_2.0_posneg	posneg	2.0	0.685301184654	0.640934288502	0.358356356621	0.637917518616	0.64936876297	-0.264587342739	0.375024437904	0.170264527202	-0.265475898981	0.648346483707	0.165275484324	0.108072221279	0.140525475144	0.0993147268891	0.180367335677	0.179154276848	0.625522196293	0.0671933740377	-0.140854492784	-0.0243576690555	-0.127436429262	0.132043167949	0.668705761433	0.647308647633	-0.133729860187	0.94091129303	0.906017184258	0.22151915729	0.665687739849	0.604037940502	0.583411753178	0.612660527229	0.656440675259	0.604728102684	0.6070728302	0.602060198784	0.640253663063	0.653289079666	0.177277520299	0.676949322224	0.631379723549	0.607827067375	0.624580621719	0.0343685373664	-0.300905197859	0.131731390953	0.119751170278
343_TASK06_CON01_2.0_pos	pos	2.0	0.500083565712	0.501297295094	0.133035629988	0.379113078117	0.391330718994	-0.326441317797	0.0230990741402	-0.124251678586	-0.0940407812595	0.417138904333	-0.0206549875438	0.0123005378991	-0.0372305028141	-0.0125146051869	0.0188778024167	-0.0325401090086	0.434634566307	0.0390964150429	0.0296645294875	-0.0265910997987	0.00585172278807	0.051047924906	0.465944975615	0.406647324562	0.0474959798157	0.804246604443	0.709428727627	0.0621439702809	0.43981307745	0.34536215663	0.342243820429	0.389576405287	0.479101747274	0.398863941431	0.415377408266	0.393536090851	0.364443391562	0.40849006176	-0.0543723404408	0.445788860321	0.358740538359	0.365831702948	0.382095366716	0.0410625115037	-0.290034383535	0.128057420254	0.115586109459
343_TASK06_CON01_3.0_posneg	posneg	3.0	0.690973520279	0.651064395905	0.34581592679	0.639899790287	0.652527689934	-0.238352790475	0.393289834261	0.229186803102	-0.250056087971	0.677630186081	0.165069147944	0.113033652306	0.138240680099	0.100191548467	0.18965524435	0.181051671505	0.65004247427	0.0600676834583	-0.136317893863	-0.0357246175408	-0.132717102766	0.150234133005	0.681414484978	0.655851662159	-0.131919413805	0.950067698956	0.920956730843	0.21073167026	0.668411552906	0.601812303066	0.571774363518	0.617435276508	0.649677634239	0.597894191742	0.601625084877	0.592357754707	0.645432949066	0.652207195759	0.166364490986	0.679313242435	0.630498349667	0.60181838274	0.626471698284	0.0263457931578	-0.288334012032	0.116721302271	0.138204708695
343_TASK06_CON01_3.0_pos	pos	3.0	0.453294605017	0.466108977795	0.10933701694	0.32236045599	0.329448491335	-0.289955675602	-0.0066262180917	-0.0912136808038	-0.0225865337998	0.360948503017	-0.0472298003733	0.00119560456369	-0.0623881481588	-0.0348619185388	0.00415931548923	-0.0505100786686	0.377079993486	0.00207344489172	0.0629429966211	-0.0509590804577	0.0131829669699	0.0487944632769	0.416297644377	0.358226537704	0.057906512171	0.757609605789	0.652019023895	0.0230682920665	0.394609153271	0.300441890955	0.285925924778	0.361173182726	0.432109296322	0.362959504128	0.375091731548	0.354188263416	0.321854948997	0.367722064257	-0.0908128246665	0.398886978626	0.316078364849	0.315337747335	0.349261134863	0.0337822400033	-0.26610326767	0.0906304717064	0.161287546158
343_TASK06_CON01_4.0_posneg	posneg	4.0	0.647640526295	0.613319337368	0.292146772146	0.58946865797	0.605989873409	-0.208312883973	0.346610754728	0.242425113916	-0.192959234118	0.677761614323	0.142391204834	0.0865299850702	0.107079915702	0.0788120627403	0.161984562874	0.147576361895	0.649721026421	0.0665160641074	-0.116576828063	-0.0437996126711	-0.116389408708	0.137579113245	0.654192566872	0.618094742298	-0.096330396831	0.947076499462	0.919963419437	0.166225373745	0.623931467533	0.548254668713	0.505701124668	0.579482495785	0.600615739822	0.546814680099	0.549546599388	0.537678360939	0.600098133087	0.604805409908	0.114599645138	0.636096179485	0.580255448818	0.543384313583	0.583567619324	0.0198456719518	-0.258639186621	0.0845328122377	0.154691115022
343_TASK06_CON01_4.0_pos	pos	4.0	0.389906823635	0.420740067959	0.0686693862081	0.275379300117	0.279440224171	-0.229356467724	-0.0189467221498	-0.0525786913931	0.0226409826428	0.297491192818	-0.04793362692	0.00551135418937	-0.058771006763	-0.0111960666254	0.00414091581479	-0.0356392934918	0.299206972122	-0.0438912548125	0.0669552087784	-0.0788770765066	0.0508371144533	0.0358650051057	0.373793154955	0.32026001811	0.0590117685497	0.682548642159	0.569199383259	-0.0276222899556	0.352211207151	0.270925879478	0.247817292809	0.340148121119	0.37240499258	0.332132607698	0.338213145733	0.3199185431	0.29618498683	0.332577884197	-0.0964497253299	0.350449770689	0.289537876844	0.281281232834	0.32676795125	0.00472261104733	-0.222847551107	0.065010510385	0.196368187666
343_TASK06_CON01_5.0_posneg	posneg	5.0	0.517364382744	0.496670514345	0.191130518913	0.444744795561	0.46633592248	-0.154876738787	0.23066753149	0.206418693066	-0.0686505287886	0.595084011555	0.0996281132102	0.053335160017	0.065870679915	0.0561102069914	0.115079537034	0.0996254980564	0.558283686638	0.0499849580228	-0.0829327628016	-0.0516932532191	-0.0699211731553	0.101044863462	0.544418275356	0.493255227804	-0.032191991806	0.905721306801	0.873308718204	0.0930309817195	0.490743845701	0.393860518932	0.340801566839	0.460024446249	0.456118196249	0.415275365114	0.400355011225	0.390598148108	0.462028026581	0.462172746658	0.0467060096562	0.499752104282	0.436607331038	0.38593557477	0.452213287354	0.0299742221832	-0.177211284637	0.0211771912873	0.135122716427
343_TASK06_CON01_5.0_pos	pos	5.0	0.265195935965	0.301213681698	0.0224540885538	0.194897398353	0.193001791835	-0.124263294041	-0.0258076395839	-0.0136896595359	0.0532101504505	0.208061665297	-0.00692501431331	0.0366046205163	-0.0170755535364	0.0343672484159	0.0514511056244	0.0183259025216	0.175437703729	-0.0682967305183	0.0342318303883	-0.0981864854693	0.0447316132486	0.0571203157306	0.27128636837	0.227692469954	0.0522973351181	0.548247098923	0.45694321394	-0.066269300878	0.256035119295	0.200906798244	0.17005482316	0.252937465906	0.252085417509	0.244492202997	0.242782488465	0.231611818075	0.21555736661	0.237283691764	-0.0623085014522	0.245152026415	0.21434623003	0.199267819524	0.240578263998	-0.0145861655474	-0.138734713197	0.0407863035798	0.161912098527
343_TASK06_CON01_6.0_posneg	posneg	6.0	0.315504133701	0.316955417395	0.0836825221777	0.249919563532	0.270503848791	-0.0969199463725	0.139925047755	0.169723346829	0.013642388396	0.442772567272	0.0926700606942	0.0602861009538	0.0616539940238	0.0486475601792	0.0929945185781	0.0853166952729	0.38008749485	0.0508195869625	-0.051652725786	-0.0387731716037	-0.0581569708884	0.0695202276111	0.340668141842	0.284450054169	0.0147190503776	0.771617770195	0.730085492134	0.0122387800366	0.286689698696	0.185738399625	0.149327844381	0.26524206996	0.236316204071	0.237838953733	0.197318300605	0.188978105783	0.25667065382	0.249138340354	0.0188587512821	0.282652765512	0.233337178826	0.183222815394	0.247089892626	0.0270871855319	-0.0983593538404	-0.00518367346376	0.0643395707011
343_TASK06_CON01_6.0_pos	pos	6.0	0.110823839903	0.145592913032	-0.0195255503058	0.099225319922	0.0940820351243	-0.0225013364106	0.0157992746681	0.0383959822357	0.0253368131816	0.119978614151	0.0622141771019	0.0793410241604	0.0567612536252	0.0674703046679	0.102420642972	0.0813481360674	0.0633584260941	-0.0265822131187	-0.0119889089838	-0.0439504832029	-0.0146284811199	0.0702285021544	0.113898508251	0.0840226784348	0.054455768317	0.378582775593	0.306357055902	-0.117162436247	0.113614372909	0.0886858776212	0.0544897764921	0.116483829916	0.0953635498881	0.114045374095	0.098470017314	0.0883374586701	0.0862735882401	0.0942553207278	-0.00216852268204	0.100485913455	0.0951288491488	0.0700182020664	0.101327136159	-0.0199310164899	-0.0486959666014	0.0289751030505	0.0762643814087
343_TASK06_CON01_7.0_posneg	posneg	7.0	0.123646683991	0.137226179242	0.0290187001228	0.0946770682931	0.11493870616	-0.039209574461	0.144633233547	0.112751975656	-0.0605040751398	0.250087887049	0.0998920425773	0.0551855452359	0.0827175229788	0.0389060936868	0.121362119913	0.0928698405623	0.211945161223	0.0624882951379	-0.0837947428226	0.00591643014923	-0.122099235654	0.108682021499	0.159402102232	0.109107099473	0.0324834808707	0.527531564236	0.483643978834	-0.087833121419	0.103868678212	0.0897293910384	0.060365986079	0.105183616281	0.0607545077801	0.0866193175316	0.0624271556735	0.0352945625782	0.104205988348	0.0740796923637	0.0918145552278	0.0980524048209	0.102548666298	0.066106416285	0.0779398605227	-0.0191104896367	0.0133320279419	0.0253740176558	-0.0337566062808
343_TASK06_CON01_7.0_pos	pos	7.0	-0.0366748049855	0.00530209345743	-0.0284756459296	-0.0129397632554	-0.012185155414	0.0326855666935	0.122631244361	0.0385044440627	-0.107001744211	0.114113755524	0.129483580589	0.0607725195587	0.118932016194	0.0528394244611	0.164523407817	0.118380390108	0.100667819381	0.0774306878448	-0.122753351927	0.0492498353124	-0.167647898197	0.1497489959	0.0299673285335	0.0137586956844	0.0436547845602	0.276347666979	0.171919330955	-0.192666634917	-0.0125521142036	0.0319036394358	0.015654290095	0.000833239522763	-0.0549376308918	0.0146410940215	-0.00168572959956	-0.0430877543986	-0.00306871486828	-0.0364353843033	0.118471339345	-0.0353758335114	0.0233225896955	0.0036727397237	-0.0256817694753	-0.0721244364977	0.0992638170719	0.0663769766688	-0.0877650156617
343_TASK06_CON01_8.0_posneg	posneg	8.0	-0.114030458033	-0.0993990972638	-0.00227621058002	-0.0241241008043	-0.0137460967526	-0.0593972653151	0.128570839763	-0.0282854475081	-0.153762698174	0.116627417505	0.208311632276	0.147276028991	0.14671638608	0.142355188727	0.131454706192	0.162244692445	0.11753846705	0.304595917463	-0.11710203439	-0.061919786036	-0.134211301804	0.0663030743599	-0.0691116303205	-0.0430883839726	0.0588155165315	0.220885246992	0.119227178395	-0.117297187448	-0.100337773561	-0.0491031296551	-0.0736442059278	-0.100035123527	-0.0951759889722	-0.0713973492384	-0.0945148840547	-0.123842954636	-0.0910041704774	-0.0969526469707	0.126926004887	-0.0873726382852	-0.0502670705318	-0.0784667730331	-0.117065608501	0.056697845459	0.174312204123	-0.0631069466472	-0.209823861718
343_TASK06_CON01_8.0_pos	pos	8.0	-0.114030458033	-0.0993990972638	-0.00227621058002	-0.0241241008043	-0.0137460967526	-0.0593972653151	0.128570839763	-0.0282854475081	-0.153762698174	0.116627417505	0.208311632276	0.147276028991	0.14671638608	0.142355188727	0.131454706192	0.162244692445	0.11753846705	0.304595917463	-0.11710203439	-0.061919786036	-0.134211301804	0.0663030743599	-0.0691116303205	-0.0430883839726	0.0588155165315	0.220885246992	0.119227178395	-0.117297187448	-0.100337773561	-0.0491031296551	-0.0736442059278	-0.100035123527	-0.0951759889722	-0.0713973492384	-0.0945148840547	-0.123842954636	-0.0910041704774	-0.0969526469707	0.126926004887	-0.0873726382852	-0.0502670705318	-0.0784667730331	-0.117065608501	0.056697845459	0.174312204123	-0.0631069466472	-0.209823861718
343_TASK06_CON01_9.0_posneg	posneg	9.0																																															
343_TASK06_CON01_9.0_pos	pos	9.0																																															
343_TASK06_CON01_10.0_posneg	posneg	10.0																																															
343_TASK06_CON01_10.0_pos	pos	10.0																																															
343_TASK06_CON01_11.0_posneg	posneg	11.0																																															
343_TASK06_CON01_11.0_pos	pos	11.0																																															
343_TASK06_CON01_12.0_posneg	posneg	12.0																																															
343_TASK06_CON01_12.0_pos	pos	12.0																																															
343_TASK06_CON01_13.0_posneg	posneg	13.0																																															
343_TASK06_CON01_13.0_pos	pos	13.0																																															
343_TASK06_CON02_0.0_posneg	posneg	0.0	0.614020705223	0.510429561138	0.414812922478	0.516946136951	0.525343894958	-0.240278095007	0.255386918783	0.185920208693	-0.0637885630131	0.480783611536	0.0937443673611	0.066767655313	0.0762228146195	0.0636901706457	0.115714602172	0.103276960552	0.474181950092	0.0563679300249	-0.0850877985358	-0.0201950427145	-0.0696299225092	0.10037560761	0.531656146049	0.504266440868	-0.0606191456318	0.853796541691	0.924873352051	0.466992020607	0.536723315716	0.486839205027	0.486874878407	0.461361080408	0.56333142519	0.530768752098	0.508118510246	0.513576924801	0.502862036228	0.552027285099	0.0728699490428	0.556870818138	0.522137999535	0.50002682209	0.490647166967	0.0271716658026	-0.225195631385	0.135923400521	0.00663977023214
343_TASK06_CON02_0.0_pos	pos	0.0	0.537304282188	0.440795391798	0.302035957575	0.437162935734	0.456156671047	-0.325836628675	0.0783121660352	-0.0390919260681	-0.0767064914107	0.454209297895	0.000843232730404	0.0042368369177	-0.0154159283265	-0.0126774422824	0.037582244724	-0.00779696227983	0.477410435677	0.073239043355	-0.0343276560307	-0.00485199503601	-0.0403200685978	0.0735211595893	0.476982802153	0.433682918549	0.00662798108533	0.778365731239	0.875784039497	0.352722287178	0.459596961737	0.399585485458	0.391892254353	0.386769324541	0.514784455299	0.431631058455	0.421130239964	0.433217316866	0.40693089366	0.452617526054	-0.0149994622916	0.482348054647	0.414144784212	0.399879515171	0.402306765318	0.0545650720596	-0.247490242124	0.119621053338	0.0314068496227
343_TASK06_CON02_1.0_posneg	posneg	1.0	0.640184104443	0.536767601967	0.42824190855	0.54875099659	0.557470500469	-0.242593482137	0.292922496796	0.223878711462	-0.0706321150064	0.516186237335	0.11032602936	0.0893627181649	0.0899783521891	0.0822836011648	0.128680974245	0.124280318618	0.502195775509	0.0533355176449	-0.0872012600303	-0.031794950366	-0.0744853392243	0.104418553412	0.55844193697	0.532457113266	-0.0756691396236	0.877227127552	0.940595924854	0.480765998363	0.569850862026	0.519342303276	0.513931810856	0.490946054459	0.586735129356	0.555188953876	0.532153487206	0.535337388515	0.538422584534	0.579921483994	0.0901232808828	0.588506877422	0.553940713406	0.528220593929	0.519915282726	0.0232337005436	-0.231812909245	0.142436563969	0.00909242406487
343_TASK06_CON02_1.0_pos	pos	1.0	0.518725752831	0.431472539902	0.261521160603	0.420943379402	0.440303832293	-0.329265922308	0.0541015528142	-0.0724861547351	-0.0792633518577	0.427168607712	-0.0156414099038	0.00260690250434	-0.0308708380908	-0.012273458764	0.0124994199723	-0.0261580720544	0.449892431498	0.0663254261017	-0.0024072881788	-0.00563069200143	-0.0115962168202	0.0484866164625	0.454697817564	0.410366564989	0.0137492641807	0.74801248312	0.853062808514	0.313031435013	0.450849175453	0.384382784367	0.374157458544	0.375944286585	0.503733336926	0.410961121321	0.405884593725	0.417633920908	0.392504543066	0.432940751314	-0.0306687392294	0.470845937729	0.391849547625	0.381561309099	0.388355016708	0.0564686842263	-0.250834643841	0.117577016354	0.0457690060139
343_TASK06_CON02_2.0_posneg	posneg	2.0	0.663250565529	0.561542153358	0.431526005268	0.576849579811	0.585015892982	-0.232464417815	0.337008744478	0.271093040705	-0.0756989121437	0.553536891937	0.132715806365	0.117420203984	0.107418984175	0.107294544578	0.147149026394	0.151874810457	0.529500365257	0.0507187619805	-0.0907485559583	-0.0492973029613	-0.0831009447575	0.110877946019	0.581190824509	0.555758118629	-0.0903577208519	0.89658755064	0.953079879284	0.482286572456	0.599177837372	0.550152182579	0.537638783455	0.519820332527	0.607314586639	0.574412405491	0.55365639925	0.553340375423	0.573001205921	0.605261683464	0.104015722871	0.617161512375	0.583094894886	0.55397605896	0.547382593155	0.0123685784638	-0.23656308651	0.148679316044	0.017757397145
343_TASK06_CON02_2.0_pos	pos	2.0	0.497867435217	0.419924139977	0.225872889161	0.402742981911	0.417752623558	-0.31713065505	0.0201052445918	-0.0931408107281	-0.057999394834	0.395432025194	-0.0314344726503	-0.0046660322696	-0.0458445958793	-0.00840579811484	-0.0055167991668	-0.0400550961494	0.414568305016	0.0514123030007	0.0196920689195	-0.0187131762505	0.0223714783788	0.0283542554826	0.423904150724	0.377249449492	0.0306595358998	0.707041442394	0.820430278778	0.266282856464	0.436565250158	0.361839532852	0.345776408911	0.359521359205	0.486922949553	0.391768872738	0.38545486331	0.399555116892	0.370760560036	0.41036593914	-0.0636816844344	0.453471690416	0.366868138313	0.355049163103	0.370136678219	0.0579663552344	-0.242694184184	0.101663403213	0.0701578781009
343_TASK06_CON02_3.0_posneg	posneg	3.0	0.678074479103	0.579322040081	0.425134837627	0.593841671944	0.60382860899	-0.216857552528	0.381469666958	0.321272850037	-0.0773093402386	0.582616388798	0.157709091902	0.13380356133	0.127884224057	0.12723813951	0.168810531497	0.177905082703	0.549428999424	0.0597203448415	-0.10627758503	-0.0569729022682	-0.0996978208423	0.121621854603	0.594115138054	0.568908572197	-0.0985062718391	0.911018788815	0.961378097534	0.467285782099	0.618714213371	0.571916043758	0.548338890076	0.540196359158	0.617924928665	0.583558797836	0.565052509308	0.560856103897	0.598776519299	0.621369838715	0.107193268836	0.636909842491	0.603247761726	0.568817913532	0.565800070763	0.000288372510113	-0.232659563422	0.145634695888	0.0311642549932
343_TASK06_CON02_3.0_pos	pos	3.0	0.475698649883	0.404401272535	0.202439293265	0.380482822657	0.39096596837	-0.294471174479	-0.0123245455325	-0.0988652780652	-0.0277949105948	0.369990974665	-0.0396509543061	-0.0151936886832	-0.0529919117689	-0.00494863279164	-0.00583942374215	-0.038053508848	0.3789973557	0.0197617243975	0.0178017951548	-0.0434269346297	0.0403899438679	0.0254742372781	0.38327601552	0.334430068731	0.0590242110193	0.650983989239	0.771530747414	0.219767004251	0.414363443851	0.330253481865	0.30262658	0.338965058327	0.462230414152	0.374350517988	0.352723509073	0.373256653547	0.341703116894	0.383053272963	-0.108240634203	0.429995894432	0.339333891869	0.315448909998	0.346280187368	0.0663350224495	-0.219376862049	0.0602760575712	0.102153770626
343_TASK06_CON02_4.0_posneg	posneg	4.0	0.671081006527	0.574455082417	0.397811919451	0.589889347553	0.606577575207	-0.207906588912	0.397955983877	0.354271829128	-0.0680089741945	0.589457511902	0.162717625499	0.136128753424	0.127892404795	0.132925197482	0.167430400848	0.17977167666	0.551408112049	0.070114068687	-0.105073302984	-0.062557823956	-0.0965154543519	0.117424927652	0.58714902401	0.562226057053	-0.0995461121202	0.916934907436	0.963912785053	0.433039784431	0.618725955486	0.57133436203	0.532009184361	0.53916490078	0.609699726105	0.572679817677	0.550204098225	0.545286118984	0.602574765682	0.615050137043	0.0993877500296	0.63814252615	0.602511286736	0.556509196758	0.56223154068	-0.0035969291348	-0.210751309991	0.124482907355	0.0388176999986
343_TASK06_CON02_4.0_pos	pos	4.0	0.436721563339	0.372709602118	0.177461817861	0.347508490086	0.357932984829	-0.261418372393	-0.0271404571831	-0.082978785038	0.0032670670189	0.333466976881	-0.0276589933783	-0.00146274047438	-0.041186247021	0.0203561279923	-0.00994398538023	-0.0179904662073	0.322566479445	3.05317989842e-05	0.0247173253447	-0.0618670284748	0.0707934424281	-0.00425890507177	0.332032501698	0.282066136599	0.0817908197641	0.57520544529	0.693920075893	0.172300934792	0.380476236343	0.295209228992	0.247981369495	0.309587270021	0.418062150478	0.352389723063	0.305462509394	0.33074977994	0.306466758251	0.345285475254	-0.131498768926	0.392982333899	0.311375379562	0.265698850155	0.31348490715	0.069803789258	-0.165603980422	0.00881838425994	0.117839962244
343_TASK06_CON02_5.0_posneg	posneg	5.0	0.627247512341	0.531359255314	0.336946517229	0.543812572956	0.570842146873	-0.199393063784	0.350443512201	0.344214677811	-0.0282892659307	0.583044409752	0.153965845704	0.12741561234	0.115908369422	0.123820543289	0.146648347378	0.163650810719	0.540229082108	0.0847350135446	-0.0901572033763	-0.0572652295232	-0.0788134783506	0.0955076888204	0.542216420174	0.510590672493	-0.0721847116947	0.906967043877	0.95704472065	0.373428940773	0.573103487492	0.512767255306	0.458277225494	0.489772558212	0.557828962803	0.515208423138	0.479028940201	0.479286313057	0.552972495556	0.557413339615	0.0662709102035	0.594662368298	0.547445118427	0.485340893269	0.507157683372	0.0173505954444	-0.165583670139	0.0709438621998	0.0380126461387
343_TASK06_CON02_5.0_pos	pos	5.0	0.35245257616	0.293646395206	0.143328249454	0.299419790506	0.307702660561	-0.196361765265	-0.0285247322172	-0.0580750107765	0.0250152051449	0.28454849124	0.000729324819986	0.0383065976202	-0.00454386649653	0.0559111945331	0.00591876264662	0.0185329746455	0.248086199164	-0.0105396294966	0.0266758911312	-0.0569738708436	0.0777619257569	-0.0173915233463	0.261807441711	0.213435843587	0.0837017893791	0.466297715902	0.572917521	0.129837855697	0.323360651731	0.250591129065	0.181478857994	0.255475789309	0.342151343822	0.308653533459	0.237314417958	0.265595078468	0.253216534853	0.287108302116	-0.115679010749	0.329830050468	0.272212654352	0.201776385307	0.257939487696	0.0672026947141	-0.0816452205181	-0.0364554934204	0.0936729758978
343_TASK06_CON02_6.0_posneg	posneg	6.0	0.556736886501	0.461248725653	0.258054763079	0.478132009506	0.517524242401	-0.17630533874	0.277799546719	0.327283680439	0.0244911462069	0.627240538597	0.140514299273	0.100204110146	0.0904936641455	0.102440424263	0.114820532501	0.13565479219	0.579725205898	0.117822684348	-0.0908722430468	-0.0598344132304	-0.0530987232924	0.0685058683157	0.482302874327	0.434092611074	-0.0209165792912	0.875871956348	0.933474361897	0.277048021555	0.490148097277	0.380280196667	0.304838687181	0.400783717632	0.463172256947	0.4123698771	0.337713688612	0.368490934372	0.448894888163	0.449813097715	0.0278866365552	0.514573633671	0.432901889086	0.337406128645	0.410136342049	0.0723502412438	-0.116300620139	-0.0281801242381	0.0449504330754
343_TASK06_CON02_6.0_pos	pos	6.0	0.207906290889	0.171268060803	0.0653455331922	0.214178472757	0.220025286078	-0.111743539572	-0.0131211038679	-0.0325550846756	0.0149837033823	0.208817899227	0.0549190752208	0.0754929482937	0.051023144275	0.0873573720455	0.0400617010891	0.0645078793168	0.146487593651	0.0183245614171	-0.00792646687478	-0.0161968879402	0.0547028891742	-0.0176059268415	0.162269935012	0.123780921102	0.0754292011261	0.342256218195	0.414434850216	0.0626348033547	0.215566784143	0.153396710753	0.0890759751201	0.170235008001	0.228444129229	0.202062144876	0.135428994894	0.171278744936	0.161867126822	0.193414524198	-0.0727306455374	0.225011304021	0.177621468902	0.108767010272	0.17199729383	0.0581757314503	-0.0301374588162	-0.0503048822284	0.0701164826751
343_TASK06_CON02_7.0_posneg	posneg	7.0	0.51296377182	0.407870441675	0.201805740595	0.443425834179	0.495362967253	-0.171555280685	0.24867965281	0.34463506937	0.0343667641282	0.598246276379	0.129481211305	0.0935604572296	0.0920629575849	0.100034601986	0.103846430779	0.126541540027	0.503821790218	0.0981765910983	-0.0939036756754	-0.0416734777391	-0.0418401956558	0.0596354529262	0.419500082731	0.350457519293	0.00821970496327	0.848636448383	0.901986837387	0.184686020017	0.430386304855	0.276922285557	0.199027270079	0.3391905725	0.399386793375	0.349835991859	0.249275445938	0.284162223339	0.376128435135	0.387962073088	0.00550267938524	0.46399307251	0.358569264412	0.241615250707	0.342306762934	0.0843192860484	-0.115204207599	-0.0546384491026	0.0544465072453
343_TASK06_CON02_7.0_pos	pos	7.0	0.0548062361777	0.0877593308687	-0.0399549938738	0.0878421515226	0.0807102173567	-0.0177005659789	0.000443683326012	-0.023157980293	-0.0141659835353	0.0647870451212	0.0831124782562	0.0769743844867	0.0692413821816	0.097727432847	0.0709299221635	0.0791067108512	0.0271312445402	0.0480423644185	-0.0502692572773	-0.000681716017425	0.0498274415731	-0.00711021432653	0.0377450101078	0.0175603795797	0.0819643512368	0.210703760386	0.206130862236	-0.0555120967329	0.0800792649388	0.00673491181806	-0.0218698922545	0.0618783310056	0.0764588043094	0.0605655275285	0.0410018861294	0.0572081580758	0.0371463038027	0.0738797262311	-0.043401800096	0.0812801197171	0.0305553693324	0.00702076172456	0.0610614307225	0.0372720956802	-0.0338657908142	-0.0289090033621	0.0711843445897
343_TASK06_CON02_8.0_posneg	posneg	8.0	0.529607892036	0.408937931061	0.192446351051	0.427350729704	0.474839776754	-0.17344237864	0.280635237694	0.475537508726	-0.0163500215858	0.601694583893	0.184940755367	0.154553279281	0.156595915556	0.117866121233	0.153748944402	0.191633045673	0.464592754841	0.0590653456748	-0.0829312503338	-0.0182100031525	-0.0795261710882	0.085009150207	0.386655062437	0.293804913759	0.0130562810227	0.795695364475	0.880999267101	0.152546167374	0.42157420516	0.232609152794	0.108547799289	0.332085609436	0.426190286875	0.316169112921	0.151651799679	0.202936053276	0.346853196621	0.344757407904	0.0614733286202	0.479589790106	0.314131915569	0.138358399272	0.312558472157	0.118069775403	-0.134528249502	-0.109678767622	0.0815448611975
343_TASK06_CON02_8.0_pos	pos	8.0	0.0855760276318	-0.000433421984781	0.107701256871	0.0401530005038	0.0521654710174	0.0218986496329	0.000296272686683	0.177080109715	0.0731997415423	-0.0299349408597	-0.0425059124827	0.0172587558627	-0.0581534095109	-0.011409140192	-0.0402367413044	-0.0290966667235	0.00820909719914	-0.00674733938649	0.0846747681499	-0.114361271262	0.0656433403492	-0.0536529906094	-0.013262251392	-0.0121613647789	-0.0119356829673	0.0541870929301	0.0785318389535	0.0220720171928	0.0644273534417	0.0357917286456	0.00817292835563	0.0266179200262	0.0413431748748	0.0559630915523	0.0224051401019	0.0303152315319	0.0435928329825	0.0496832989156	-0.0174189824611	0.0550916977227	0.0372532345355	0.0112685924396	0.0226118545979	-0.0109517797828	0.0387632697821	0.000709221058059	-0.0279596503824
343_TASK06_CON02_9.0_posneg	posneg	9.0																																															
343_TASK06_CON02_9.0_pos	pos	9.0																																															
343_TASK06_CON02_10.0_posneg	posneg	10.0																																															
343_TASK06_CON02_10.0_pos	pos	10.0																																															
343_TASK06_CON02_11.0_posneg	posneg	11.0																																															
343_TASK06_CON02_11.0_pos	pos	11.0																																															
343_TASK06_CON02_12.0_posneg	posneg	12.0																																															
343_TASK06_CON02_12.0_pos	pos	12.0																																															
343_TASK06_CON02_13.0_posneg	posneg	13.0																																															
343_TASK06_CON02_13.0_pos	pos	13.0																																															
343_TASK06_CON06_0.0_posneg	posneg	0.0	0.216879621148	0.0525634288788	0.370989501476	0.115828961134	0.121824517846	-0.0688052624464	0.0442356579006	0.2774284482	0.302762836218	-0.00165704335086	-0.0684891194105	0.0234726984054	-0.0770345404744	0.000212768674828	-0.0442288629711	-0.0539883300662	0.00688944803551	-0.0184076614678	0.0983737409115	-0.051206048578	0.0716151595116	-0.000138781688293	0.0605398826301	0.0523892305791	0.0104445451871	0.204935505986	0.448029905558	0.812739610672	0.116723708808	0.120737060905	0.120561510324	0.0394357852638	0.174082413316	0.177644968033	0.117547817528	0.143654450774	0.105501383543	0.161161199212	-0.129642277956	0.145464584231	0.144035935402	0.112996213138	0.0830082967877	0.0159299857914	0.0380232557654	0.0385393574834	-0.168595477939
343_TASK06_CON06_0.0_pos	pos	0.0	0.300790309906	0.0948183313012	0.418382376432	0.169786006212	0.171956270933	-0.155937299132	-0.0758552476764	0.108148083091	0.223802253604	0.214171037078	-0.1264654845	-0.138660758734	-0.139838412404	-0.128593295813	-0.105324432254	-0.141014650464	0.263428241014	0.047217708081	0.00282027432695	-0.00163082510699	0.0116459149867	-0.0107698692009	0.173649936914	0.134784296155	0.101004675031	0.367575377226	0.540208518505	0.745616972446	0.1821641922	0.161902457476	0.167310461402	0.10455391556	0.251219779253	0.221476957202	0.189238086343	0.210896879435	0.152266025543	0.216959431767	-0.211041659117	0.207117840648	0.180418968201	0.164868712425	0.142465516925	0.0172479618341	-0.0484350062907	0.0562768541276	-0.107822075486
343_TASK06_CON06_1.0_posneg	posneg	1.0	0.257881075144	0.0623792298138	0.438377648592	0.138630315661	0.145534962416	-0.0798839554191	0.0598728470504	0.33840110898	0.368247568607	-0.00912693142891	-0.081379622221	0.0377074033022	-0.0931436643004	0.00401060795411	-0.0537765771151	-0.0624147951603	-0.00014273164561	-0.0278778467327	0.13123485446	-0.071297056973	0.0918071344495	0.000926332722884	0.0699264258146	0.0597207695246	0.0160107258707	0.24255168438	0.526224732399	0.87213331461	0.138656586409	0.146777808666	0.142389237881	0.0467608273029	0.20807403326	0.210252687335	0.138080313802	0.170502021909	0.127806693316	0.193442329764	-0.158959388733	0.174612760544	0.174038186669	0.133918598294	0.0995843634009	0.0193456299603	0.0480929687619	0.0410642400384	-0.201751768589
343_TASK06_CON06_1.0_pos	pos	1.0	0.279237151146	0.0891953185201	0.367479592562	0.153859749436	0.157659754157	-0.160145267844	-0.0968874841928	0.041504714638	0.173861086369	0.25242972374	-0.141692489386	-0.16710087657	-0.157409489155	-0.145615279675	-0.121658943594	-0.153961837292	0.305102348328	0.0341514348984	-0.00907305628061	-0.016882756725	0.0115899071097	-0.00889102742076	0.172814667225	0.124880902469	0.157620623708	0.355708897114	0.516613185406	0.722927093506	0.169190198183	0.145028784871	0.147545322776	0.102502197027	0.23526237905	0.190346449614	0.171136215329	0.191715449095	0.142974644899	0.196576148272	-0.22441612184	0.193350121379	0.155450165272	0.147169560194	0.134564220905	0.0338844023645	-0.0586625039577	0.0331870764494	-0.0778282061219
343_TASK06_CON06_2.0_posneg	posneg	2.0	0.295583963394	0.0665792748332	0.505404353142	0.155239060521	0.161661148071	-0.0806126818061	0.0840022861958	0.399477958679	0.430933892727	-0.0260135270655	-0.103743329644	0.0661529377103	-0.116829380393	0.00942457281053	-0.0602516308427	-0.0681346431375	-0.0167755112052	-0.0603733845055	0.187165677547	-0.112736441195	0.114284038544	0.00958155933768	0.0728954896331	0.0556451864541	0.0467310398817	0.270186156034	0.597736775875	0.920751512051	0.157343402505	0.173002332449	0.159984752536	0.0532672815025	0.24467176199	0.234797745943	0.155662357807	0.194301962852	0.149702459574	0.223367363214	-0.201844841242	0.20322920382	0.199942708015	0.151165097952	0.114992931485	0.0318353883922	0.0558796189725	0.0332656428218	-0.229721307755
343_TASK06_CON06_2.0_pos	pos	2.0	0.205141544342	0.0691204443574	0.243655562401	0.127316489816	0.132131010294	-0.124529488385	-0.0856819972396	-0.019263913855	0.092773668468	0.254745453596	-0.112281218171	-0.161509439349	-0.13841432333	-0.117396466434	-0.124187849462	-0.134927123785	0.306764900684	0.0583744086325	-0.0292654391378	-0.0191562622786	0.0328240282834	-0.0221929904073	0.141419574618	0.0901917591691	0.199404790998	0.277901381254	0.434839457273	0.663923799992	0.132357507944	0.0945611000061	0.105973832309	0.0803968086839	0.176765501499	0.133534908295	0.123337268829	0.137007832527	0.111692406237	0.144852533937	-0.199589371681	0.14952018857	0.10289786011	0.107107430696	0.10243589431	0.0524576455355	-0.0553154051304	0.00365705112927	-0.0467622950673
343_TASK06_CON06_3.0_posneg	posneg	3.0	0.297822058201	0.0466821081936	0.534986495972	0.165769740939	0.168364971876	-0.0511941872537	0.12516669929	0.440850704908	0.460426539183	-0.0734119266272	-0.125028029084	0.0948255211115	-0.133778572083	0.0431429222226	-0.0626936480403	-0.0630647242069	-0.0633306950331	-0.116699844599	0.236108645797	-0.165944442153	0.172616586089	0.0127841196954	0.0510378740728	0.0258112829179	0.103633627295	0.252942085266	0.634523749352	0.948426902294	0.17429715395	0.195469677448	0.172442406416	0.0626095607877	0.266265153885	0.240888535976	0.15897937119	0.201121985912	0.171172440052	0.237091809511	-0.233767703176	0.224195718765	0.216825783253	0.161234974861	0.126231536269	0.0611592568457	0.0655206516385	0.00510563189164	-0.247846215963
343_TASK06_CON06_3.0_pos	pos	3.0	0.109179742634	0.0286095403135	0.115793816745	0.0854559913278	0.0867501273751	-0.0445423722267	-0.0745715051889	-0.0641794726253	0.026289023459	0.21127641201	-0.0614884980023	-0.124362371862	-0.0932525992393	-0.0739541947842	-0.0867991894484	-0.0879357755184	0.256643474102	0.0795811265707	-0.0619147643447	-0.0185693260282	0.0304084625095	-0.0106961932033	0.0803609639406	0.0337568745017	0.203656882048	0.175665363669	0.317610532045	0.555386304855	0.0674061849713	0.0232590995729	0.0445768497884	0.0376970693469	0.0933528319001	0.0654124394059	0.0514851920307	0.0578927211463	0.0564781464636	0.0724395886064	-0.16068738699	0.0788006111979	0.0363464578986	0.0445300638676	0.0473218336701	0.064628392458	-0.0306052714586	-0.0297724343836	-0.0236102957278
343_TASK06_CON06_4.0_posneg	posneg	4.0	0.25747641921	-0.00555317243561	0.525745868683	0.168459415436	0.168318152428	-0.00595545396209	0.150691464543	0.421710669994	0.446246087551	-0.107191510499	-0.146364077926	0.11033988744	-0.145499929786	0.0920069590211	-0.049447093159	-0.0485312081873	-0.0975852534175	-0.21420365572	0.251234173775	-0.238977119327	0.268199443817	0.0320501886308	0.0321000479162	3.99488162657e-05	0.201415494084	0.220763087273	0.65105086565	0.961153388023	0.188609153032	0.200257733464	0.168758004904	0.0709567889571	0.269581854343	0.231903284788	0.138197436929	0.179330512881	0.185762673616	0.230680853128	-0.24168536067	0.237223774195	0.220314577222	0.153475299478	0.126631766558	0.133096948266	0.0974030196667	-0.0615760535002	-0.278993844986
343_TASK06_CON06_4.0_pos	pos	4.0	0.0372621826828	-0.000388393178582	0.0366966314614	0.0506917759776	0.0548224747181	-0.0126990284771	-0.0371364094317	-0.0372961759567	0.0068072900176	0.150012627244	-0.0361990295351	-0.0771741271019	-0.0637057945132	-0.036784760654	-0.0504790768027	-0.0539600811899	0.186247855425	0.0621826201677	-0.053921058774	-0.0350453071296	0.0382207296789	0.00533917220309	0.0325726419687	0.00360223883763	0.156426116824	0.121917426586	0.229513004422	0.424482375383	0.0239452905953	-0.0166666861624	-0.00308554293588	0.0138186439872	0.044666249305	0.0338204726577	0.00758721446618	0.00987149402499	0.0168515164405	0.0266393329948	-0.115033119917	0.0341657139361	0.00417718524113	-0.000151125947013	0.012528100051	0.0803611949086	-0.0124848345295	-0.0601099282503	0.00479772454128
343_TASK06_CON06_5.0_posneg	posneg	5.0	0.113338813186	-0.150359690189	0.495977163315	0.0598065182567	0.066302895546	0.0229995585978	0.0597401149571	0.286250501871	0.412980824709	-0.10481903702	-0.145954623818	0.0313002429903	-0.104193516076	0.0829262584448	-0.00651883194223	-0.032962039113	-0.0806722342968	-0.291318625212	0.130431741476	-0.17135438323	0.243703261018	0.139738157392	-0.0424849651754	-0.0877797603607	0.428982198238	0.295145004988	0.731990456581	0.966688156128	0.146105363965	0.146241769195	0.0972871333361	0.0108802989125	0.214802801609	0.174778059125	0.0666220262647	0.0901334583759	0.136062607169	0.168100580573	-0.302310436964	0.194083333015	0.173135623336	0.0882382616401	0.0607325136662	0.257372558117	0.168886572123	-0.152982473373	-0.357902348042
343_TASK06_CON06_5.0_pos	pos	5.0	-0.0237427093089	0.00893314275891	-0.0622945390642	0.0159149281681	0.032657224685	-0.0953315123916	0.00794534571469	-0.0105871856213	-0.0311630833894	0.0927448049188	-0.0160402152687	-0.0621492601931	-0.0329083502293	-0.0157340224832	0.0125413797796	-0.0283310376108	0.130064427853	0.00738341128454	-0.0652416273952	-0.0507192648947	0.0240661129355	0.0822555199265	0.00455211289227	-0.00603898009285	0.100092031062	0.086184926331	0.183942735195	0.245669290423	-0.0149564174935	-0.0603440962732	0.00215612608008	0.0112788118422	0.00129457027651	-0.0049314131029	0.0180611591786	0.00580889126286	-0.00217669294216	0.00943239219487	-0.0758293271065	-0.00681792106479	-0.0336348749697	0.00983060430735	0.0106441611424	0.053909137845	-0.0705585852265	-0.0180378817022	0.052362639457
343_TASK06_CON06_6.0_posneg	posneg	6.0	-0.260000437498	-0.434329986572	0.471306920052	-0.292344480753	-0.268079191446	-0.0922580659389	-0.272932738066	-0.0459904037416	0.440878897905	-0.0663584917784	-0.129981920123	-0.114151850343	-0.0337010584772	-0.0209874864668	0.0764713957906	-0.0357862040401	0.0417508296669	-0.298133611679	-0.0943563729525	0.0355384126306	0.0204280279577	0.410192489624	-0.246384397149	-0.305588424206	0.75227367878	0.485044687986	0.883294284344	0.977765500546	-0.0946101918817	-0.123443849385	-0.158239915967	-0.237849205732	-0.00257666385733	-0.0638487786055	-0.112298846245	-0.14977350831	-0.107324376702	-0.0349770523608	-0.528445780277	-0.0353639572859	-0.0728055536747	-0.120773307979	-0.170687377453	0.463279902935	0.298574626446	-0.271742671728	-0.54381942749
343_TASK06_CON06_6.0_pos	pos	6.0	0.0416404232383	0.0590622536838	-0.0461427010596	0.022616410628	0.0125668905675	-0.0892834812403	-0.0774866789579	-0.0567131079733	0.00953141599894	0.0635235607624	0.0381095781922	-0.0278505496681	-0.00116564391647	0.0336403176188	0.00842314492911	0.0111122168601	0.0754855796695	0.0736574977636	-0.0325202569366	-0.025469718501	0.059179879725	-0.0320768542588	0.0585099831223	0.0495112091303	0.0616348274052	0.10569062084	0.179460167885	0.138059958816	0.0394361503422	-0.0053356657736	0.0361853353679	0.05114447698	0.0635144934058	0.088926628232	0.0672726407647	0.0671081915498	0.0443037599325	0.0732566043735	-0.135557249188	0.0514603033662	0.0407783091068	0.0513462349772	0.0588317625225	0.0521850511432	-0.0567977540195	-0.0182569678873	0.0595363304019
343_TASK06_CON06_7.0_posneg	posneg	7.0	-0.412615060806	-0.630166590214	0.637604892254	-0.40230768919	-0.425308078527	0.0151509139687	-0.736090600491	-0.551992595196	0.656752884388	0.00745881255716	-0.0347494743764	-0.165354698896	-0.0702852681279	0.0114134326577	0.195331558585	0.0185185521841	0.254466593266	-0.282221406698	-0.0830465182662	-0.243870392442	-0.0106280287728	0.66959643364	-0.250370204449	-0.381257176399	0.942034780979	0.770949840546	0.966147363186	0.991712629795	-0.0390627905726	-0.102944031358	-0.150271341205	-0.267210066319	0.125088989735	0.140746489167	-0.0480885729194	-0.137816280127	-0.0477547459304	0.0954743176699	-0.82502913475	0.0538531057537	0.0348455905914	-0.0804805383086	-0.163236096501	0.590987861156	0.469118714333	-0.313300102949	-0.744128406048
343_TASK06_CON06_7.0_pos	pos	7.0	0.350992590189	0.128849834204	0.357920259237	0.301397413015	0.246255129576	0.0298984851688	0.0295656248927	0.0126758525148	0.0399888642132	0.326410591602	0.321537554264	0.232167065144	0.175115153193	0.353220015764	0.190510243177	0.312242090702	0.245777547359	0.316784292459	-0.0650302246213	-0.404946208	0.358172267675	-0.112358465791	0.216203540564	0.201623439789	0.304617375135	0.301437169313	0.198411792517	0.187662437558	0.342992931604	0.359222441912	-0.016330761835	0.219231262803	0.290258228779	0.40440839529	0.100823052227	0.203409701586	0.282575309277	0.278602570295	-0.0968680083752	0.324839025736	0.371700078249	0.0666208788753	0.225496172905	0.354102402925	0.270247429609	-0.37191838026	-0.146147593856
343_TASK06_CON06_8.0_posneg	posneg	8.0																																															
343_TASK06_CON06_8.0_pos	pos	8.0																																															
343_TASK06_CON06_9.0_posneg	posneg	9.0																																															
343_TASK06_CON06_9.0_pos	pos	9.0																																															
343_TASK06_CON06_10.0_posneg	posneg	10.0																																															
343_TASK06_CON06_10.0_pos	pos	10.0																																															
343_TASK06_CON06_11.0_posneg	posneg	11.0																																															
343_TASK06_CON06_11.0_pos	pos	11.0																																															
343_TASK06_CON06_12.0_posneg	posneg	12.0																																															
343_TASK06_CON06_12.0_pos	pos	12.0																																															
343_TASK06_CON06_13.0_posneg	posneg	13.0																																															
343_TASK06_CON06_13.0_pos	pos	13.0																																															
343_TASK07_CON31_0.0_posneg	posneg	0.0	0.707860767841	0.67589199543	0.330762118101	0.818486452103	0.839872658253	-0.341614454985	0.447993159294	0.035028513521	-0.520181238651	0.440512031317	0.0476493015885	0.0594733916223	0.0807574018836	0.179545029998	0.0640145018697	0.0853057801723	0.427795082331	-0.0183551050723	-0.0668921917677	0.0106075368822	0.116816729307	0.0537658073008	0.818625628948	0.853243350983	-0.360621154308	0.625257074833	0.567701399326	0.173051342368	0.89838719368	0.858153283596	0.839258432388	0.877540051937	0.830528199673	0.784079670906	0.802964627743	0.824656188488	0.904139757156	0.861205101013	0.444097787142	0.893524706364	0.868639230728	0.847440361977	0.881847023964	-0.0378194078803	-0.36470323801	0.165966928005	0.231207937002
343_TASK07_CON31_0.0_pos	pos	0.0	0.642182230949	0.564053118229	0.375918954611	0.723569631577	0.738734900951	-0.332545608282	0.241308242083	-0.0519476383924	-0.242526367307	0.526898920536	0.00809367932379	-0.0229206364602	-0.0130310980603	0.0357695966959	0.0375084914267	0.0149815278128	0.526306211948	0.0478780046105	-0.0988974347711	-0.0473493970931	0.0229409225285	0.0613646060228	0.741443097591	0.768199920654	-0.21280887723	0.620429456234	0.563261389732	0.185643658042	0.840163826942	0.778843045235	0.761823654175	0.802388846874	0.79461812973	0.756024301052	0.737145185471	0.775190651417	0.824004769325	0.795439660549	0.111624404788	0.837732851505	0.799801886082	0.770188331604	0.810387969017	-0.0749560669065	-0.327316254377	0.181213617325	0.191808149219
343_TASK07_CON31_1.0_posneg	posneg	1.0	0.743541061878	0.708447515965	0.357939898968	0.854299068451	0.87598580122	-0.379863917828	0.484683483839	0.0510118715465	-0.562174379826	0.477858781815	0.0494090504944	0.070629067719	0.0924130305648	0.199261307716	0.0640061870217	0.0919521078467	0.46283057332	-0.0274308603257	-0.0641858279705	0.0206025224179	0.139470025897	0.0512215644121	0.852866172791	0.885501563549	-0.399905860424	0.674305438995	0.621014177799	0.198234498501	0.920747220516	0.88678175211	0.868861734867	0.9055134058	0.859598636627	0.815942943096	0.835580766201	0.85244601965	0.928720712662	0.889796972275	0.480134487152	0.918119907379	0.896650612354	0.878962576389	0.908823132515	-0.0445256344974	-0.392501235008	0.181062296033	0.254145085812
343_TASK07_CON31_1.0_pos	pos	1.0	0.626515626907	0.531552016735	0.386648565531	0.697357356548	0.710262835026	-0.330983012915	0.178692877293	-0.0318309515715	-0.125694125891	0.516875088215	-0.0186777412891	-0.0361193269491	-0.0420281030238	0.00315189454705	0.0039483262226	-0.0176036898047	0.517839252949	0.0459282621741	-0.0659311935306	-0.0494530834258	0.0215829350054	0.0345661230385	0.711346447468	0.736984431744	-0.181072160602	0.603552877903	0.554246842861	0.213844150305	0.823498129845	0.753867089748	0.737514138222	0.786490917206	0.787796616554	0.751956760883	0.721372663975	0.760995388031	0.799661934376	0.778633654118	0.0195658430457	0.824043691158	0.780306398869	0.747049868107	0.79266756773	-0.103304311633	-0.308623433113	0.194082438946	0.192811474204
343_TASK07_CON31_2.0_posneg	posneg	2.0	0.779841780663	0.737907648087	0.390155136585	0.889143288136	0.909842610359	-0.418359279633	0.518644750118	0.0769561678171	-0.58842509985	0.527055561543	0.0493108853698	0.0761821940541	0.107945226133	0.218255251646	0.0604043416679	0.0961382910609	0.509014904499	-0.0334190987051	-0.0661677196622	0.0418515503407	0.165385037661	0.0436883829534	0.886921882629	0.914230525494	-0.437967330217	0.736482918262	0.687570989132	0.23184683919	0.942066192627	0.912683129311	0.896134912968	0.929415881634	0.888958930969	0.848320960999	0.867088973522	0.881062269211	0.949459135532	0.916564702988	0.50521337986	0.940454363823	0.922010719776	0.907428622246	0.93254506588	-0.0564775541425	-0.413775354624	0.197244733572	0.271297603846
343_TASK07_CON31_2.0_pos	pos	2.0	0.589974224567	0.481974124908	0.373218595982	0.643399178982	0.655959904194	-0.308979183435	0.102078385651	0.0039907200262	0.0145038971677	0.468363970518	-0.0634621158242	-0.0384171754122	-0.0776072815061	-0.0334598682821	-0.0420649424195	-0.0575961694121	0.471082597971	0.00986093189567	0.0107059050351	-0.0539448782802	0.0278940256685	-0.00371009646915	0.6561819911	0.679481565952	-0.144707933068	0.54862177372	0.510161519051	0.243141770363	0.792557895184	0.706948876381	0.683766305447	0.753779351711	0.76025146246	0.730135262012	0.682698786259	0.724715948105	0.760008692741	0.743782281876	-0.0797604098916	0.794792473316	0.742928683758	0.698775887489	0.757898449898	-0.132605746388	-0.257700681686	0.189086005092	0.188131481409
343_TASK07_CON31_3.0_posneg	posneg	3.0	0.812114357948	0.760828852654	0.419924020767	0.916471660137	0.934180855751	-0.444343805313	0.549861550331	0.12895706296	-0.580250561237	0.574904680252	0.0471264794469	0.0671345964074	0.121927544475	0.233554899693	0.0499444790184	0.0921469181776	0.551189720631	-0.028098218143	-0.0782667994499	0.0754198953509	0.195802375674	0.0296852625906	0.914041876793	0.934994220734	-0.462595760822	0.794985830784	0.74871891737	0.264435440302	0.958497405052	0.931559324265	0.915820121765	0.947339475155	0.913831591606	0.876385331154	0.890184819698	0.903997302055	0.963602781296	0.936048030853	0.501829266548	0.957189083099	0.940527915955	0.927132844925	0.949721038342	-0.0686798542738	-0.418650627136	0.20129057765	0.28617605567
343_TASK07_CON31_3.0_pos	pos	3.0	0.535355091095	0.422355264425	0.336125940084	0.564240098	0.581543266773	-0.272383719683	0.0127239795402	0.0308336913586	0.13518550992	0.409494012594	-0.0951009392738	-0.0387231856585	-0.103933550417	-0.0592285953462	-0.0828379020095	-0.0881702452898	0.408108413219	-0.0247173998505	0.0872155278921	-0.0515216365457	0.0336768701673	-0.0421880818903	0.575187087059	0.59062153101	-0.0972404778004	0.474100202322	0.448526889086	0.256666213274	0.739620029926	0.626602351665	0.592981874943	0.695236086845	0.700472950935	0.677774429321	0.613778114319	0.652922093868	0.696323573589	0.680260121822	-0.161949023604	0.742028176785	0.674866437912	0.61776226759	0.694468915462	-0.145430654287	-0.182387173176	0.164951980114	0.16229313612
343_TASK07_CON31_4.0_posneg	posneg	4.0	0.829857289791	0.767039597034	0.426428258419	0.929542064667	0.944983959198	-0.434945344925	0.542231023312	0.206807896495	-0.508450031281	0.617930829525	0.0463848561049	0.0386239662766	0.134154692292	0.22787758708	0.0397501699626	0.0791212320328	0.585963904858	-0.000506364624016	-0.10384735465	0.128350615501	0.209995627403	0.0163803361356	0.930907607079	0.945172071457	-0.450661182404	0.832561790943	0.791494011879	0.298634976149	0.964996874332	0.93813174963	0.920237660408	0.955332458019	0.926350772381	0.887132167816	0.897685468197	0.911777317524	0.969067454338	0.943895637989	0.442247867584	0.964664638042	0.94739574194	0.934006512165	0.956895232201	-0.0741049945354	-0.390199899673	0.182579264045	0.286202222109
343_TASK07_CON31_4.0_pos	pos	4.0	0.46479383111	0.342625141144	0.30943903327	0.484950214624	0.500653982162	-0.210906893015	-0.0861593484879	0.00250955438241	0.184215337038	0.341838121414	-0.119310438633	-0.0534161739051	-0.122973039746	-0.0945831313729	-0.107151463628	-0.117747917771	0.337599933147	-0.0435028783977	0.136624261737	-0.0377568677068	0.0121398316696	-0.047627158463	0.475905001163	0.47800514102	-0.0898678973317	0.402937322855	0.381860405207	0.250857442617	0.666275560856	0.537754178047	0.486885398626	0.616427719593	0.616127967834	0.583847522736	0.518542826176	0.555075287819	0.615351498127	0.588830590248	-0.179413825274	0.66524040699	0.580823242664	0.518241584301	0.606336414814	-0.138685598969	-0.0990054309368	0.121574133635	0.123579479754
343_TASK07_CON31_5.0_posneg	posneg	5.0	0.809976577759	0.718629360199	0.404037714005	0.921524822712	0.936879873276	-0.342473864555	0.438625901937	0.234260961413	-0.362610846758	0.665380358696	0.0313403531909	-0.00826829392463	0.0979441180825	0.153538435698	0.0599310696125	0.0602283775806	0.623442947865	-0.00817500986159	-0.133728414774	0.0990572869778	0.139995142817	0.0666807666421	0.925890564919	0.936043858528	-0.370012253523	0.842652082443	0.801097631454	0.282764106989	0.955758094788	0.921217381954	0.891971886158	0.944655776024	0.912109553814	0.858004212379	0.868499040604	0.886508405209	0.960032820702	0.930802404881	0.302144706249	0.957536458969	0.934875011444	0.914987385273	0.945942878723	-0.0726515427232	-0.299224555492	0.133629724383	0.250894039869
343_TASK07_CON31_5.0_pos	pos	5.0	0.371994823217	0.236502200365	0.296491533518	0.369924455881	0.37788900733	-0.12676653266	-0.13650251925	-0.0199419576675	0.186691910028	0.2513230443	-0.110726282001	-0.0562459826469	-0.108668476343	-0.0965188443661	-0.0979853793979	-0.116713114083	0.240666955709	-0.0532820783556	0.13163138926	-0.0166806802154	-0.00315413856879	-0.0263292305171	0.333746045828	0.324969917536	-0.0826654061675	0.309331089258	0.306765466928	0.234823420644	0.538991987705	0.428130537271	0.342080026865	0.484248191118	0.497828900814	0.451081573963	0.37526127696	0.418527036905	0.483894169331	0.454137414694	-0.151629850268	0.542314171791	0.456940382719	0.371770530939	0.468739181757	-0.101093262434	0.0217136498541	0.0457755252719	0.0466014631093
343_TASK07_CON31_6.0_posneg	posneg	6.0	0.693058371544	0.552269101143	0.331767052412	0.845704615116	0.867233812809	-0.173516079783	0.23507450521	0.175448775291	-0.175201579928	0.641063153744	0.0086426679045	0.0215239077806	0.0404359288514	0.0700657367706	0.0807999297976	0.0544130094349	0.581057906151	-0.0605449937284	-0.067578099668	-0.0166590902954	0.0116970697418	0.109661109746	0.856873750687	0.863677084446	-0.209146261215	0.785387098789	0.73727697134	0.219687104225	0.894682824612	0.822008788586	0.750788092613	0.869945466518	0.821503698826	0.705639958382	0.72605162859	0.762210845947	0.898075282574	0.841492772102	0.129681929946	0.902582168579	0.847305893898	0.801076829433	0.873161256313	-0.0477397292852	-0.145467177033	0.0666428357363	0.130421474576
343_TASK07_CON31_6.0_pos	pos	6.0	0.300196796656	0.19003559649	0.268248409033	0.240106269717	0.242900058627	-0.0541756823659	-0.149642303586	-0.0312167797238	0.161124899983	0.156169086695	-0.0831614881754	-0.0356408953667	-0.0598436519504	-0.0515899211168	-0.0567362569273	-0.0765548273921	0.146556079388	-0.092632651329	0.0886555835605	0.000386827479815	0.0104109505191	0.00185653788503	0.187644705176	0.166455820203	0.00613122526556	0.210864886642	0.22551253438	0.193033009768	0.366388827562	0.281249403954	0.188591837883	0.299067795277	0.353815078735	0.303214907646	0.233185261488	0.276988685131	0.304827153683	0.301357835531	-0.12971316278	0.372951328754	0.303342849016	0.213473081589	0.302626848221	-0.0362420193851	0.118717946112	-0.0294930785894	-0.0279141496867
343_TASK07_CON31_7.0_posneg	posneg	7.0	0.478363126516	0.341234713793	0.194207042456	0.621725320816	0.624312520027	-0.0221961885691	0.102438412607	0.0620590560138	-0.0783026739955	0.452519744635	0.00622671563178	0.0186719298363	0.00534411147237	-0.00642411084846	0.0494338683784	0.02043550089	0.403540432453	-0.0304690394551	-0.0106634516269	-0.0256120990962	-0.0498904623091	0.0670225471258	0.621932983398	0.623932719231	-0.0678698569536	0.567623436451	0.552719056606	0.138644456863	0.687445819378	0.57470792532	0.459641486406	0.634407222271	0.568200588226	0.428652048111	0.451560020447	0.527817368507	0.682426214218	0.597977280617	0.0533278211951	0.700646102428	0.596229612827	0.520424723625	0.646295428276	-0.00234145182185	-0.0508081391454	0.00894465856254	0.0658504441381
343_TASK07_CON31_7.0_pos	pos	7.0	0.151447683573	0.141202241182	0.100293926895	0.12995672226	0.132160693407	-0.0625458210707	-0.0378968976438	-0.10905687511	0.00441728485748	0.079012542963	-0.0211988482624	-0.0411938466132	-0.0246224142611	-0.0402629412711	-0.02829387784	-0.038996655494	0.0739162564278	-0.00867671705782	0.00190686178394	-0.0049605355598	-0.00319093558937	-0.00856475904584	0.0790343284607	0.0852271169424	0.0506933555007	0.076430991292	0.101436555386	0.0913737267256	0.150404393673	0.126537263393	0.064548663795	0.113253377378	0.158749625087	0.0791288539767	0.0672091022134	0.108041234314	0.121363840997	0.102561526	-0.00472463434562	0.166111111641	0.116958521307	0.0659001320601	0.113137409091	0.0872873961926	0.09272005409	-0.103959932923	-0.0083635840565
343_TASK07_CON31_8.0_posneg	posneg	8.0	-0.0574180483818	-0.0856909304857	0.0124613018706	0.0610400177538	0.127111792564	-0.0142028983682	0.0483031384647	-0.155671536922	-0.0767069831491	0.0493680946529	0.0494709722698	-0.127560690045	-0.0378946699202	0.0015577217564	-0.105546429753	-0.0332885533571	-0.00459529599175	0.154301449656	-0.00467193964869	-0.0303270425647	0.0731165185571	-0.156164973974	-0.178346976638	-0.116808354855	0.019938653335	-0.182281509042	-0.141809314489	-0.0955350324512	-0.0970421954989	-0.0102598639205	-0.0859099328518	-0.0387944430113	-0.00668278848752	-0.0630698725581	-0.171918705106	-0.240826562047	-0.12104126066	-0.168561846018	0.14616689086	-0.0825056880713	-0.0505685769022	-0.154605403543	-0.196121841669	0.0966894030571	0.101004689932	-0.119566231966	-0.0606169551611
343_TASK07_CON31_8.0_pos	pos	8.0	-0.0574180483818	-0.0856909304857	0.0124613018706	0.0610400177538	0.127111792564	-0.0142028983682	0.0483031384647	-0.155671536922	-0.0767069831491	0.0493680946529	0.0494709722698	-0.127560690045	-0.0378946699202	0.0015577217564	-0.105546429753	-0.0332885533571	-0.00459529599175	0.154301449656	-0.00467193964869	-0.0303270425647	0.0731165185571	-0.156164973974	-0.178346976638	-0.116808354855	0.019938653335	-0.182281509042	-0.141809314489	-0.0955350324512	-0.0970421954989	-0.0102598639205	-0.0859099328518	-0.0387944430113	-0.00668278848752	-0.0630698725581	-0.171918705106	-0.240826562047	-0.12104126066	-0.168561846018	0.14616689086	-0.0825056880713	-0.0505685769022	-0.154605403543	-0.196121841669	0.0966894030571	0.101004689932	-0.119566231966	-0.0606169551611
343_TASK07_CON31_9.0_posneg	posneg	9.0																																															
343_TASK07_CON31_9.0_pos	pos	9.0																																															
343_TASK07_CON31_10.0_posneg	posneg	10.0																																															
343_TASK07_CON31_10.0_pos	pos	10.0																																															
343_TASK07_CON31_11.0_posneg	posneg	11.0																																															
343_TASK07_CON31_11.0_pos	pos	11.0																																															
343_TASK07_CON31_12.0_posneg	posneg	12.0																																															
343_TASK07_CON31_12.0_pos	pos	12.0																																															
343_TASK07_CON31_13.0_posneg	posneg	13.0																																															
343_TASK07_CON31_13.0_pos	pos	13.0																																															
343_TASK07_CON32_0.0_posneg	posneg	0.0	0.604118049145	0.542010068893	0.340033203363	0.742540597916	0.759696185589	-0.288950711489	0.39172232151	0.0109012443572	-0.476693719625	0.34089538455	0.0315699838102	0.0410413295031	0.0611043460667	0.172342166305	0.0603010132909	0.0708458647132	0.32969096303	-0.0234671141952	-0.070387147367	-0.00440044282004	0.123945042491	0.0599379763007	0.724282026291	0.776634275913	-0.423709958792	0.566812396049	0.52360701561	0.177628472447	0.852642059326	0.894334852695	0.81738203764	0.824484109879	0.780056595802	0.773815631866	0.766798853874	0.787467360497	0.874817669392	0.822050094604	0.488503307104	0.843523621559	0.886059463024	0.81828469038	0.835435450077	-0.0967499613762	-0.199304625392	0.157083466649	0.131596386433
343_TASK07_CON32_0.0_pos	pos	0.0	0.536060035229	0.442305982113	0.356862902641	0.669622302055	0.673414289951	-0.2696608603	0.234979480505	-0.128450110555	-0.339303821325	0.502760410309	0.0233507230878	-0.0382819361985	-0.00357578811236	0.0275653544813	0.0847622826695	0.0327383689582	0.509978950024	0.0545246489346	-0.154011070728	-0.0589589029551	-0.0238561984152	0.132503837347	0.67800027132	0.718470215797	-0.288221597672	0.571626543999	0.498194783926	0.114472255111	0.798116207123	0.839503884315	0.773242175579	0.762394011021	0.735408961773	0.725250959396	0.71627664566	0.733301460743	0.80846041441	0.752883434296	0.251388132572	0.785245001316	0.825959920883	0.770775437355	0.77082914114	-0.117348738015	-0.231772005558	0.199563115835	0.0934561192989
343_TASK07_CON32_1.0_posneg	posneg	1.0	0.645641803741	0.577027976513	0.373703479767	0.789440631866	0.807862401009	-0.322181284428	0.434646636248	0.0362647362053	-0.521764218807	0.357648164034	0.0219623278826	0.0468421801925	0.0625887364149	0.19068954885	0.0530513077974	0.0681388899684	0.343578457832	-0.0405804850161	-0.061784543097	0.000825142371468	0.159594357014	0.0530278459191	0.766409575939	0.819477081299	-0.467971652746	0.618181049824	0.580769240856	0.213089838624	0.884809315205	0.920630156994	0.854038417339	0.862034976482	0.815123677254	0.807886362076	0.804602086544	0.821218788624	0.908764541149	0.857660233974	0.529469251633	0.878205358982	0.914008915424	0.856723487377	0.871698141098	-0.116825290024	-0.206157922745	0.177488520741	0.139267489314
343_TASK07_CON32_1.0_pos	pos	1.0	0.518237948418	0.396938830614	0.391822457314	0.645250141621	0.644554197788	-0.265077292919	0.182799756527	-0.10983620584	-0.243469938636	0.50221323967	-0.00762615446001	-0.0625365972519	-0.0384282134473	-0.00897240266204	0.0641662552953	-0.00181605399121	0.513984262943	0.05037503317	-0.142109423876	-0.0727254450321	-0.0304551124573	0.129030197859	0.647367477417	0.688202857971	-0.253356546164	0.563449382782	0.496760070324	0.144055023789	0.777872025967	0.82203066349	0.757519304752	0.737656891346	0.715131163597	0.713029444218	0.692390561104	0.708525717258	0.784019529819	0.723420321941	0.176293551922	0.763474047184	0.807024657726	0.750233650208	0.74397456646	-0.148232355714	-0.198619157076	0.218773752451	0.0608108602464
343_TASK07_CON32_2.0_posneg	posneg	2.0	0.684133768082	0.607331395149	0.409565448761	0.836635828018	0.854434609413	-0.358776241541	0.461886286736	0.0593252889812	-0.548481702805	0.376984894276	0.00342848012224	0.0475222505629	0.0616119243205	0.205365210772	0.032494187355	0.055612526834	0.361583888531	-0.0602636747062	-0.0473066680133	0.0167862605304	0.206869408488	0.0337501950562	0.807945132256	0.859712421894	-0.510216057301	0.681065261364	0.646031141281	0.253855109215	0.914476931095	0.942902743816	0.888473570347	0.895426034927	0.848157703876	0.838784039021	0.83846372366	0.854931354523	0.93683308363	0.888748943806	0.556903660297	0.908820509911	0.937681257725	0.891036689281	0.903944432735	-0.147228583694	-0.206170365214	0.203433007002	0.143001541495
343_TASK07_CON32_2.0_pos	pos	2.0	0.494696706533	0.349044173956	0.416321873665	0.592233419418	0.592825353146	-0.257984548807	0.130027517676	-0.0593156814575	-0.112928435206	0.46952432394	-0.0399999506772	-0.0663044899702	-0.0579316280782	-0.0348636209965	0.0255834311247	-0.0346051640809	0.48260602355	0.0274913981557	-0.0926217809319	-0.0582871176302	-0.0226859468967	0.094804264605	0.593957304955	0.636173188686	-0.199310064316	0.519206047058	0.459923833609	0.169278159738	0.739086806774	0.78571999073	0.714312016964	0.69723045826	0.678241074085	0.683919429779	0.645594060421	0.661142885685	0.743133842945	0.675584316254	0.0752911418676	0.724544525146	0.771387219429	0.704994976521	0.699714303017	-0.172490015626	-0.135705128312	0.210582330823	0.0289025306702
343_TASK07_CON32_3.0_posneg	posneg	3.0	0.720705389977	0.62880730629	0.451565444469	0.877101480961	0.892443716526	-0.389667898417	0.465364843607	0.0835396051407	-0.530036509037	0.38483902812	-0.0258020255715	0.0272097326815	0.053507193923	0.214564621449	-0.000207610544749	0.030333366245	0.373116999865	-0.0812899693847	-0.0408690273762	0.0429293178022	0.262857377529	0.00472010858357	0.844491779804	0.892078638077	-0.53465795517	0.740495026112	0.709360480309	0.302272051573	0.937750935555	0.958618044853	0.915805339813	0.921205103397	0.876287460327	0.863128662109	0.864842176437	0.882335782051	0.956070542336	0.912127554417	0.555030405521	0.931878566742	0.954805016518	0.917296350002	0.928388953209	-0.171911865473	-0.189774036407	0.216395094991	0.139143288136
343_TASK07_CON32_3.0_pos	pos	3.0	0.463119566441	0.311524122953	0.408899664879	0.521614313126	0.527658641338	-0.222829207778	0.0804894641042	0.00646075187251	0.00708898575976	0.419375896454	-0.0542589910328	-0.0485785603523	-0.0560488402843	-0.0429728478193	-0.0105445096269	-0.0498351827264	0.427949756384	-0.00357032963075	-0.02354224585	-0.0261347703636	-0.010461660102	0.0447611026466	0.524988174438	0.567839443684	-0.14432297647	0.436014026403	0.38349044323	0.165568485856	0.67646163702	0.724677920341	0.637505590916	0.634662926197	0.617378771305	0.632744789124	0.571028053761	0.588667035103	0.683677613735	0.609618127346	-0.0235275868326	0.661468803883	0.716940104961	0.630981326103	0.634440481663	-0.183926507831	-0.0444781146944	0.166629493237	0.00372384255752
343_TASK07_CON32_4.0_posneg	posneg	4.0	0.741619706154	0.629013895988	0.480895727873	0.897279262543	0.910471856594	-0.397982656956	0.422022759914	0.0851903706789	-0.453174591064	0.367636114359	-0.0658970996737	-0.012590627186	0.0336809828877	0.204491108656	-0.0382094010711	-0.0035003402736	0.362946510315	-0.111243166029	-0.048546038568	0.0717280805111	0.302563369274	-0.0282140914351	0.87085801363	0.911474943161	-0.515142858028	0.780111312866	0.752375423908	0.339335501194	0.949708342552	0.965750336647	0.930673062801	0.935052514076	0.894961953163	0.875050783157	0.878695547581	0.895552992821	0.965904772282	0.926206767559	0.508863091469	0.944952845573	0.963174164295	0.931828200817	0.941203951836	-0.182839259505	-0.128404289484	0.203141674399	0.110156819224
343_TASK07_CON32_4.0_pos	pos	4.0	0.41857624054	0.275703698397	0.377576053143	0.443188220263	0.450765550137	-0.167918309569	-0.00253757974133	0.0225851926953	0.0936407968402	0.347762048244	-0.0667101964355	-0.0364538952708	-0.0491796135902	-0.0473606847227	-0.0486362203956	-0.0624690540135	0.353369534016	-0.0379691310227	0.0404780171812	0.026203090325	0.00449870247394	-0.0131214577705	0.443238794804	0.484190821648	-0.122437566519	0.346376955509	0.30209711194	0.149100825191	0.597316741943	0.637456655502	0.539053320885	0.561468303204	0.542863488197	0.558512568474	0.480414420366	0.496977210045	0.608228325844	0.530789613724	-0.0885290428996	0.584001541138	0.635452032089	0.537603020668	0.553398251534	-0.180946901441	0.032494071871	0.109426558018	-0.0175583474338
343_TASK07_CON32_5.0_posneg	posneg	5.0	0.727952361107	0.592449963093	0.475789129734	0.897073566914	0.911031067371	-0.379655063152	0.326800227165	0.0579673312604	-0.328481733799	0.343412220478	-0.120509587228	-0.0601292960346	-0.000651415321045	0.160697817802	-0.0943607985973	-0.0517665743828	0.345100343227	-0.159910917282	-0.0349530056119	0.101404510438	0.315092504025	-0.0767397582531	0.877263367176	0.91292321682	-0.450977236032	0.794500291348	0.760871827602	0.319174170494	0.949257671833	0.96296697855	0.925715565681	0.93266671896	0.892787694931	0.862726807594	0.864230155945	0.884457111359	0.964964210987	0.922842204571	0.414715498686	0.945286750793	0.960436880589	0.927704870701	0.938272535801	-0.175584644079	-0.0380635224283	0.163422033191	0.0666043311357
343_TASK07_CON32_5.0_pos	pos	5.0	0.359004706144	0.209443122149	0.358726978302	0.351831614971	0.351868510246	-0.095881357789	-0.112947970629	0.00124804815277	0.169774845243	0.238531216979	-0.0896046310663	-0.0323130600154	-0.0581273436546	-0.0866285637021	-0.068772636354	-0.0874493643641	0.243292227387	-0.0619795396924	0.101181536913	0.0697462037206	-0.0386953167617	-0.00925584044307	0.315220087767	0.337138354778	-0.126874595881	0.285234719515	0.240615740418	0.149560272694	0.507438421249	0.539693176746	0.406877577305	0.465348094702	0.464639306068	0.463333159685	0.37303763628	0.39207047224	0.51338237524	0.438973039389	-0.130082830787	0.500655472279	0.531358242035	0.414657324553	0.450479388237	-0.138555839658	0.120484299958	0.035595305264	-0.0626380816102
343_TASK07_CON32_6.0_posneg	posneg	6.0	0.660858154297	0.501132488251	0.444280266762	0.878277599812	0.895382344723	-0.296432942152	0.187023758888	0.0397251658142	-0.162459805608	0.315450549126	-0.132259368896	-0.0613734014332	0.00242310250178	0.111467845738	-0.105420947075	-0.0621922165155	0.306063473225	-0.177769839764	-0.0112759824842	0.143587946892	0.276034981012	-0.0854168385267	0.845872581005	0.882493019104	-0.354095250368	0.784447073936	0.734696090221	0.271491587162	0.929242253304	0.946766257286	0.885851025581	0.90918469429	0.864187002182	0.804129719734	0.803287923336	0.830655813217	0.949481546879	0.892865478992	0.26053071022	0.929544270039	0.9396956563	0.892471432686	0.913006007671	-0.133185699582	0.0623008050025	0.0896649360657	0.0110322311521
343_TASK07_CON32_6.0_pos	pos	6.0	0.279818326235	0.119937852025	0.338513374329	0.204019129276	0.208260476589	-0.0188505854458	-0.153547137976	0.0354104340076	0.198738843203	0.12849983573	-0.109696500003	-0.0329274460673	-0.0657447427511	-0.0880516022444	-0.0601409077644	-0.0910363793373	0.125668868423	-0.113621942699	0.0962821766734	0.0630730167031	-0.0346218012273	0.0401943251491	0.146707594395	0.129648849368	-0.0513183660805	0.251752585173	0.257045120001	0.224152937531	0.334909588099	0.392445623875	0.232715636492	0.290481597185	0.33699926734	0.308013021946	0.213865920901	0.252812147141	0.356319904327	0.297388285398	-0.14154163003	0.34932950139	0.367586374283	0.239024147391	0.289906919003	-0.0723284259439	0.223001629114	-0.0408939495683	-0.110886447132
343_TASK07_CON32_7.0_posneg	posneg	7.0	0.518929481506	0.345260381699	0.35334315896	0.767651736736	0.797774016857	-0.204004213214	0.067373752594	-0.00633643148467	-0.0914159864187	0.246458113194	-0.0730303674936	-0.029254142195	0.0872135385871	0.103277981281	-0.0889147743583	-0.0155181167647	0.184493973851	-0.12076626718	-0.0223192051053	0.230499044061	0.222082436085	-0.0964078009129	0.772836387157	0.798445224762	-0.192718356848	0.720528662205	0.71296697855	0.230726122856	0.84312748909	0.884762406349	0.758150339127	0.805855214596	0.77075111866	0.636211454868	0.672047138214	0.710854113102	0.890998721123	0.807296097279	0.0921284854412	0.867392897606	0.864136517048	0.791063547134	0.825720191002	-0.0761063173413	0.0721398591995	0.0501229353249	-0.0659954026341
343_TASK07_CON32_7.0_pos	pos	7.0	0.179297879338	0.0504297241569	0.248007282615	0.0192444287241	0.0457926876843	-0.0351997464895	-0.169946610928	-0.0338310487568	0.166043207049	0.0526021569967	-0.144123464823	-0.0900448262691	-0.129362463951	-0.103954829276	-0.0875611454248	-0.12502412498	0.0743291378021	-0.126581206918	0.076725192368	-0.0411180332303	0.0363731123507	0.021738095209	0.0477083846927	0.0189392808825	0.0447650998831	0.183215394616	0.248750835657	0.212107628584	0.138261929154	0.212805494666	0.109800495207	0.102268896997	0.141418248415	0.180136337876	0.12460962683	0.135106742382	0.171292021871	0.149455010891	-0.133138448	0.132014632225	0.192605346441	0.121172130108	0.116969719529	-0.055494364351	0.196245670319	-0.0281266607344	-0.0923186764121
343_TASK07_CON32_8.0_posneg	posneg	8.0	0.107791081071	0.0126512274146	0.246202304959	-0.126699909568	0.0541051663458	0.0561266429722	0.0699183195829	-0.0272669102997	-0.0792740359902	-0.240022152662	0.185530588031	0.221121236682	0.132292896509	0.107092343271	0.231142625213	0.210523918271	-0.321814656258	0.0719005167484	0.0894381850958	-0.204529210925	-0.0489067398012	0.0853687003255	-0.106405772269	-0.152261286974	-0.00738902157173	-0.0573197007179	0.07916867733	0.130876943469	0.0640217810869	0.129402667284	-0.127007782459	-0.163914173841	0.0126390615478	0.0559254363179	-0.129443123937	-0.144642278552	0.125251024961	0.0185145325959	-0.0199062135071	0.0935392454267	0.114605143666	-0.12936194241	-0.13666947186	0.0833394750953	0.236114576459	-0.0849684402347	-0.271661490202
343_TASK07_CON32_8.0_pos	pos	8.0	0.107791081071	0.0126512274146	0.246202304959	-0.126699909568	0.0541051663458	0.0561266429722	0.0699183195829	-0.0272669102997	-0.0792740359902	-0.240022152662	0.185530588031	0.221121236682	0.132292896509	0.107092343271	0.231142625213	0.210523918271	-0.321814656258	0.0719005167484	0.0894381850958	-0.204529210925	-0.0489067398012	0.0853687003255	-0.106405772269	-0.152261286974	-0.00738902157173	-0.0573197007179	0.07916867733	0.130876943469	0.0640217810869	0.129402667284	-0.127007782459	-0.163914173841	0.0126390615478	0.0559254363179	-0.129443123937	-0.144642278552	0.125251024961	0.0185145325959	-0.0199062135071	0.0935392454267	0.114605143666	-0.12936194241	-0.13666947186	0.0833394750953	0.236114576459	-0.0849684402347	-0.271661490202
343_TASK07_CON32_9.0_posneg	posneg	9.0																																															
343_TASK07_CON32_9.0_pos	pos	9.0																																															
343_TASK07_CON32_10.0_posneg	posneg	10.0																																															
343_TASK07_CON32_10.0_pos	pos	10.0																																															
343_TASK07_CON32_11.0_posneg	posneg	11.0																																															
343_TASK07_CON32_11.0_pos	pos	11.0																																															
343_TASK07_CON32_12.0_posneg	posneg	12.0																																															
343_TASK07_CON32_12.0_pos	pos	12.0																																															
343_TASK07_CON32_13.0_posneg	posneg	13.0																																															
343_TASK07_CON32_13.0_pos	pos	13.0																																															
343_TASK07_CON33_0.0_posneg	posneg	0.0	0.637495219707	0.587343513966	0.339979171753	0.771178245544	0.789131402969	-0.323543101549	0.366290211678	-0.0344347283244	-0.495694160461	0.38629373908	-0.0310459546745	-0.0206135120243	-0.00283611379564	0.0871106237173	0.0119897397235	0.00321410689503	0.399363607168	-0.0368460305035	-0.0608315058053	-0.0085823694244	0.100902818143	0.0606932044029	0.789013028145	0.825111448765	-0.382084280252	0.583141744137	0.532988488674	0.166846394539	0.842010557652	0.83375275135	0.905999958515	0.830615997314	0.775403916836	0.74109172821	0.855830192566	0.841807305813	0.880750596523	0.851784586906	0.409832239151	0.830111145973	0.830530643463	0.906769037247	0.85910910368	-0.247995495796	-0.427478402853	0.400938361883	0.20066909492
343_TASK07_CON33_0.0_pos	pos	0.0	0.593530714512	0.495663076639	0.392464071512	0.669447422028	0.681890428066	-0.316044926643	0.159709051251	-0.100687786937	-0.224352285266	0.503263235092	-0.0505553036928	-0.0858486816287	-0.0818874314427	-0.0439041629434	0.00532316602767	-0.0475839860737	0.534075796604	0.051167562604	-0.0983094274998	-0.0669969990849	-0.0123188029975	0.0991122797132	0.728841006756	0.752508342266	-0.248330071568	0.601230800152	0.560515224934	0.198640674353	0.776510238647	0.741736590862	0.863299965858	0.759544491768	0.739102303982	0.711576640606	0.805040121078	0.795137822628	0.805142819881	0.789421081543	0.106410294771	0.766231894493	0.748754620552	0.858182907104	0.791954815388	-0.267111778259	-0.391105592251	0.385277301073	0.166147053242
343_TASK07_CON33_1.0_posneg	posneg	1.0	0.677990317345	0.623857557774	0.370182484388	0.811376988888	0.831005275249	-0.359649062157	0.408518910408	-0.0203890446573	-0.540482103825	0.416667044163	-0.0425022505224	-0.0152422338724	-0.000821631401777	0.102825522423	0.00682369619608	0.00234459899366	0.427030563354	-0.060789886862	-0.0550125613809	-0.00567157380283	0.127526715398	0.059774890542	0.828821599483	0.863672971725	-0.42121180892	0.634699821472	0.587705492973	0.190676242113	0.873104572296	0.864166259766	0.929596543312	0.868146359921	0.812224328518	0.778026878834	0.884911119938	0.87024730444	0.912346124649	0.884874522686	0.445728361607	0.865475296974	0.863312244415	0.931689918041	0.89223831892	-0.27676436305	-0.450098305941	0.432982504368	0.219510138035
343_TASK07_CON33_1.0_pos	pos	1.0	0.577950954437	0.460122317076	0.406947076321	0.628956675529	0.638030469418	-0.302922904491	0.0977455601096	-0.0770898759365	-0.103103779256	0.492750436068	-0.0907885581255	-0.103610046208	-0.117429144681	-0.0812630429864	-0.0254308320582	-0.082382813096	0.527540385723	0.0305463876575	-0.0649248808622	-0.0829184725881	-0.018830832094	0.0880497917533	0.701278448105	0.723654687405	-0.217284679413	0.586599349976	0.556291460991	0.22163425386	0.74981200695	0.705235600471	0.854653358459	0.742802083492	0.725244700909	0.706085681915	0.794747769833	0.781437516212	0.782149136066	0.773413658142	0.0127638401464	0.743249952793	0.719566702843	0.846268832684	0.77421104908	-0.321512967348	-0.364310860634	0.414228647947	0.160809636116
343_TASK07_CON33_2.0_posneg	posneg	2.0	0.719740390778	0.653975605965	0.411156982183	0.847993612289	0.869313538074	-0.395784586668	0.44992634654	0.0156066128984	-0.557766258717	0.459548473358	-0.0582263097167	-0.00735777430236	-0.00360577553511	0.113873943686	-0.00299369404092	-0.0019185396377	0.468442082405	-0.090873979032	-0.0407457798719	-0.00802631303668	0.153240665793	0.0554007478058	0.867209792137	0.897699773312	-0.452958554029	0.700847327709	0.65932071209	0.228688463569	0.901236593723	0.888292849064	0.949547052383	0.899738013744	0.846857070923	0.811218380928	0.909427583218	0.896223366261	0.937825918198	0.913063585758	0.464162498713	0.896956145763	0.89051502943	0.951977849007	0.920199990273	-0.306118071079	-0.467470347881	0.461026459932	0.232715368271
343_TASK07_CON33_2.0_pos	pos	2.0	0.545513272285	0.411553502083	0.394327908754	0.554252028465	0.56118452549	-0.268034279346	0.0253073424101	-0.0230978261679	0.0513356477022	0.440895855427	-0.132225692272	-0.107478000224	-0.148323193192	-0.116120882332	-0.0750138014555	-0.120043732226	0.481879979372	-0.00472608301789	0.0140833491459	-0.0824619457126	-0.0159617718309	0.0478717647493	0.645482242107	0.668515563011	-0.179315492511	0.52929854393	0.515524566174	0.240933552384	0.694745004177	0.630608916283	0.830936431885	0.705809056759	0.686659872532	0.677968084812	0.767708063126	0.74876666069	0.738762199879	0.740455269814	-0.0962534919381	0.694527506828	0.658684015274	0.820610880852	0.739117383957	-0.379481166601	-0.32677346468	0.438321769238	0.155646681786
343_TASK07_CON33_3.0_posneg	posneg	3.0	0.75011742115	0.665717422962	0.449744910002	0.870627462864	0.891471683979	-0.409965783358	0.464859455824	0.0726488009095	-0.532860815525	0.506664037704	-0.0798496603966	-0.0153996879235	-0.0183203741908	0.10251186043	-0.0177718829364	-0.01484707091	0.516674518585	-0.126128554344	-0.0295766349882	-0.016309004277	0.162136778235	0.0539182350039	0.897615849972	0.922240436077	-0.46204456687	0.758848905563	0.726103007793	0.267438977957	0.918665647507	0.896784126759	0.962360680103	0.921835839748	0.870385527611	0.832488298416	0.924198746681	0.913763999939	0.952925145626	0.931172728539	0.440325498581	0.917011260986	0.903723955154	0.964165210724	0.938894689083	-0.333510547876	-0.467955708504	0.475397258997	0.242065861821
343_TASK07_CON33_3.0_pos	pos	3.0	0.520387470722	0.380276232958	0.369731217623	0.477327376604	0.484433531761	-0.226804360747	-0.0451777428389	0.0349811799824	0.178977116942	0.386940687895	-0.157865360379	-0.09846470505	-0.159692391753	-0.138643577695	-0.118753999472	-0.143514633179	0.429364621639	-0.0423210784793	0.102077528834	-0.0583649836481	-0.0205942969769	-0.0037317792885	0.588537812233	0.612105190754	-0.141441226006	0.451490223408	0.456442534924	0.238442540169	0.619059503078	0.515471756458	0.793595075607	0.662196934223	0.628157138824	0.627012968063	0.727155566216	0.708165764809	0.680753290653	0.695331454277	-0.19176158309	0.625735104084	0.56322145462	0.783764243126	0.697671592236	-0.421530514956	-0.305262416601	0.442082315683	0.182209789753
343_TASK07_CON33_4.0_posneg	posneg	4.0	0.765158832073	0.654610812664	0.471891462803	0.871175825596	0.890802562237	-0.379084736109	0.443097889423	0.153145000339	-0.44720441103	0.554868102074	-0.0964714810252	-0.0165474079549	-0.0373472087085	0.0687311589718	-0.0147711457685	-0.0193706396967	0.562857508659	-0.168950021267	-0.0103269219398	-0.0476160161197	0.134203255177	0.0728465020657	0.915046870708	0.9331818223	-0.434077560902	0.798422217369	0.777158081532	0.291992008686	0.920943260193	0.886071026325	0.966815292835	0.930266559124	0.880749225616	0.835586965084	0.92779392004	0.919014632702	0.957870483398	0.939315319061	0.358961522579	0.923971474171	0.899792671204	0.968297302723	0.946265459061	-0.349197953939	-0.441540837288	0.46625161171	0.244605392218
343_TASK07_CON33_4.0_pos	pos	4.0	0.479472100735	0.345903724432	0.314466267824	0.393359392881	0.39831250906	-0.167409449816	-0.116424061358	0.0623137429357	0.253215670586	0.326588690281	-0.166892692447	-0.0800301060081	-0.151852548122	-0.147843137383	-0.136775836349	-0.149420320988	0.365045517683	-0.0791852027178	0.173404335976	-0.0217689629644	-0.029340909794	-0.0369496531785	0.51935005188	0.538054406643	-0.130884632468	0.378724485636	0.39490711689	0.205030888319	0.524574041367	0.381814032793	0.737665295601	0.606086850166	0.552368342876	0.550452828407	0.668185591698	0.64601868391	0.607947528362	0.634928286076	-0.24621579051	0.541496932507	0.443387567997	0.727179825306	0.640872061253	-0.444849789143	-0.282165110111	0.436001032591	0.194202959538
343_TASK07_CON33_5.0_posneg	posneg	5.0	0.734639704227	0.588095486164	0.437646716833	0.835309803486	0.854531705379	-0.280812650919	0.335809022188	0.188741654158	-0.283865660429	0.575251400471	-0.0948209315538	-0.0126706082374	-0.0573017932475	0.0118960952386	-0.00844366569072	-0.0268018357456	0.5755610466	-0.166039913893	0.0287797637284	-0.0829291492701	0.0687982738018	0.0887390449643	0.908646583557	0.924398481846	-0.352199047804	0.802613377571	0.791973352432	0.256670385599	0.892025530338	0.829347789288	0.957348048687	0.913481235504	0.85193759203	0.792840719223	0.910058140755	0.8957644701	0.945294141769	0.926233768463	0.205801129341	0.901779651642	0.857791006565	0.959481358528	0.932561993599	-0.340111911297	-0.379431247711	0.421231091022	0.228419706225
343_TASK07_CON33_5.0_pos	pos	5.0	0.416562289	0.287007600069	0.263316214085	0.29816198349	0.289722442627	-0.0812473297119	-0.169626444578	0.0946425125003	0.293278902769	0.258120507002	-0.14503608644	-0.0441945530474	-0.125973686576	-0.136597082019	-0.0975125730038	-0.124405756593	0.273597627878	-0.115098319948	0.194055736065	-0.0287563409656	-0.0583885982633	-0.005216085352	0.422730416059	0.435027450323	-0.146895781159	0.311149090528	0.344046533108	0.169393062592	0.408189862967	0.254660636187	0.661138176918	0.527093946934	0.462050646544	0.463262081146	0.599286019802	0.564037621021	0.511725246906	0.557996511459	-0.271056085825	0.439314484596	0.32204630971	0.648138701916	0.559115767479	-0.458296597004	-0.235150724649	0.428193837404	0.152290418744
343_TASK07_CON33_6.0_posneg	posneg	6.0	0.581010103226	0.404281139374	0.27038359642	0.66456669569	0.689037561417	-0.121877282858	0.161479532719	0.17343467474	-0.0972781926394	0.511629939079	-0.0723803192377	-0.0210738703609	-0.0559705235064	-0.03928854689	-0.00705649051815	-0.0431673079729	0.509716391563	-0.0787267610431	0.0367277041078	-0.0494318641722	-0.014993394725	0.0805950537324	0.823426604271	0.837350785732	-0.222287416458	0.682626247406	0.703176677227	0.153111577034	0.738653302193	0.601236760616	0.885627686977	0.812421321869	0.7093116045	0.614757180214	0.811829507351	0.787015974522	0.860161364079	0.843544900417	0.0339937955141	0.775571405888	0.662973165512	0.892644166946	0.846930205822	-0.282623589039	-0.24875497818	0.318716466427	0.13922418654
343_TASK07_CON33_6.0_pos	pos	6.0	0.313887864351	0.180731803179	0.214692950249	0.178643122315	0.158917024732	0.0138686737046	-0.161822065711	0.120553217828	0.265016317368	0.191888332367	-0.114554308355	-0.0164382886142	-0.0930101126432	-0.118791587651	-0.0329495035112	-0.0941339507699	0.201128348708	-0.122692637146	0.149413943291	-0.0269318148494	-0.102871619165	0.0813788771629	0.307355374098	0.29997843504	-0.154369667172	0.275827646255	0.318670362234	0.100213766098	0.276370495558	0.156005606055	0.520035028458	0.407661527395	0.341187417507	0.353524118662	0.484819680452	0.444418877363	0.37040245533	0.440919876099	-0.219829902053	0.304987519979	0.215295240283	0.50630569458	0.431735306978	-0.405204057693	-0.129709124565	0.361950576305	0.0472310744226
343_TASK07_CON33_7.0_posneg	posneg	7.0	0.316127210855	0.119053512812	0.151296779513	0.302088290453	0.31546202302	0.0554139055312	0.0632389783859	0.119765773416	-0.0174954105169	0.283682227135	-0.0164092984051	0.00551991956308	-0.0169194638729	-0.0393524765968	0.0445053167641	-0.00647742580622	0.294209182262	-0.0378409922123	-0.00357128935866	-0.00453465804458	-0.087087251246	0.102385088801	0.511894822121	0.509270489216	-0.12846121192	0.4102832973	0.478487849236	-0.011875687167	0.417419135571	0.28033208847	0.636199355125	0.526559472084	0.404924541712	0.327652722597	0.573917329311	0.532494008541	0.580251216888	0.588469743729	0.0187269039452	0.453133106232	0.321752369404	0.653307199478	0.564822614193	-0.248364448547	-0.0712110102177	0.237203225493	-0.020538199693
343_TASK07_CON33_7.0_pos	pos	7.0	0.0922327190638	-0.0414440110326	0.153174519539	0.0176219157875	0.0101318741217	0.135766535997	-0.0302022919059	0.128354728222	0.11209641397	0.0915451198816	-0.0332797579467	0.0126856770366	0.0102219199762	-0.0414216443896	0.0695218890905	0.000127073872136	0.0985316932201	-0.112096704543	-0.0209032241255	0.0517934113741	-0.111478671432	0.138882100582	0.147740975022	0.128525078297	-0.169479519129	0.18895727396	0.228178441525	-0.0827623680234	0.192554801702	0.135893672705	0.331679135561	0.237756580114	0.194033563137	0.228743910789	0.311973839998	0.255677908659	0.236434027553	0.266615301371	0.00624810764566	0.1911868155	0.161919414997	0.317551314831	0.244842231274	-0.29464712739	0.0463630855083	0.253412932158	-0.158577427268
343_TASK07_CON33_8.0_posneg	posneg	8.0	0.0986741036177	-0.0917043089867	0.202983766794	-0.0248850565404	-0.00587924849242	0.220148041844	0.137151181698	0.173208802938	-0.037442676723	-0.0132606485859	0.10265635699	0.126221030951	0.257335752249	0.131811261177	0.243400469422	0.19639351964	-0.0272790919989	-0.243382036686	-0.221913039684	0.294258594513	-0.122633628547	0.220601424575	0.118920147419	0.0942016020417	-0.122016265988	0.221570193768	0.257086664438	-0.199284598231	0.174092009664	0.187393888831	0.325385004282	0.28662404418	0.267409265041	0.246413245797	0.31190982461	0.258397907019	0.303628951311	0.324299484491	0.186503455043	0.247719153762	0.221905142069	0.32215192914	0.309844255447	-0.271566092968	0.219596490264	0.221574574709	-0.290879756212
343_TASK07_CON33_8.0_pos	pos	8.0	0.0986741036177	-0.0917043089867	0.202983766794	-0.0248850565404	-0.00587924849242	0.220148041844	0.137151181698	0.173208802938	-0.037442676723	-0.0132606485859	0.10265635699	0.126221030951	0.257335752249	0.131811261177	0.243400469422	0.19639351964	-0.0272790919989	-0.243382036686	-0.221913039684	0.294258594513	-0.122633628547	0.220601424575	0.118920147419	0.0942016020417	-0.122016265988	0.221570193768	0.257086664438	-0.199284598231	0.174092009664	0.187393888831	0.325385004282	0.28662404418	0.267409265041	0.246413245797	0.31190982461	0.258397907019	0.303628951311	0.324299484491	0.186503455043	0.247719153762	0.221905142069	0.32215192914	0.309844255447	-0.271566092968	0.219596490264	0.221574574709	-0.290879756212
343_TASK07_CON33_9.0_posneg	posneg	9.0	0.237913027406	0.321767508984	-0.320988148451	0.381967931986	0.391462087631	-0.0139255356044	0.00115403882228	0.0049285357818	0.0331886447966	-0.398656159639	0.361209452152	0.106906920671	0.0127199888229	0.0932060480118	0.275215148926	0.184471517801	-0.235324710608	0.26524874568	0.152589529753	-0.434647321701	-0.37248852849	-0.0300736669451	-0.495369136333	-0.307671666145	0.346512526274	-0.349863022566	-0.471278220415	0.059528876096	-0.201029345393	-0.319336086512	-0.234633341432	-0.0137580810115	0.0142620764673	-0.167212352157	-0.249874129891	-0.230258852243	-0.206027030945	-0.189872160554	-0.325736522675	-0.128944084048	-0.21349401772	-0.236720278859	-0.117856778204	0.272499710321	0.0824744775891	-0.275756567717	0.33043217659
343_TASK07_CON33_9.0_pos	pos	9.0	0.237913027406	0.321767508984	-0.320988148451	0.381967931986	0.391462087631	-0.0139255356044	0.00115403882228	0.0049285357818	0.0331886447966	-0.398656159639	0.361209452152	0.106906920671	0.0127199888229	0.0932060480118	0.275215148926	0.184471517801	-0.235324710608	0.26524874568	0.152589529753	-0.434647321701	-0.37248852849	-0.0300736669451	-0.495369136333	-0.307671666145	0.346512526274	-0.349863022566	-0.471278220415	0.059528876096	-0.201029345393	-0.319336086512	-0.234633341432	-0.0137580810115	0.0142620764673	-0.167212352157	-0.249874129891	-0.230258852243	-0.206027030945	-0.189872160554	-0.325736522675	-0.128944084048	-0.21349401772	-0.236720278859	-0.117856778204	0.272499710321	0.0824744775891	-0.275756567717	0.33043217659
343_TASK07_CON33_10.0_posneg	posneg	10.0																																															
343_TASK07_CON33_10.0_pos	pos	10.0																																															
343_TASK07_CON33_11.0_posneg	posneg	11.0																																															
343_TASK07_CON33_11.0_pos	pos	11.0																																															
343_TASK07_CON33_12.0_posneg	posneg	12.0																																															
343_TASK07_CON33_12.0_pos	pos	12.0																																															
343_TASK07_CON33_13.0_posneg	posneg	13.0																																															
343_TASK07_CON33_13.0_pos	pos	13.0																																															
343_TASK07_CON34_0.0_posneg	posneg	0.0	0.700945675373	0.679370522499	0.306121766567	0.77935385704	0.792866766453	-0.315545767546	0.454966366291	0.07245156914	-0.47865369916	0.434613645077	0.0331488288939	0.0424599200487	0.0630586817861	0.167773708701	0.0815996006131	0.0841124951839	0.419229716063	-0.0473573356867	-0.0822255685925	-0.0223411824554	0.10571744293	0.0907268375158	0.806092500687	0.83003872633	-0.320464402437	0.540311574936	0.472669780254	0.0967240557075	0.850596725941	0.817618370056	0.803002536297	0.880884110928	0.818742275238	0.773568630219	0.797209203243	0.822791457176	0.869141757488	0.848701894283	0.38380074501	0.860084176064	0.834943711758	0.819421648979	0.87912863493	-0.0916019156575	-0.397525727749	0.170135602355	0.327776223421
343_TASK07_CON34_0.0_pos	pos	0.0	0.647925436497	0.580158948898	0.362629920244	0.70908665657	0.712937831879	-0.318485856056	0.214759498835	-0.0621848590672	-0.23261475563	0.547667562962	0.000709255866241	-0.029895644635	-0.0120908701792	0.0226757284254	0.0372638851404	0.0126218162477	0.547245562077	0.0350971743464	-0.10845553875	-0.042128611356	0.00722574116662	0.0654400736094	0.74250972271	0.756406068802	-0.19518533349	0.572895407677	0.515053868294	0.144580408931	0.794190764427	0.734785497189	0.748451948166	0.821591377258	0.782738566399	0.750214457512	0.7539280653	0.786121606827	0.793548941612	0.792406737804	0.0851203352213	0.803650259972	0.764776527882	0.7635166049	0.820617139339	-0.167323872447	-0.379133343697	0.246381685138	0.269660264254
343_TASK07_CON34_1.0_posneg	posneg	1.0	0.745233178139	0.721547842026	0.334023147821	0.823778092861	0.84051579237	-0.35245847702	0.518725514412	0.112609006464	-0.529927551746	0.477249056101	0.033190779388	0.0534682907164	0.0716059505939	0.18868406117	0.0925423279405	0.0943283364177	0.458723396063	-0.0668714269996	-0.0841055512428	-0.0262757800519	0.126652568579	0.105003371835	0.848568558693	0.872588098049	-0.361318588257	0.593107283115	0.523928701878	0.111122839153	0.885830879211	0.855540931225	0.844602584839	0.913090229034	0.855707466602	0.811962425709	0.83542150259	0.855202674866	0.906298756599	0.884111166	0.424102127552	0.895198881626	0.871827065945	0.861145734787	0.911114990711	-0.101672835648	-0.428992956877	0.184492692351	0.360511541367
343_TASK07_CON34_1.0_pos	pos	1.0	0.638665676117	0.55322021246	0.379537820816	0.683868408203	0.686115503311	-0.310703933239	0.153775200248	-0.0237545911223	-0.100885532796	0.541438400745	-0.0337302200496	-0.0418177694082	-0.0482863597572	-0.0127199124545	0.00931436289102	-0.0220946632326	0.543027281761	0.0206433851272	-0.0646408721805	-0.0602283775806	0.00491980277002	0.0453630164266	0.717594444752	0.731066465378	-0.165201127529	0.569276750088	0.519409954548	0.17510895431	0.77328556776	0.699671447277	0.732303142548	0.805401682854	0.771299302578	0.745494604111	0.740236580372	0.771665811539	0.768739819527	0.774084866047	-0.0144944116473	0.784918665886	0.738177120686	0.745920240879	0.802660822868	-0.212904408574	-0.36062052846	0.280873328447	0.257553875446
343_TASK07_CON34_2.0_posneg	posneg	2.0	0.790252327919	0.759268403053	0.368947088718	0.868679046631	0.886766731739	-0.393835455179	0.574301838875	0.170145526528	-0.559848964214	0.538059175014	0.0328109934926	0.0602640211582	0.0852614790201	0.209022119641	0.106268934906	0.104890666902	0.514769613743	-0.0854571610689	-0.0919624045491	-0.0208393801004	0.147750601172	0.121988102794	0.890069365501	0.910412490368	-0.397102981806	0.663744270802	0.591942250729	0.134295895696	0.918291628361	0.890688419342	0.88425219059	0.940377771854	0.890933573246	0.848737776279	0.871260404587	0.887302696705	0.93715518713	0.915504872799	0.451251208782	0.926016330719	0.90474909544	0.899631857872	0.93868714571	-0.118702121079	-0.453183323145	0.202071294188	0.389322012663
343_TASK07_CON34_2.0_pos	pos	2.0	0.604034721851	0.50455904007	0.368449747562	0.632339477539	0.635619878769	-0.283925741911	0.0712233930826	0.0258126650006	0.048673491925	0.502282381058	-0.0691070556641	-0.0425516739488	-0.0760632008314	-0.0436160005629	-0.02977851592	-0.0545339435339	0.504942893982	-0.010328146629	0.00873869657516	-0.0622236318886	0.00925285741687	0.00798323191702	0.671356201172	0.686571538448	-0.138778358698	0.531329393387	0.488875389099	0.195594832301	0.734815061092	0.642614901066	0.695658504963	0.776706457138	0.739106953144	0.720806896687	0.708465695381	0.736091077328	0.730411946774	0.739287674427	-0.115090340376	0.74854183197	0.691620647907	0.710533738136	0.77114212513	-0.257961183786	-0.312629908323	0.304165661335	0.229270711541
343_TASK07_CON34_3.0_posneg	posneg	3.0	0.827874362469	0.783926486969	0.401466667652	0.904904484749	0.920507311821	-0.422090411186	0.601082980633	0.243320703506	-0.544158160686	0.605725228786	0.0305521395057	0.0560282915831	0.098887488246	0.220361441374	0.127613306046	0.115864291787	0.574161827564	-0.104394361377	-0.113234385848	-0.0137505698949	0.158859923482	0.147723570466	0.92363768816	0.937404453754	-0.416744947433	0.740197181702	0.669897913933	0.174921795726	0.943350255489	0.916060984135	0.915088772774	0.957806110382	0.91900575161	0.878600955009	0.897134721279	0.911775171757	0.957916557789	0.937356412411	0.44564384222	0.94859367609	0.92904406786	0.927402317524	0.956337273121	-0.13616245985	-0.458042621613	0.213072091341	0.3990213871
343_TASK07_CON34_3.0_pos	pos	3.0	0.524836957455	0.414524197578	0.326825231314	0.538748383522	0.542542338371	-0.229748085141	-0.0378469564021	0.0362212657928	0.153870210052	0.426818042994	-0.105014145374	-0.0442091785371	-0.0992496460676	-0.0733502134681	-0.0685241147876	-0.0859109088778	0.429102689028	-0.0485025011003	0.0847396627069	-0.0515059567988	0.00430213939399	-0.0199342090636	0.591450929642	0.607099294662	-0.128974273801	0.459371596575	0.419333904982	0.197657689452	0.673377513885	0.563904285431	0.634569406509	0.719888627529	0.671688735485	0.65935087204	0.645059764385	0.667264461517	0.673772633076	0.673605620861	-0.174775496125	0.68336635828	0.617419183254	0.650752961636	0.711058735847	-0.289515674114	-0.23106238246	0.299393862486	0.177245363593
343_TASK07_CON34_4.0_posneg	posneg	4.0	0.844440698624	0.786211788654	0.395142227411	0.919898986816	0.933480799198	-0.392632722855	0.574139475822	0.324759036303	-0.458216696978	0.643849551678	0.0361682362854	0.0313104130328	0.118334278464	0.222266584635	0.158925354481	0.129115730524	0.594365298748	-0.10554009676	-0.160341948271	0.0102293612435	0.15451040864	0.184327334166	0.937764048576	0.947650849819	-0.403744757175	0.786865472794	0.726535201073	0.222621530294	0.952932655811	0.923645913601	0.924736142159	0.963417172432	0.929043292999	0.888048231602	0.90005594492	0.916391611099	0.965806722641	0.943774998188	0.3838724792	0.957091152668	0.937824845314	0.935629487038	0.961392998695	-0.138897135854	-0.406697511673	0.184786096215	0.371077895164
343_TASK07_CON34_4.0_pos	pos	4.0	0.42354413867	0.297393977642	0.305933684111	0.423247843981	0.423198372126	-0.144836381078	-0.109635703266	0.0257780179381	0.183659821749	0.332576572895	-0.124085523188	-0.0521837174892	-0.111200399697	-0.0989574864507	-0.0684136897326	-0.101614534855	0.336338460445	-0.0742977038026	0.117036946118	-0.0489138923585	-0.0297837909311	0.00633134739473	0.488033652306	0.507366478443	-0.158847913146	0.378948092461	0.34596696496	0.190903812647	0.590177476406	0.489483952522	0.564051926136	0.635615587234	0.579521298409	0.576682150364	0.560431599617	0.574234604836	0.602113366127	0.585874319077	-0.179884761572	0.59438431263	0.537972986698	0.576274812222	0.624319851398	-0.306662470102	-0.137803643942	0.28309994936	0.0993540808558
343_TASK07_CON34_5.0_posneg	posneg	5.0	0.829119980335	0.739537000656	0.369693398476	0.911280572414	0.925288558006	-0.310759305954	0.466847509146	0.351950705051	-0.301736980677	0.624281585217	0.0315094701946	-0.00174657511525	0.133546456695	0.212868124247	0.172274976969	0.123651944101	0.541299521923	-0.094149120152	-0.186671495438	0.0549163669348	0.150268256664	0.20318107307	0.931635558605	0.941385924816	-0.330602556467	0.792911231518	0.751364469528	0.270427912474	0.945766866207	0.911448538303	0.912481188774	0.957253813744	0.919452428818	0.868770718575	0.875144898891	0.89660847187	0.962010264397	0.934333086014	0.266830593348	0.952167272568	0.930548787117	0.924774467945	0.953975975513	-0.136565744877	-0.300174564123	0.14610683918	0.281283169985
343_TASK07_CON34_5.0_pos	pos	5.0	0.327982723713	0.190881371498	0.288196027279	0.313514709473	0.305142790079	-0.0278448462486	-0.129949420691	0.0375612974167	0.165770724416	0.257947862148	-0.0868210867047	-0.0190699640661	-0.0646497160196	-0.0670897215605	-0.000342466431903	-0.0542213842273	0.238538935781	-0.0980138257146	0.0739734470844	-0.0467076487839	-0.0531598627567	0.0833131968975	0.364596813917	0.383746266365	-0.141221776605	0.324198246002	0.294625103474	0.176800087094	0.476572871208	0.409028619528	0.46820756793	0.518296062946	0.468927174807	0.47706502676	0.454092681408	0.46232894063	0.509120941162	0.487165749073	-0.148178577423	0.485341221094	0.456257998943	0.484454244375	0.513147592545	-0.280620217323	-0.0311384070665	0.224747747183	0.0209436714649
343_TASK07_CON34_6.0_posneg	posneg	6.0	0.680033624172	0.524268567562	0.257003039122	0.793223023415	0.82114982605	-0.1576975137	0.254133224487	0.268828243017	-0.12759372592	0.465070486069	0.00255070347339	-0.0852475091815	0.100258052349	0.134877517819	0.12646651268	0.0509052313864	0.359112679958	-0.0564026609063	-0.178554952145	0.100951738656	0.120007745922	0.181488990784	0.867776811123	0.881762087345	-0.188658460975	0.66483348608	0.648916780949	0.225257501006	0.86258739233	0.80297678709	0.816130459309	0.893054783344	0.819292485714	0.722486197948	0.744401693344	0.782226324081	0.906494498253	0.852397203445	0.148605242372	0.880095541477	0.837315559387	0.839101493359	0.887749135494	-0.105780474842	-0.133161365986	0.0850023701787	0.125531226397
343_TASK07_CON34_6.0_pos	pos	6.0	0.218196630478	0.0990248844028	0.256372332573	0.173418387771	0.177470862865	0.0533366054296	-0.0365279428661	0.0405432842672	0.0484726168215	0.176953867078	-0.0418909080327	-0.00857121217996	0.00443394156173	-0.0461163967848	0.0739663168788	-0.0115154031664	0.147682279348	-0.106011636555	-0.027862360701	0.0460552759469	-0.0789450630546	0.170285433531	0.213369384408	0.234566271305	-0.102686628699	0.211656659842	0.204825952649	0.126558154821	0.313410669565	0.298051148653	0.323728114367	0.359094649553	0.296352416277	0.299699574709	0.28734511137	0.295307844877	0.365635842085	0.323806911707	-0.0342205688357	0.318037360907	0.316391289234	0.339333504438	0.351980268955	-0.174641788006	0.0624215565622	0.104117833078	-0.0396775491536
343_TASK07_CON34_7.0_posneg	posneg	7.0	0.485246866941	0.352641224861	0.0990852564573	0.545247673988	0.590126633644	-0.0309426020831	0.162270143628	0.224364519119	-0.072079449892	0.366901487112	-0.114421218634	-0.00586600229144	0.00969280395657	0.0997282043099	0.0947595313191	-0.00807983800769	0.312552988529	-0.173914983869	0.00175938778557	0.0349908992648	0.12616148591	0.196676596999	0.722756803036	0.744660258293	-0.132903769612	0.399865537882	0.46991199255	0.171188563108	0.622177660465	0.548696041107	0.53597509861	0.692139685154	0.626598715782	0.398918807507	0.398194640875	0.4927534163	0.704363644123	0.58299446106	0.0903415903449	0.686032295227	0.562311887741	0.547038197517	0.666450023651	-0.0252854358405	-0.0519554018974	0.0059046051465	0.0428710021079
343_TASK07_CON34_7.0_pos	pos	7.0	0.146434009075	0.108735814691	0.104139432311	0.118979856372	0.111297376454	0.0991198271513	-0.019809147343	0.0244160350412	0.0128355091438	0.0094068525359	-0.0479567982256	-0.0740804299712	-0.0640632510185	-0.0602453239262	0.00556640373543	-0.0555928945541	-0.0133804129437	-0.0252974815667	-0.010267611593	-0.0501582175493	-0.0258652642369	0.0944804623723	0.0978506803513	0.101801238954	-0.0459492132068	0.144399836659	0.111389361322	0.0447991229594	0.16166035831	0.0862468779087	0.152646109462	0.187635347247	0.157165676355	0.115182645619	0.132978856564	0.176052689552	0.16776612401	0.172660201788	-0.0138449901715	0.163985848427	0.111431337893	0.177727296948	0.2011962533	-0.0502289645374	0.0198058374226	0.00523676443845	0.060615953058
343_TASK07_CON34_8.0_posneg	posneg	8.0	-0.0329167544842	-0.0775545462966	0.0287161506712	-0.0369965881109	-0.124069906771	0.0759087279439	-0.039808139205	0.0723180323839	0.112154886127	0.0372713245451	0.0520099252462	0.0800534337759	0.124649174511	0.192736193538	-0.032853372395	0.101520992815	0.0612877123058	-0.116238489747	-0.139103010297	0.157436400652	0.22067579627	-0.241407334805	-0.0365731045604	-0.0162628181279	0.0567261055112	-0.05215998739	-0.0366390682757	0.0240077897906	-0.11236564815	-0.0146212670952	-0.0632356479764	-0.231623157859	-0.0354682952166	-0.00924403965473	-0.0532138049603	-0.0785220861435	-0.182773023844	-0.100015990436	-0.249846562743	-0.149702563882	-0.0278936941177	-0.080957904458	-0.179947078228	0.0743482857943	0.11343627423	-0.0876973345876	-0.145789459348
343_TASK07_CON34_8.0_pos	pos	8.0	-0.0329167544842	-0.0775545462966	0.0287161506712	-0.0369965881109	-0.124069906771	0.0759087279439	-0.039808139205	0.0723180323839	0.112154886127	0.0372713245451	0.0520099252462	0.0800534337759	0.124649174511	0.192736193538	-0.032853372395	0.101520992815	0.0612877123058	-0.116238489747	-0.139103010297	0.157436400652	0.22067579627	-0.241407334805	-0.0365731045604	-0.0162628181279	0.0567261055112	-0.05215998739	-0.0366390682757	0.0240077897906	-0.11236564815	-0.0146212670952	-0.0632356479764	-0.231623157859	-0.0354682952166	-0.00924403965473	-0.0532138049603	-0.0785220861435	-0.182773023844	-0.100015990436	-0.249846562743	-0.149702563882	-0.0278936941177	-0.080957904458	-0.179947078228	0.0743482857943	0.11343627423	-0.0876973345876	-0.145789459348
343_TASK07_CON34_9.0_posneg	posneg	9.0																																															
343_TASK07_CON34_9.0_pos	pos	9.0																																															
343_TASK07_CON34_10.0_posneg	posneg	10.0																																															
343_TASK07_CON34_10.0_pos	pos	10.0																																															
343_TASK07_CON34_11.0_posneg	posneg	11.0																																															
343_TASK07_CON34_11.0_pos	pos	11.0																																															
343_TASK07_CON34_12.0_posneg	posneg	12.0																																															
343_TASK07_CON34_12.0_pos	pos	12.0																																															
343_TASK07_CON34_13.0_posneg	posneg	13.0																																															
343_TASK07_CON34_13.0_pos	pos	13.0																																															
343_TASK07_CON35_0.0_posneg	posneg	0.0	0.718096315861	0.660613536835	0.387094736099	0.734711289406	0.741068959236	-0.328768730164	0.358929336071	0.0522989407182	-0.36192548275	0.459147393703	0.0499878935516	0.0352932959795	0.0766671001911	0.160670146346	0.114158466458	0.103503160179	0.434256255627	-0.03219043836	-0.120863616467	-0.0245727133006	0.0673595294356	0.112274907529	0.756772577763	0.76485645771	-0.248720064759	0.586967945099	0.543385267258	0.203475102782	0.806077718735	0.751177430153	0.72750467062	0.803095698357	0.84185552597	0.773608803749	0.749601900578	0.792746722698	0.794039011002	0.825310707092	0.227050811052	0.840199589729	0.787799596786	0.74793612957	0.81313508749	0.0179223697633	-0.372870326042	0.101251162589	0.248814940453
343_TASK07_CON35_0.0_pos	pos	0.0	0.686776995659	0.613453149796	0.385499328375	0.680043816566	0.682474136353	-0.353000462055	0.197905883193	-0.0495398826897	-0.210929527879	0.492867767811	-0.0158180315048	-0.0108400154859	-0.0165884215385	0.0503621213138	0.0337703935802	0.0114570194855	0.48718893528	-0.00783010944724	-0.0752618685365	-0.0519682317972	0.0547571927309	0.051960054785	0.704161286354	0.701055526733	-0.164043933153	0.580632150173	0.529466867447	0.194489717484	0.762069225311	0.686720311642	0.682095646858	0.747412741184	0.814899086952	0.745313942432	0.723402380943	0.770771622658	0.728443205357	0.7835496068	0.031137181446	0.796596884727	0.727696657181	0.703433215618	0.763898730278	-0.0590206906199	-0.382306843996	0.180747047067	0.246268928051
343_TASK07_CON35_1.0_posneg	posneg	1.0	0.759796619415	0.700034797192	0.414954930544	0.779278159142	0.791560828686	-0.35759177804	0.415187269449	0.107667431235	-0.376877397299	0.503021895885	0.0517265275121	0.0420931354165	0.0893321335316	0.179874166846	0.126517519355	0.115335293114	0.469643652439	-0.050505772233	-0.132161602378	-0.0223782360554	0.0857243090868	0.126307532191	0.801150798798	0.81014829874	-0.268302619457	0.642176687717	0.60235363245	0.241529196501	0.845379054546	0.792114317417	0.765678942204	0.841751039028	0.872649371624	0.81008541584	0.784389615059	0.82362639904	0.839109957218	0.861946463585	0.238009810448	0.877031087875	0.82832968235	0.78896355629	0.850841164589	0.0161040145904	-0.383056640625	0.10167901963	0.259884923697
343_TASK07_CON35_1.0_pos	pos	1.0	0.688971221447	0.600544214249	0.399739950895	0.654822528362	0.660212159157	-0.367078155279	0.131743520498	-0.0283081214875	-0.0851770788431	0.496692717075	-0.0592127330601	-0.0270560476929	-0.0624229796231	0.0098363449797	-0.0140190161765	-0.0348654128611	0.497180014849	-0.0224318671972	-0.0237064622343	-0.0678227543831	0.0677125230432	0.0129952030256	0.679576992989	0.670063614845	-0.119351133704	0.589939177036	0.545801103115	0.234873101115	0.746234416962	0.65416520834	0.657535612583	0.720440089703	0.809041619301	0.744704008102	0.711024820805	0.760157704353	0.700158774853	0.769715428352	-0.0790300518274	0.782184481621	0.702954947948	0.681068360806	0.741218388081	-0.091274023056	-0.362626045942	0.20549915731	0.229064658284
343_TASK07_CON35_2.0_posneg	posneg	2.0	0.774511277676	0.703553080559	0.4115216434	0.803359925747	0.821543633938	-0.357749670744	0.419707834721	0.178836166859	-0.316123276949	0.534502446651	0.0329969413579	0.0254751741886	0.0858214572072	0.171268969774	0.109452091157	0.101661451161	0.492737203836	-0.0740350782871	-0.135488674045	-0.00714015960693	0.105048015714	0.11568479985	0.822835326195	0.831518530846	-0.252533465624	0.683188438416	0.646962583065	0.285448044538	0.868310272694	0.808960795403	0.779412150383	0.858404040337	0.886964380741	0.822559475899	0.795692324638	0.837563812733	0.866027235985	0.882134497166	0.190214663744	0.897949099541	0.846601843834	0.808639466763	0.870475888252	-0.00171843601856	-0.345328629017	0.0956218391657	0.239352434874
343_TASK07_CON35_2.0_pos	pos	2.0	0.663487076759	0.552999377251	0.395232409239	0.594655334949	0.608784556389	-0.362416476011	0.0304145161062	0.0213820114732	0.0927496403456	0.452479362488	-0.110602281988	-0.0402702726424	-0.109424106777	-0.0294539723545	-0.0893761739135	-0.0898692980409	0.460242778063	-0.0483247302473	0.0678596496582	-0.0703054741025	0.0933239609003	-0.0628455877304	0.623641252518	0.60734885931	-0.0700764209032	0.569200575352	0.539029598236	0.294430464506	0.713711857796	0.601073801517	0.604530215263	0.670727849007	0.787927031517	0.72312182188	0.677104771137	0.729506194592	0.657901823521	0.743658483028	-0.203047633171	0.753871679306	0.658295512199	0.635741770267	0.700708508492	-0.118548028171	-0.293668299913	0.202171906829	0.192156404257
343_TASK07_CON35_3.0_posneg	posneg	3.0	0.734280645847	0.63121008873	0.353303194046	0.771522760391	0.79751008749	-0.29735198617	0.299512952566	0.193679764867	-0.15665179491	0.527026534081	-0.00313143804669	-0.00843460019678	0.0457476638258	0.110552415252	0.0520523674786	0.0526694990695	0.483018010855	-0.0832253992558	-0.0929978042841	-0.000915607146453	0.0912157148123	0.0677902922034	0.79211294651	0.793354153633	-0.176010325551	0.676226198673	0.641350805759	0.305167585611	0.856246113777	0.766492128372	0.725750386715	0.828445017338	0.868547856808	0.788373410702	0.745288610458	0.804965913296	0.85000962019	0.864664077759	0.0678561776876	0.888011515141	0.814923942089	0.766495466232	0.847013413906	-0.0166709832847	-0.239980682731	0.0660517811775	0.176086813211
343_TASK07_CON35_3.0_pos	pos	3.0	0.579614520073	0.448523670435	0.339081138372	0.502456009388	0.521643221378	-0.293519884348	-0.0791525989771	0.0331858769059	0.204887747765	0.350643277168	-0.137835592031	-0.0579105950892	-0.132592976093	-0.0615236647427	-0.143402665854	-0.12354169786	0.3604593575	-0.0641355887055	0.143622547388	-0.0529900789261	0.0932344943285	-0.119185268879	0.521321356297	0.494602382183	-0.0416650883853	0.503551006317	0.484425395727	0.32552883029	0.663422226906	0.532397806644	0.512540876865	0.598169147968	0.734599888325	0.660771369934	0.596697628498	0.661166965961	0.601245939732	0.687539339066	-0.263316124678	0.704824745655	0.588358700275	0.550332903862	0.633691549301	-0.118627518415	-0.178766593337	0.149194821715	0.145473644137
343_TASK07_CON35_4.0_posneg	posneg	4.0	0.606151103973	0.466769009829	0.26376414299	0.63243252039	0.669020533562	-0.205603092909	0.0942555069923	0.142941266298	0.0283584725112	0.42064717412	-0.0488071255386	-0.034655738622	-0.0143239367753	0.0355620607734	-0.0208032857627	-0.0105568468571	0.373981386423	-0.0831999108195	-0.00837232824415	-0.0110633512959	0.0658558011055	0.00288584921509	0.648122906685	0.633018553257	-0.0852629467845	0.563309311867	0.539028763771	0.299723237753	0.760481834412	0.614719390869	0.547879636288	0.710569381714	0.78104698658	0.662964463234	0.58425283432	0.6823361516	0.74377822876	0.766760647297	-0.0808115005493	0.808187961578	0.682002544403	0.601111829281	0.737509608269	-0.0229361783713	-0.113615080714	0.0200769286603	0.121203549206
343_TASK07_CON35_4.0_pos	pos	4.0	0.469637155533	0.32581615448	0.284260511398	0.402680873871	0.431478977203	-0.212741419673	-0.136692583561	0.047284591943	0.235471531749	0.231424868107	-0.131717965007	-0.0581648275256	-0.119180679321	-0.062422182411	-0.150639846921	-0.12091204524	0.230869174004	-0.066115655005	0.163900181651	-0.0187866352499	0.0828981474042	-0.134021908045	0.395015716553	0.358861833811	-0.0277860797942	0.398157089949	0.39866155386	0.340116769075	0.580133974552	0.439413905144	0.384697675705	0.510365366936	0.645127654076	0.557176470757	0.471713900566	0.557314574718	0.523266255856	0.599899947643	-0.268302083015	0.628378391266	0.492495119572	0.425699084997	0.544559538364	-0.082536496222	-0.0655110552907	0.0613239631057	0.108075484633
343_TASK07_CON35_5.0_posneg	posneg	5.0	0.427365601063	0.272347569466	0.233635604382	0.406437277794	0.441196024418	-0.120823547244	-0.0608463548124	0.0864236354828	0.137896075845	0.234179154038	-0.0670318156481	-0.0234178137034	-0.0285141654313	0.00873997528106	-0.0458457507193	-0.0400440022349	0.201640337706	-0.0794104710221	0.0580941066146	0.0124804982916	0.0635243728757	-0.0260806009173	0.389689445496	0.34859469533	0.00566471274942	0.375804245472	0.385429620743	0.295164465904	0.523240804672	0.396129488945	0.28266620636	0.475591599941	0.577307581902	0.446316868067	0.34199899435	0.458928018808	0.500560522079	0.534052073956	-0.157005861402	0.589072942734	0.449917703867	0.32853743434	0.502456724644	0.00846030283719	0.0319150388241	-0.0545464642346	0.0590684786439
343_TASK07_CON35_5.0_pos	pos	5.0	0.360504209995	0.207419767976	0.25885489583	0.311765909195	0.335469692945	-0.111158572137	-0.142669782043	0.0404806435108	0.199922740459	0.157980889082	-0.084872610867	-0.0347925238311	-0.0580079816282	-0.0228806398809	-0.0837067365646	-0.0706696286798	0.141745492816	-0.0743354409933	0.0950543582439	0.00836430769414	0.0639187172055	-0.0632411241531	0.268133103848	0.220456793904	0.0312039777637	0.29673859477	0.313651502132	0.317556649446	0.43184864521	0.332401752472	0.224300324917	0.382500588894	0.509382307529	0.409803390503	0.298301905394	0.40549659729	0.396241277456	0.456962019205	-0.217827066779	0.493056625128	0.376149863005	0.261840611696	0.409350395203	0.00202705105767	0.065949305892	-0.0593460910022	0.0484529845417
343_TASK07_CON35_6.0_posneg	posneg	6.0	0.248338103294	0.155266329646	0.145731002092	0.28818371892	0.321789085865	-0.0939309746027	-0.0287340898067	-0.0295812599361	0.0374467335641	0.129403293133	-0.00622049206868	0.0228079855442	0.00415541091934	0.0400123670697	0.0117778917775	-0.0015067125205	0.123986043036	-0.0388690009713	0.0281906519085	0.000596541736741	0.0493772141635	0.0208854880184	0.21831536293	0.19286096096	0.0838025808334	0.205568864942	0.247092932463	0.230985209346	0.266894698143	0.199048832059	0.0967038050294	0.243806347251	0.332870960236	0.187611043453	0.122298695147	0.217539921403	0.251366823912	0.268873155117	-0.0771385058761	0.323755979538	0.212884038687	0.119879022241	0.257773458958	0.120147168636	0.0756907984614	-0.145853191614	0.0191611070186
343_TASK07_CON35_6.0_pos	pos	6.0	0.21300201118	0.127930805087	0.154855921865	0.255875110626	0.28115233779	-0.0921645984054	-0.049817930907	-0.0570127032697	0.0475122816861	0.114987574518	0.00108615413774	0.0213349163532	-0.0007282574079	0.0237816274166	0.00150580401532	-0.00593913439661	0.117829754949	-0.0270425006747	0.0325536318123	-0.00372247048654	0.0371230058372	0.0106917042285	0.168927192688	0.144281551242	0.0996686965227	0.181969299912	0.220368638635	0.232902869582	0.225145146251	0.167560040951	0.0700099691749	0.198711618781	0.289129108191	0.167544752359	0.0993804633617	0.187973737717	0.199993684888	0.228980705142	-0.0927048102021	0.271882206202	0.177338138223	0.0899429470301	0.210169807076	0.129138603806	0.0887037441134	-0.157768964767	0.0179837439209
343_TASK07_CON35_7.0_posneg	posneg	7.0	0.0564330630004	0.0247733704746	0.041956551373	0.0653071403503	0.0898758843541	-0.128009930253	-0.0500252470374	-0.0895971506834	0.0499578639865	-0.0300694797188	-0.0119390375912	0.00464513339102	-0.0186347160488	0.0856955423951	-0.0288558509201	0.00497717410326	0.0206711236387	-0.0668628066778	0.0134020261467	-0.0584130547941	0.144494339824	-0.0512590147555	0.0122904153541	-0.0156729724258	0.129269689322	0.0748227015138	0.124065943062	0.132322847843	0.035652667284	0.00343466363847	-0.0832484513521	-0.0392885990441	0.0788947790861	-0.0233056265861	-0.0310607850552	-0.0332570299506	-0.00928910728544	0.0139749515802	-0.0882840827107	0.0614816173911	-0.0115701491013	-0.0484665222466	-0.0249099824578	0.232536241412	0.0549286939204	-0.178796589375	-0.0511223301291
343_TASK07_CON35_7.0_pos	pos	7.0	0.0564330630004	0.0247733704746	0.041956551373	0.0653071403503	0.0898758843541	-0.128009930253	-0.0500252470374	-0.0895971506834	0.0499578639865	-0.0300694797188	-0.0119390375912	0.00464513339102	-0.0186347160488	0.0856955423951	-0.0288558509201	0.00497717410326	0.0206711236387	-0.0668628066778	0.0134020261467	-0.0584130547941	0.144494339824	-0.0512590147555	0.0122904153541	-0.0156729724258	0.129269689322	0.0748227015138	0.124065943062	0.132322847843	0.035652667284	0.00343466363847	-0.0832484513521	-0.0392885990441	0.0788947790861	-0.0233056265861	-0.0310607850552	-0.0332570299506	-0.00928910728544	0.0139749515802	-0.0882840827107	0.0614816173911	-0.0115701491013	-0.0484665222466	-0.0249099824578	0.232536241412	0.0549286939204	-0.178796589375	-0.0511223301291
343_TASK07_CON35_8.0_posneg	posneg	8.0	-0.2391910851	-0.37789323926	0.148061797023	0.287799447775	0.437891960144	0.334239959717	-0.419783174992	-0.601691842079	0.350035101175	0.35080742836	-0.268087655306	0.152603954077	-0.316170364618	-0.00617711758241	-0.269831120968	-0.195071771741	0.357650011778	-0.20109449327	0.483499109745	-0.0765781253576	0.294904798269	-0.310202986002	0.0839752778411	0.00555655453354	0.308032363653	0.0182638261467	0.191737875342	0.261691182852	-0.373325556517	-0.112243756652	0.441543370485	-0.142056196928	-0.263841718435	0.00636791018769	0.402965337038	-0.0668569728732	-0.240529373288	0.0411156900227	-0.160423099995	-0.396836310625	-0.0983445569873	0.437298476696	-0.0946686342359	-0.103770680726	0.158272922039	-0.120273679495	0.0117185916752
343_TASK07_CON35_8.0_pos	pos	8.0	-0.2391910851	-0.37789323926	0.148061797023	0.287799447775	0.437891960144	0.334239959717	-0.419783174992	-0.601691842079	0.350035101175	0.35080742836	-0.268087655306	0.152603954077	-0.316170364618	-0.00617711758241	-0.269831120968	-0.195071771741	0.357650011778	-0.20109449327	0.483499109745	-0.0765781253576	0.294904798269	-0.310202986002	0.0839752778411	0.00555655453354	0.308032363653	0.0182638261467	0.191737875342	0.261691182852	-0.373325556517	-0.112243756652	0.441543370485	-0.142056196928	-0.263841718435	0.00636791018769	0.402965337038	-0.0668569728732	-0.240529373288	0.0411156900227	-0.160423099995	-0.396836310625	-0.0983445569873	0.437298476696	-0.0946686342359	-0.103770680726	0.158272922039	-0.120273679495	0.0117185916752
343_TASK07_CON35_9.0_posneg	posneg	9.0																																															
343_TASK07_CON35_9.0_pos	pos	9.0																																															
343_TASK07_CON35_10.0_posneg	posneg	10.0																																															
343_TASK07_CON35_10.0_pos	pos	10.0																																															
343_TASK07_CON35_11.0_posneg	posneg	11.0																																															
343_TASK07_CON35_11.0_pos	pos	11.0																																															
343_TASK07_CON35_12.0_posneg	posneg	12.0																																															
343_TASK07_CON35_12.0_pos	pos	12.0																																															
343_TASK07_CON35_13.0_posneg	posneg	13.0																																															
343_TASK07_CON35_13.0_pos	pos	13.0																																															
343_TASK07_CON36_0.0_posneg	posneg	0.0	0.696007788181	0.612268388271	0.418596416712	0.711850404739	0.71373295784	-0.261637836695	0.355424106121	0.105308867991	-0.304086595774	0.400325030088	0.0936581715941	0.0841038227081	0.131790846586	0.234048098326	0.140545725822	0.165130987763	0.354295253754	-0.0430804230273	-0.127254232764	-0.0208950657398	0.0857815444469	0.102482922375	0.714256346226	0.728386640549	-0.276444375515	0.569137871265	0.544596076012	0.234310105443	0.794841468334	0.786025047302	0.731739938259	0.773981451988	0.790758728981	0.843232452869	0.751421451569	0.77950066328	0.792214751244	0.824796617031	0.232489049435	0.81062412262	0.840621173382	0.751285374165	0.79311555624	-0.108414761722	-0.203194633126	0.132879465818	0.164498507977
343_TASK07_CON36_0.0_pos	pos	0.0	0.671360075474	0.559900939465	0.412148207426	0.646509766579	0.647407412529	-0.291734486818	0.193444103003	-0.0046143126674	-0.175932332873	0.49646294117	-0.00757070910186	0.023637207225	0.000145018348121	0.0958336144686	0.050069462508	0.044334936887	0.484321326017	-0.0391263663769	-0.0795287713408	-0.0737425461411	0.071145221591	0.0657194107771	0.695986807346	0.68721973896	-0.148673847318	0.568094611168	0.52887660265	0.195340305567	0.744428217411	0.72658842802	0.697194039822	0.722999930382	0.763713300228	0.8177562356	0.74519276619	0.761371910572	0.729691743851	0.790416538715	0.0172039344907	0.763534843922	0.788030445576	0.722083449364	0.74972820282	-0.186670452356	-0.286329895258	0.245784506202	0.190934956074
343_TASK07_CON36_1.0_posneg	posneg	1.0	0.743830323219	0.654328346252	0.451908499002	0.76465690136	0.768438577652	-0.27912953496	0.406841397285	0.161663174629	-0.320349276066	0.43131801486	0.100204892457	0.094608001411	0.150369659066	0.261831969023	0.156463399529	0.183939576149	0.373865991831	-0.0642729327083	-0.142140313983	-0.0201207380742	0.110599368811	0.115382641554	0.763874530792	0.778868019581	-0.318776488304	0.625462770462	0.609177589417	0.285965323448	0.840977370739	0.835647702217	0.781325221062	0.82625234127	0.830544233322	0.880235016346	0.79832482338	0.819765508175	0.847249865532	0.868799746037	0.260882079601	0.855191290379	0.883470475674	0.802902400494	0.842328071594	-0.130850255489	-0.197253152728	0.142194449902	0.173545747995
343_TASK07_CON36_1.0_pos	pos	1.0	0.65852200985	0.522296845913	0.417381346226	0.608041107655	0.605968117714	-0.280995756388	0.10043580085	0.00585955893621	-0.043808542192	0.486281067133	-0.0695057064295	-0.0142133627087	-0.0616108290851	0.0428527407348	-0.0153550794348	-0.022792281583	0.482885688543	-0.0609014965594	-0.031576257199	-0.0902673155069	0.0960349366069	0.0239997711033	0.666106045246	0.647575378418	-0.104448109865	0.546949267387	0.519007980824	0.22843042016	0.720223069191	0.702966570854	0.67832505703	0.702263474464	0.747424840927	0.817997276783	0.739162027836	0.752229273319	0.705561518669	0.776757121086	-0.0898301303387	0.739656507969	0.768910944462	0.705078959465	0.731924474239	-0.247984811664	-0.265753418207	0.284612596035	0.186426743865
343_TASK07_CON36_2.0_posneg	posneg	2.0	0.780481994152	0.675690174103	0.471373438835	0.802078902721	0.80864405632	-0.282794177532	0.427180200815	0.238540291786	-0.282967835665	0.462731897831	0.0946564599872	0.0898789837956	0.149954527617	0.26219150424	0.168074980378	0.189492076635	0.39052683115	-0.098944850266	-0.160927772522	-0.0343723855913	0.126797869802	0.133477166295	0.802290380001	0.815678119659	-0.339784294367	0.678123533726	0.669675052166	0.335553765297	0.875543832779	0.874642014503	0.82149553299	0.865301430225	0.859795153141	0.905855834484	0.835672795773	0.85533028841	0.889831602573	0.903126180172	0.246864259243	0.887877166271	0.914732813835	0.845957279205	0.881333649158	-0.16735894978	-0.172986954451	0.154109999537	0.185263156891
343_TASK07_CON36_2.0_pos	pos	2.0	0.618880391121	0.443773120642	0.417935609818	0.530787587166	0.529640853405	-0.244296163321	-0.0203848667443	0.0480230674148	0.134707465768	0.437783926725	-0.125898733735	-0.0492053627968	-0.118878699839	-0.0248858109117	-0.0911904647946	-0.0900128111243	0.438177078962	-0.0839502811432	0.0469520352781	-0.101060897112	0.100909791887	-0.0361231826246	0.602188587189	0.573515415192	-0.0698774307966	0.489549636841	0.480307877064	0.260558277369	0.673794686794	0.665219664574	0.631099581718	0.659548640251	0.703411221504	0.80378729105	0.708161652088	0.71947824955	0.667277574539	0.746447503567	-0.203736260533	0.692343831062	0.73748666048	0.663990139961	0.694469034672	-0.305041640997	-0.177426859736	0.291110485792	0.148494049907
343_TASK07_CON36_3.0_posneg	posneg	3.0	0.791178941727	0.646473348141	0.465184003115	0.80175369978	0.810555517673	-0.244425550103	0.365803599358	0.303698927164	-0.149721309543	0.481233209372	0.0637388452888	0.0598210021853	0.119835428894	0.204976812005	0.136666283011	0.151244625449	0.397823095322	-0.117663413286	-0.150311976671	-0.0328028686345	0.114861182868	0.116682134569	0.817515611649	0.823550283909	-0.308914899826	0.71678429842	0.712611496449	0.347741186619	0.887768268585	0.892677724361	0.834342181683	0.880515038967	0.867531776428	0.914388954639	0.850390195847	0.872286379337	0.910461962223	0.919783949852	0.163996174932	0.899681806564	0.928551852703	0.865065395832	0.900294005871	-0.204109326005	-0.105872415006	0.153536126018	0.176503777504
343_TASK07_CON36_3.0_pos	pos	3.0	0.55020493269	0.314258605242	0.430005401373	0.423472821712	0.417937278748	-0.150950223207	-0.150663301349	0.0657568871975	0.26644000411	0.345265686512	-0.170544371009	-0.0796067863703	-0.150318130851	-0.0916480869055	-0.132911816239	-0.14035153389	0.353250265121	-0.115394704044	0.122130274773	-0.073888964951	0.0675156936049	-0.0581616163254	0.497628897429	0.458454757929	-0.0774279907346	0.397716313601	0.394779086113	0.244994744658	0.607754826546	0.617050409317	0.553472995758	0.591349124908	0.625827252865	0.760762751102	0.638191640377	0.653518259525	0.615570247173	0.691155076027	-0.256331712008	0.620179653168	0.688490152359	0.59037810564	0.631435334682	-0.327670603991	-0.0360487103462	0.249121680856	0.064471796155
343_TASK07_CON36_4.0_posneg	posneg	4.0	0.735214293003	0.507651090622	0.423801392317	0.713017404079	0.727418422699	-0.157772094011	0.191909685731	0.28311163187	0.0334853492677	0.396723896265	0.0138515774161	0.0206778701395	0.0706407129765	0.112680912018	0.0591571517289	0.0728038325906	0.309311330318	-0.106067486107	-0.0836522132158	0.0231606643647	0.0831529796124	0.0519018322229	0.759166896343	0.757202208042	-0.235384643078	0.661738276482	0.658673167229	0.288640469313	0.850930273533	0.867128014565	0.781633675098	0.838431656361	0.819640994072	0.890886008739	0.806895852089	0.833330690861	0.890296041965	0.899781763554	0.0383130013943	0.864799380302	0.911867856979	0.826830804348	0.870727181435	-0.216122359037	0.0110532371327	0.124983385205	0.0900328829885
343_TASK07_CON36_4.0_pos	pos	4.0	0.470945179462	0.181671440601	0.440274894238	0.324653178453	0.319931805134	-0.0424867756665	-0.206034272909	0.0793209969997	0.29024246335	0.229556515813	-0.147691443563	-0.0728085935116	-0.111649751663	-0.0961748287082	-0.0999485775828	-0.121508285403	0.229223147035	-0.1245046556	0.118928559124	-0.0104774907231	0.017809683457	-0.0224469564855	0.372235774994	0.333370298147	-0.122566357255	0.299503177404	0.29262393713	0.198356509209	0.534245252609	0.578987717628	0.460448592901	0.501431584358	0.538432717323	0.708156406879	0.530007839203	0.557184040546	0.566766083241	0.622316777706	-0.229379758239	0.541861057281	0.64583837986	0.494530200958	0.545726358891	-0.299681067467	0.123328141868	0.160531967878	-0.0744125917554
343_TASK07_CON36_5.0_posneg	posneg	5.0	0.489343583584	0.186386793852	0.391042083502	0.407512426376	0.420482158661	-0.0272396374494	-0.0660869479179	0.0887152925134	0.13689404726	0.253049343824	-0.0657664984465	-0.0229480490088	-0.0119736148044	-0.0368612296879	-0.00643272697926	-0.033653061837	0.208983957767	-0.106141850352	0.0232071559876	0.0624190419912	-0.0291027966887	0.0598605833948	0.457565367222	0.439448624849	-0.164138048887	0.418262481689	0.406582415104	0.181910037994	0.645165145397	0.692526936531	0.515649557114	0.579509854317	0.587459802628	0.721615254879	0.541474342346	0.569963693619	0.707976222038	0.703843533993	-0.0480299443007	0.652755379677	0.752867281437	0.564319014549	0.625555634499	-0.183389753103	0.168763160706	0.0657862573862	-0.148907035589
343_TASK07_CON36_5.0_pos	pos	5.0	0.395938694477	0.0823033973575	0.427704423666	0.252753466368	0.249315097928	0.0184095352888	-0.180467113853	0.0374689549208	0.222705110908	0.172634109855	-0.114630401134	-0.054632037878	-0.0604032091796	-0.0893758460879	-0.0318003594875	-0.0873105749488	0.164933294058	-0.124375097454	0.0699804052711	0.0622124522924	-0.0479488149285	0.07991463691	0.262631446123	0.23095741868	-0.149953261018	0.261134326458	0.25666770339	0.174096390605	0.483307689428	0.553062558174	0.360595792532	0.402373701334	0.457138240337	0.618967950344	0.381744235754	0.424177497625	0.517441034317	0.522445619106	-0.11798761785	0.47924643755	0.595323860645	0.376809060574	0.433214098215	-0.216213166714	0.240750223398	0.0583936162293	-0.226628914475
343_TASK07_CON36_6.0_posneg	posneg	6.0	0.276784002781	0.0118077853695	0.35901170969	0.163653329015	0.155337393284	0.0743685737252	-0.108087062836	-0.0187715459615	0.124092079699	0.15115749836	-0.0657812431455	-0.0104229878634	-0.00693543022498	-0.0568428635597	0.0348658151925	-0.0392627865076	0.149627700448	-0.112299531698	0.015248997137	0.102141723037	-0.0662988722324	0.143271163106	0.151834860444	0.149568334222	-0.0796905681491	0.262155056	0.254950791597	0.139067590237	0.376054257154	0.460619270802	0.231503456831	0.253756523132	0.347295194864	0.44112944603	0.20867395401	0.251374721527	0.394742757082	0.370906889439	-0.00856569688767	0.378238886595	0.473489135504	0.227850243449	0.26677942276	-0.0841930434108	0.258267611265	-0.0209494773299	-0.297674864531
343_TASK07_CON36_6.0_pos	pos	6.0	0.276784002781	0.0118077853695	0.35901170969	0.163653329015	0.155337393284	0.0743685737252	-0.108087062836	-0.0187715459615	0.124092079699	0.15115749836	-0.0657812431455	-0.0104229878634	-0.00693543022498	-0.0568428635597	0.0348658151925	-0.0392627865076	0.149627700448	-0.112299531698	0.015248997137	0.102141723037	-0.0662988722324	0.143271163106	0.151834860444	0.149568334222	-0.0796905681491	0.262155056	0.254950791597	0.139067590237	0.376054257154	0.460619270802	0.231503456831	0.253756523132	0.347295194864	0.44112944603	0.20867395401	0.251374721527	0.394742757082	0.370906889439	-0.00856569688767	0.378238886595	0.473489135504	0.227850243449	0.26677942276	-0.0841930434108	0.258267611265	-0.0209494773299	-0.297674864531
343_TASK07_CON36_7.0_posneg	posneg	7.0	0.0656619444489	-0.124177575111	0.256292849779	-0.0638638436794	-0.0596713386476	0.127038151026	-0.0948747843504	-0.0773052424192	0.108339034021	0.0157425906509	-0.00395799148828	0.0250717289746	0.0184247344732	-0.00790705252439	0.0371975339949	-0.00215865648352	0.0574958696961	-0.0428463332355	-0.0147003093734	0.0885104313493	-0.0504275076091	0.0823584720492	-0.0690127462149	-0.0279043763876	-0.000927056127694	0.137702018023	0.193064838648	0.0845572650433	0.0946391224861	0.278468996286	0.0518446266651	-0.0074305376038	0.101250730455	0.180944383144	0.0226415246725	-0.0298042111099	0.174013495445	0.103631496429	0.0456492751837	0.125142708421	0.250758647919	0.0478565096855	0.00194870890118	0.0178365577012	0.271013617516	-0.0582676008344	-0.313080519438
343_TASK07_CON36_7.0_pos	pos	7.0	0.0656619444489	-0.124177575111	0.256292849779	-0.0638638436794	-0.0596713386476	0.127038151026	-0.0948747843504	-0.0773052424192	0.108339034021	0.0157425906509	-0.00395799148828	0.0250717289746	0.0184247344732	-0.00790705252439	0.0371975339949	-0.00215865648352	0.0574958696961	-0.0428463332355	-0.0147003093734	0.0885104313493	-0.0504275076091	0.0823584720492	-0.0690127462149	-0.0279043763876	-0.000927056127694	0.137702018023	0.193064838648	0.0845572650433	0.0946391224861	0.278468996286	0.0518446266651	-0.0074305376038	0.101250730455	0.180944383144	0.0226415246725	-0.0298042111099	0.174013495445	0.103631496429	0.0456492751837	0.125142708421	0.250758647919	0.0478565096855	0.00194870890118	0.0178365577012	0.271013617516	-0.0582676008344	-0.313080519438
343_TASK07_CON36_8.0_posneg	posneg	8.0	0.13548797369	-0.0362454690039	0.33926782012	-0.149267688394	-0.0686070919037	-0.0875635147095	-0.0969153121114	-0.0732691213489	0.182608321309	-0.156326115131	-0.0431312993169	-0.0925830602646	-0.0739007741213	-0.0265390016139	0.0523906387389	-0.037247505039	-0.0702090188861	-0.039744861424	-0.0590430870652	-0.12243103981	0.0388422124088	0.0590214058757	-0.19162517786	-0.121137812734	-0.087006509304	-0.0205122865736	0.0923787802458	0.108465954661	0.0400586202741	0.331138193607	-0.0454852059484	-0.158805459738	-0.0833114162087	0.3310995996	-0.151117384434	-0.117033079267	0.136564090848	-0.104347191751	-0.0280018728226	-0.00114293571096	0.339505970478	-0.117932714522	-0.13738308847	0.0206515751779	0.236334517598	-0.0543916635215	-0.275987058878
343_TASK07_CON36_8.0_pos	pos	8.0	0.13548797369	-0.0362454690039	0.33926782012	-0.149267688394	-0.0686070919037	-0.0875635147095	-0.0969153121114	-0.0732691213489	0.182608321309	-0.156326115131	-0.0431312993169	-0.0925830602646	-0.0739007741213	-0.0265390016139	0.0523906387389	-0.037247505039	-0.0702090188861	-0.039744861424	-0.0590430870652	-0.12243103981	0.0388422124088	0.0590214058757	-0.19162517786	-0.121137812734	-0.087006509304	-0.0205122865736	0.0923787802458	0.108465954661	0.0400586202741	0.331138193607	-0.0454852059484	-0.158805459738	-0.0833114162087	0.3310995996	-0.151117384434	-0.117033079267	0.136564090848	-0.104347191751	-0.0280018728226	-0.00114293571096	0.339505970478	-0.117932714522	-0.13738308847	0.0206515751779	0.236334517598	-0.0543916635215	-0.275987058878
343_TASK07_CON36_9.0_posneg	posneg	9.0																																															
343_TASK07_CON36_9.0_pos	pos	9.0																																															
343_TASK07_CON36_10.0_posneg	posneg	10.0																																															
343_TASK07_CON36_10.0_pos	pos	10.0																																															
343_TASK07_CON36_11.0_posneg	posneg	11.0																																															
343_TASK07_CON36_11.0_pos	pos	11.0																																															
343_TASK07_CON36_12.0_posneg	posneg	12.0																																															
343_TASK07_CON36_12.0_pos	pos	12.0																																															
343_TASK07_CON36_13.0_posneg	posneg	13.0																																															
343_TASK07_CON36_13.0_pos	pos	13.0																																															
343_TASK07_CON37_0.0_posneg	posneg	0.0	0.694338142872	0.639481604099	0.374435961246	0.720640599728	0.736115157604	-0.328438937664	0.306616157293	0.0220775511116	-0.351098239422	0.336886644363	-0.0560978166759	0.00918717775494	-0.0153614487499	0.108883075416	0.00327129219659	0.00106572418008	0.343391805887	-0.0896868482232	-0.017152344808	-0.0325296632946	0.135342940688	0.0415076874197	0.762907385826	0.7789452672	-0.288500517607	0.542868852615	0.50568908453	0.167913883924	0.774471759796	0.752569854259	0.839988648891	0.793898820877	0.766683638096	0.740311026573	0.89414614439	0.848353326321	0.812973499298	0.85739004612	0.206554383039	0.783464193344	0.773806273937	0.881397306919	0.8386054039	-0.3122574687	-0.489245921373	0.45068526268	0.292162328959
343_TASK07_CON37_0.0_pos	pos	0.0	0.672890484333	0.565613150597	0.423115700483	0.615045070648	0.616925537586	-0.313477426767	0.0642644390464	-0.00723213888705	-0.00612693931907	0.475246250629	-0.104989245534	-0.0946095138788	-0.120699852705	-0.0586433745921	-0.0457034930587	-0.0841102302074	0.507717967033	-0.0189820211381	-0.0416772402823	-0.0936690121889	0.0302025806159	0.0504986383021	0.689736366272	0.67989641428	-0.126116394997	0.570432662964	0.565812945366	0.265214592218	0.678698301315	0.602965474129	0.773706376553	0.700744152069	0.722517132759	0.701966285706	0.846042871475	0.798277795315	0.700297951698	0.786048650742	-0.139723882079	0.696077883244	0.64433157444	0.808846533298	0.748864471912	-0.339809626341	-0.471076071262	0.451659917831	0.252849131823
343_TASK07_CON37_1.0_posneg	posneg	1.0	0.752405524254	0.696612238884	0.420969098806	0.777696967125	0.794868826866	-0.38286370039	0.353730589151	0.0338729918003	-0.40587463975	0.387444347143	-0.0660001263022	0.0146464584395	-0.0152016887441	0.126890107989	0.00117365526967	0.00259632291272	0.391312658787	-0.113589212298	-0.0135534713045	-0.037156265229	0.165431842208	0.0444122627378	0.820799827576	0.836693704128	-0.336015820503	0.613877534866	0.576314091682	0.190356448293	0.828086853027	0.801836907864	0.885567545891	0.848975896835	0.821670532227	0.7921423316	0.926935076714	0.889461398125	0.866805911064	0.900724828243	0.241203650832	0.838571369648	0.821922421455	0.919674217701	0.886079907417	-0.352737218142	-0.532109200954	0.496636420488	0.330458939075
343_TASK07_CON37_1.0_pos	pos	1.0	0.655519902706	0.534193754196	0.405667096376	0.556554436684	0.557306170464	-0.29117500782	-0.0192183572799	0.0332817807794	0.142344743013	0.455188065767	-0.139479249716	-0.106033802032	-0.151550367475	-0.0886320471764	-0.0941618233919	-0.11671166867	0.486606240273	-0.0432786084712	0.020220534876	-0.107582531869	0.0379241779447	0.00598882464692	0.652679204941	0.638459861279	-0.103649370372	0.540064156055	0.553634405136	0.292373806238	0.636323869228	0.536446332932	0.757820129395	0.675655722618	0.699588477612	0.687797009945	0.841806590557	0.783715426922	0.666254103184	0.769495546818	-0.253582179546	0.65990704298	0.587684750557	0.793617129326	0.723812878132	-0.411259919405	-0.441791325808	0.487573742867	0.249889627099
343_TASK07_CON37_2.0_posneg	posneg	2.0	0.814463973045	0.751213014126	0.477342098951	0.831145763397	0.848347485065	-0.442067205906	0.399497836828	0.0688895359635	-0.441344439983	0.455335497856	-0.0803110450506	0.0155807668343	-0.0178571473807	0.142930403352	-0.0110088223591	-0.00123407528736	0.455553412437	-0.139460936189	-0.00634851586074	-0.0392360091209	0.202175304294	0.0373305082321	0.874131679535	0.88595700264	-0.383630335331	0.696849107742	0.665769994259	0.23581443727	0.876325964928	0.844364225864	0.926912307739	0.897467970848	0.872219622135	0.84273314476	0.954453766346	0.926153600216	0.912075519562	0.93677431345	0.265345871449	0.886936724186	0.863373577595	0.95139425993	0.92586761713	-0.400597989559	-0.571858227253	0.544080138206	0.368716806173
343_TASK07_CON37_2.0_pos	pos	2.0	0.590040743351	0.452545255423	0.341620713472	0.449657529593	0.448446422815	-0.218100428581	-0.128193512559	0.0767713263631	0.301623016596	0.367652148008	-0.182158976793	-0.108109816909	-0.182445764542	-0.126027926803	-0.160962760448	-0.160473197699	0.403048664331	-0.0768484920263	0.135902494192	-0.0911474600434	0.0489763468504	-0.0690169706941	0.568662524223	0.551719009876	-0.11478510499	0.453980624676	0.489275544882	0.289666354656	0.550687611103	0.428653746843	0.725326538086	0.618749558926	0.632218897343	0.63233423233	0.820222139359	0.743240118027	0.603332102299	0.728495776653	-0.349714994431	0.580241918564	0.486045837402	0.763981759548	0.670938491821	-0.480603069067	-0.376219958067	0.511550605297	0.22082747519
343_TASK07_CON37_3.0_posneg	posneg	3.0	0.862848043442	0.786634206772	0.52427649498	0.86951225996	0.885329663754	-0.474784404039	0.417600393295	0.12721543014	-0.429153084755	0.519520163536	-0.0988180860877	0.0164526756853	-0.0253373142332	0.146220892668	-0.0374962426722	-0.0133104892448	0.513589680195	-0.164004445076	0.0166226048023	-0.035264570266	0.233530893922	0.0122499065474	0.910359859467	0.917189002037	-0.421916812658	0.768797278404	0.75400698185	0.309292852879	0.906327426434	0.870511889458	0.954131603241	0.927747547626	0.905146956444	0.876176059246	0.970311045647	0.949120640755	0.940168380737	0.957919418812	0.259654760361	0.916802883148	0.888592898846	0.969743728638	0.949754953384	-0.453636556864	-0.586325228214	0.58250015974	0.396671384573
343_TASK07_CON37_3.0_pos	pos	3.0	0.507992386818	0.357912153006	0.276647984982	0.34282553196	0.3422344625	-0.141919389367	-0.232679769397	0.0733831748366	0.386458098888	0.247620418668	-0.203873708844	-0.111561566591	-0.195017814636	-0.161672189832	-0.193778410554	-0.189318805933	0.288296461105	-0.0910656899214	0.21688850224	-0.0533671751618	0.0276508964598	-0.106721810997	0.463596314192	0.452126502991	-0.163563832641	0.360849618912	0.405990809202	0.24626506865	0.451711505651	0.309571325779	0.693829119205	0.555624306202	0.540307462215	0.537263810635	0.785783171654	0.690727233887	0.534124910831	0.672008216381	-0.38746547699	0.482279539108	0.362901508808	0.731082975864	0.610469341278	-0.514315009117	-0.329978197813	0.517604231834	0.197653666139
343_TASK07_CON37_4.0_posneg	posneg	4.0	0.885021090508	0.794992387295	0.542200446129	0.888025641441	0.901631355286	-0.45943748951	0.395171374083	0.183083146811	-0.358758568764	0.570856571198	-0.118303112686	0.0151777425781	-0.042808547616	0.11768527329	-0.0559682957828	-0.0265871714801	0.560016572475	-0.191160678864	0.0504075884819	-0.0410813391209	0.228234350681	0.000281868269667	0.928000330925	0.931056022644	-0.424240857363	0.823596000671	0.825141966343	0.368903368711	0.917451858521	0.872691333294	0.968421518803	0.941534757614	0.918727099895	0.883983254433	0.9774928689	0.958790659904	0.95362496376	0.967799723148	0.18713966012	0.92945098877	0.892217040062	0.978577852249	0.959942340851	-0.500425755978	-0.576186656952	0.607442140579	0.405246138573
343_TASK07_CON37_4.0_pos	pos	4.0	0.417696893215	0.26169475913	0.23381356895	0.277169883251	0.270985394716	-0.0815028548241	-0.25678384304	0.0898974537849	0.388762354851	0.176460906863	-0.187518805265	-0.0908148512244	-0.173108592629	-0.176317229867	-0.159796819091	-0.177486404777	0.214947238564	-0.0906796455383	0.227809369564	-0.018287692219	-0.0430111922324	-0.0626611113548	0.382985889912	0.387865245342	-0.2155148983	0.293390512466	0.34128922224	0.189296007156	0.373535186052	0.221548289061	0.6739153862	0.501866459846	0.451111167669	0.434573978186	0.743141770363	0.627911865711	0.479354828596	0.610105991364	-0.369650393724	0.401447325945	0.267459601164	0.698497414589	0.550200283527	-0.521290898323	-0.283795177937	0.506417751312	0.149449408054
343_TASK07_CON37_5.0_posneg	posneg	5.0	0.886031270027	0.763427913189	0.506633460522	0.881358623505	0.895384192467	-0.379611641169	0.384857684374	0.266321957111	-0.285512953997	0.627146065235	-0.125021159649	0.00964262150228	-0.0747185647488	0.0394648984075	-0.057210624218	-0.0451090224087	0.616479039192	-0.179297029972	0.0924278274179	-0.0633990094066	0.139587104321	0.0189662780613	0.932229757309	0.933199882507	-0.365009635687	0.862471938133	0.869819521904	0.331653982401	0.907069504261	0.837033569813	0.971813261509	0.941247582436	0.914634048939	0.858782529831	0.977772772312	0.957311272621	0.954858183861	0.968804299831	0.0652374178171	0.92556810379	0.865610003471	0.980044186115	0.959058523178	-0.534825980663	-0.549395442009	0.612119376659	0.389034956694
343_TASK07_CON37_5.0_pos	pos	5.0	0.280629217625	0.172166526318	0.135893568397	0.228125229478	0.217340156436	-0.00876343157142	-0.161918386817	0.0983737334609	0.268297582865	0.140802577138	-0.0861770436168	-0.0179089829326	-0.0750548914075	-0.118826575577	-0.0286580249667	-0.0873323976994	0.15737323463	-0.0596959106624	0.142110511661	0.0204058680683	-0.116332270205	0.0531623214483	0.309415012598	0.338603913784	-0.26953125	0.278214484453	0.311652481556	0.0907367765903	0.300546914339	0.158418059349	0.616293251514	0.422261357307	0.343674600124	0.31410291791	0.651111483574	0.499269157648	0.41448584199	0.50455904007	-0.232845783234	0.321458250284	0.196411818266	0.624472737312	0.447317868471	-0.465482294559	-0.197181135416	0.449857115746	0.0253305323422
343_TASK07_CON37_6.0_posneg	posneg	6.0	0.850714981556	0.675595521927	0.418839007616	0.852615594864	0.870099186897	-0.234031409025	0.355626344681	0.23813572526	-0.355635792017	0.695669353008	-0.0766887813807	0.0353128015995	-0.108492232859	-0.0287014264613	0.00247405422851	-0.0326707027853	0.689733028412	-0.0916667804122	0.111408554018	-0.151319369674	-0.0125032952055	0.0853197425604	0.925950288773	0.926720738411	-0.257778227329	0.873226344585	0.892913401127	0.208365395665	0.86472338438	0.732854425907	0.961117863655	0.924913704395	0.883109033108	0.776277005672	0.969676673412	0.941105008125	0.942717015743	0.959828495979	-0.00188763916958	0.899553537369	0.781694829464	0.971866667271	0.945772588253	-0.534461975098	-0.502700746059	0.586086750031	0.328107118607
343_TASK07_CON37_6.0_pos	pos	6.0	0.0956068411469	0.035946611315	0.0482425764203	0.114649355412	0.107670679688	0.0696985498071	0.00104091630783	0.0823247805238	0.0625087767839	0.1111766994	0.0104492167011	0.0414405837655	0.0276192557067	-0.0275936238468	0.0745084658265	0.00941040273756	0.107941396534	-0.0558140575886	0.00202320376411	0.0711602047086	-0.115480147302	0.108907327056	0.202855795622	0.225234046578	-0.225404322147	0.215992361307	0.251150161028	-0.0285407304764	0.195656225085	0.0711245313287	0.439558953047	0.27495470643	0.200604617596	0.169750764966	0.470874488354	0.274720013142	0.279837489128	0.326384246349	-0.0101866349578	0.204431504011	0.101212032139	0.448027640581	0.269432246685	-0.341671586037	-0.0780507922173	0.334915429354	-0.103590287268
343_TASK07_CON37_7.0_posneg	posneg	7.0	0.777412474155	0.538701295853	0.288403153419	0.802907049656	0.816874444485	-0.090706191957	0.314846783876	0.208105191588	-0.382600873709	0.636753201485	-0.0155908400193	0.0359038822353	-0.0730771124363	0.00508806062862	0.0603803172708	0.00579878920689	0.63854944706	-0.0446536801755	0.0317715406418	-0.127403944731	-0.0270962323993	0.120613053441	0.905761957169	0.905652761459	-0.186569049954	0.823472797871	0.888511180878	0.123238861561	0.793835818768	0.577110052109	0.944627165794	0.892854392529	0.825410604477	0.638424873352	0.957886695862	0.916423857212	0.917594730854	0.94284337759	-0.0176273621619	0.85011613369	0.640288352966	0.959268927574	0.920372009277	-0.565517067909	-0.427107870579	0.615391612053	0.237985402346
343_TASK07_CON37_7.0_pos	pos	7.0	-0.0415462255478	-0.129117533565	0.0724583789706	-0.011943789199	-0.018861617893	0.171255856752	0.105183318257	0.147472962737	-0.0211860854179	0.0374819561839	0.0366183519363	0.0815799534321	0.134625956416	0.0371804870665	0.150587424636	0.0956714749336	0.0122961178422	-0.196298107505	-0.117700740695	0.180455684662	-0.0939587950706	0.149511992931	0.126303374767	0.11516007036	-0.179006963968	0.156719192863	0.185507521033	-0.109159991145	0.146026983857	0.0707837343216	0.285806804895	0.174511536956	0.152499824762	0.123090907931	0.320059895515	0.159411594272	0.196331232786	0.221684023738	0.0986329317093	0.15808442235	0.0866777524352	0.294811993837	0.171174094081	-0.298574596643	0.0971034988761	0.26498490572	-0.229668051004
343_TASK07_CON37_8.0_posneg	posneg	8.0	0.860408008099	0.517363905907	0.338027834892	0.864259898663	0.858591258526	0.0327377356589	0.424649089575	0.334320366383	-0.492342948914	0.697350561619	0.0435335449874	0.103183820844	-0.0110925892368	0.0755082666874	0.188978657126	0.101771637797	0.69823718071	-0.110166788101	-0.0414130166173	-0.0868029892445	-0.120572119951	0.250114619732	0.947195470333	0.953966259956	-0.322820067406	0.872526109219	0.93163728714	0.146881431341	0.861874341965	0.641499519348	0.972729444504	0.943230092525	0.878188967705	0.703574359417	0.979931533337	0.963241279125	0.957941651344	0.973604559898	0.0695275589824	0.905850112438	0.70656400919	0.980177342892	0.961324334145	-0.781406879425	-0.42777132988	0.867521941662	0.162643641233
343_TASK07_CON37_8.0_pos	pos	8.0	-0.0840707346797	-0.241724804044	0.198825389147	-0.0246396642178	-0.0210297442973	0.219513177872	0.0809280276299	-0.00108156423084	-0.228019490838	0.097751557827	0.000875019759405	0.0598518811166	0.0811035484076	-0.0516910590231	0.165830641985	0.0683767274022	0.0838288590312	-0.126868128777	-0.111574657261	0.124957300723	-0.260935842991	0.243975102901	0.0432147197425	0.0844590365887	-0.168756842613	0.179198592901	0.269171893597	-0.216556861997	0.173410236835	0.177475869656	0.149187251925	0.232870459557	0.151850223541	0.163088768721	0.158081203699	0.196697488427	0.227897748351	0.198198914528	0.295012563467	0.182287588716	0.170864567161	0.158542975783	0.244133368134	-0.297441124916	0.326808869839	0.145977005363	-0.228281587362
343_TASK07_CON37_9.0_posneg	posneg	9.0	-0.798034965992	0.0595517158508	-0.581037819386	0.853189587593	0.995919525623	0.851697206497	0.158927425742	0.323133736849	0.917322814465	-0.0910202860832	0.892748951912	0.786905407906	0.415757089853	0.456039398909	0.394378423691	0.518312633038	0.119866319001	-0.460392564535	-0.169452503324	0.428796082735	-0.267408579588	0.505947589874	0.229136958718	0.732732653618	-0.762881875038	0.764314472675	0.978854358196	-0.372230619192	-0.96040982008	-0.652541875839	-0.66838568449	0.00386340403929	0.0850213170052	-0.813886284828	-0.992673754692	-0.353310495615	-0.476626366377	-0.704517245293	0.948599934578	-0.493164807558	-0.74514734745	-0.982063233852	-0.0803604573011	-0.0102989990264	0.607986629009	-0.195043236017	-0.475463032722
343_TASK07_CON37_9.0_pos	pos	9.0	-0.798034965992	0.0595517158508	-0.581037819386	0.853189587593	0.995919525623	0.851697206497	0.158927425742	0.323133736849	0.917322814465	-0.0910202860832	0.892748951912	0.786905407906	0.415757089853	0.456039398909	0.394378423691	0.518312633038	0.119866319001	-0.460392564535	-0.169452503324	0.428796082735	-0.267408579588	0.505947589874	0.229136958718	0.732732653618	-0.762881875038	0.764314472675	0.978854358196	-0.372230619192	-0.96040982008	-0.652541875839	-0.66838568449	0.00386340403929	0.0850213170052	-0.813886284828	-0.992673754692	-0.353310495615	-0.476626366377	-0.704517245293	0.948599934578	-0.493164807558	-0.74514734745	-0.982063233852	-0.0803604573011	-0.0102989990264	0.607986629009	-0.195043236017	-0.475463032722
343_TASK07_CON37_10.0_posneg	posneg	10.0																																															
343_TASK07_CON37_10.0_pos	pos	10.0																																															
343_TASK07_CON37_11.0_posneg	posneg	11.0																																															
343_TASK07_CON37_11.0_pos	pos	11.0																																															
343_TASK07_CON37_12.0_posneg	posneg	12.0																																															
343_TASK07_CON37_12.0_pos	pos	12.0																																															
343_TASK07_CON37_13.0_posneg	posneg	13.0																																															
343_TASK07_CON37_13.0_pos	pos	13.0																																															
343_TASK07_CON38_0.0_posneg	posneg	0.0	0.73473495245	0.684192657471	0.382814407349	0.770197629929	0.773731350899	-0.315813422203	0.352593779564	0.0508812442422	-0.371934384108	0.432113528252	0.0203590933233	0.035019300878	0.0613710805774	0.15572462976	0.0827480703592	0.085716702044	0.413517862558	-0.0709966570139	-0.0876304805279	-0.0259783063084	0.08775870502	0.0861448347569	0.798836827278	0.80612885952	-0.261878311634	0.578324139118	0.529679775238	0.167867869139	0.808064997196	0.774910986423	0.808485925198	0.826309680939	0.81991904974	0.77919459343	0.846609413624	0.872819602489	0.826846957207	0.871912300587	0.210674926639	0.829312384129	0.804344594479	0.840204119682	0.8659299016	-0.183115452528	-0.457737207413	0.28770288825	0.354496926069
343_TASK07_CON38_0.0_pos	pos	0.0	0.712178230286	0.622986733913	0.412889450788	0.694160878658	0.694050371647	-0.341936528683	0.134581461549	-0.0321220234036	-0.125512570143	0.533570945263	-0.0443468429148	-0.041399769485	-0.0589559338987	0.0118933999911	0.00395536143333	-0.0223389714956	0.54232531786	0.0011688452214	-0.0664265304804	-0.0731892511249	0.0424663312733	0.0516743250191	0.755441486835	0.745374083519	-0.132700905204	0.584322035313	0.550401747227	0.211883082986	0.748516559601	0.67817568779	0.743725955486	0.76674258709	0.787255108356	0.762157917023	0.803725123405	0.842195868492	0.747479319572	0.823837280273	-0.0610013455153	0.771581113338	0.728293538094	0.775634407997	0.811084449291	-0.210993900895	-0.444282591343	0.301019877195	0.318967461586
343_TASK07_CON38_1.0_posneg	posneg	1.0	0.78306388855	0.729284107685	0.416561543941	0.820227503777	0.827197194099	-0.345283448696	0.415734052658	0.0964463427663	-0.413798719645	0.471946388483	0.0156422890723	0.0472515299916	0.0700407326221	0.178592428565	0.0935384705663	0.0968074426055	0.445755124092	-0.104743376374	-0.0873365625739	-0.0315000861883	0.114168591797	0.0988574028015	0.844575047493	0.85417330265	-0.302320718765	0.633122861385	0.585143625736	0.192738026381	0.852669417858	0.819722652435	0.851783573627	0.872458338737	0.860291242599	0.820259273052	0.884135425091	0.904493451118	0.875264406204	0.908832669258	0.241458490491	0.873019933701	0.846488833427	0.882291436195	0.905253410339	-0.210390791297	-0.484350502491	0.318499416113	0.388528466225
343_TASK07_CON38_1.0_pos	pos	1.0	0.709931194782	0.601187765598	0.416482269764	0.666152596474	0.664770305157	-0.330775916576	0.0565479584038	0.00324573949911	0.0204782616347	0.517933726311	-0.0979059487581	-0.0543793924153	-0.111090801656	-0.0280346404761	-0.048541996628	-0.0727301090956	0.53131455183	-0.0255675464869	-0.000494102132507	-0.101315192878	0.0623132959008	0.0134960254654	0.731128573418	0.718672454357	-0.102975763381	0.568172574043	0.540456533432	0.241197019815	0.729298174381	0.637768387794	0.721869111061	0.754658937454	0.779608130455	0.762510478497	0.794335842133	0.837007761002	0.723924517632	0.813055813313	-0.163763538003	0.754439651966	0.696737587452	0.753336250782	0.798887848854	-0.257544577122	-0.421727001667	0.328971654177	0.316378623247
343_TASK07_CON38_2.0_posneg	posneg	2.0	0.826063811779	0.760592877865	0.450927257538	0.861676573753	0.871184527874	-0.367369055748	0.458226144314	0.173184707761	-0.413390517235	0.522022604942	0.00110776338261	0.0551663972437	0.0640941485763	0.185433417559	0.0926670208573	0.0962601751089	0.488244205713	-0.144238680601	-0.0766943246126	-0.0472277663648	0.141361787915	0.103198751807	0.88340562582	0.892033040524	-0.329856157303	0.701666474342	0.65782725811	0.232505068183	0.890445649624	0.853394567966	0.885549962521	0.908552527428	0.894030928612	0.85555434227	0.912066578865	0.930857479572	0.91274869442	0.937034547329	0.244506761432	0.908207297325	0.878879845142	0.91336774826	0.935264110565	-0.240918755531	-0.493157595396	0.343225955963	0.410379350185
343_TASK07_CON38_2.0_pos	pos	2.0	0.684776723385	0.549714505672	0.392664372921	0.603223919868	0.60314142704	-0.290247797966	-0.0465981699526	0.0595319829881	0.199354156852	0.463523179293	-0.154485791922	-0.0600116997957	-0.164960131049	-0.0616504065692	-0.130055218935	-0.128224998713	0.481483370066	-0.0609909780324	0.115003719926	-0.13179038465	0.10311216861	-0.0730737224221	0.680917680264	0.666049480438	-0.0819206088781	0.526831567287	0.508373856544	0.272305607796	0.693488478661	0.575409591198	0.679628968239	0.729582250118	0.755606770515	0.748724341393	0.772485971451	0.82154494524	0.689785420895	0.794524788857	-0.274999976158	0.721595883369	0.645016133785	0.715777397156	0.777618646622	-0.307599395514	-0.364612191916	0.346715420485	0.295135706663
343_TASK07_CON38_3.0_posneg	posneg	3.0	0.853128731251	0.765125215054	0.461443841457	0.881342887878	0.892887473106	-0.355354964733	0.446366608143	0.253386676311	-0.340548157692	0.572198331356	-0.0219628643245	0.0483681671321	0.0364860296249	0.152380481362	0.0653588324785	0.0726028904319	0.536867916584	-0.162388145924	-0.0464878454804	-0.0654225051403	0.144841566682	0.0842535868287	0.910430848598	0.914179444313	-0.315295189619	0.763402044773	0.720770061016	0.258101254702	0.912199676037	0.866307020187	0.902884662151	0.930647850037	0.912198543549	0.875121533871	0.927014827728	0.944944083691	0.934204936028	0.951987922192	0.185358762741	0.927347958088	0.89376437664	0.929552674294	0.951875627041	-0.262950778008	-0.469512283802	0.346142083406	0.406226992607
343_TASK07_CON38_3.0_pos	pos	3.0	0.611598372459	0.449018418789	0.329949170351	0.501508235931	0.501792490482	-0.214399218559	-0.179517254233	0.0565497353673	0.326980054379	0.375592142344	-0.195922583342	-0.0769141837955	-0.197176277637	-0.100032553077	-0.193578198552	-0.171881869435	0.399598062038	-0.0907162725925	0.212643876672	-0.122931875288	0.111040562391	-0.143497601151	0.602584838867	0.580140829086	-0.0804738178849	0.470173835754	0.454946488142	0.272187530994	0.639655470848	0.50619661808	0.623867034912	0.683931410313	0.695843577385	0.705872058868	0.728019118309	0.784076094627	0.645342826843	0.753620266914	-0.342236042023	0.662326097488	0.576465785503	0.663286745548	0.737898111343	-0.34206277132	-0.26447942853	0.342685699463	0.237744525075
343_TASK07_CON38_4.0_posneg	posneg	4.0	0.84520894289	0.713735342026	0.425424516201	0.865137338638	0.87973344326	-0.299817144871	0.341776132584	0.267958015203	-0.186177521944	0.566154539585	-0.0599380657077	0.0380055829883	-0.00457203481346	0.089115485549	0.011357055977	0.0269267447293	0.527025461197	-0.171250298619	0.0271906461567	-0.0690432041883	0.127485260367	0.0360628291965	0.913608253002	0.911020457745	-0.247920542955	0.788984656334	0.747371912003	0.258019775152	0.910666465759	0.84762108326	0.892828404903	0.929432690144	0.903786897659	0.86298006773	0.920552015305	0.9402359128	0.936238408089	0.950934290886	0.0747945159674	0.924763917923	0.882273077965	0.924228727818	0.95079356432	-0.265907794237	-0.386110752821	0.316240310669	0.352050215006
343_TASK07_CON38_4.0_pos	pos	4.0	0.509014308453	0.33177164197	0.259124100208	0.398324549198	0.400502204895	-0.143284901977	-0.26411652565	0.0267108008265	0.361957758665	0.294559299946	-0.196812748909	-0.070120215416	-0.185205087066	-0.11231572181	-0.182078108191	-0.166862592101	0.305485785007	-0.112689003348	0.238027974963	-0.0992346033454	0.0684616938233	-0.127969995141	0.512369036674	0.482669562101	-0.100631646812	0.414165645838	0.397456526756	0.245089247823	0.584599971771	0.446513563395	0.570579111576	0.628104805946	0.614031493664	0.640370070934	0.669494092464	0.722600579262	0.604029297829	0.697352945805	-0.357193261385	0.595488369465	0.510406494141	0.608906924725	0.682047426701	-0.349203377962	-0.175767198205	0.323629140854	0.174822151661
343_TASK07_CON38_5.0_posneg	posneg	5.0	0.745636940002	0.535675823689	0.339727520943	0.763584911823	0.785292208195	-0.215135291219	0.138516873121	0.200782284141	0.011980378069	0.420702278614	-0.081924058497	0.0220349449664	-0.0293798837811	0.0296201016754	-0.0330006033182	-0.0146564980969	0.372395843267	-0.133764952421	0.0891830176115	-0.0427591986954	0.0839050039649	-0.0131757846102	0.855011284351	0.844191491604	-0.169731989503	0.720211267471	0.689517974854	0.234187021852	0.848449409008	0.754286825657	0.817529499531	0.87457472086	0.833615839481	0.783290922642	0.8546910882	0.889670789242	0.892586946487	0.910362780094	-0.0380429513752	0.869055271149	0.808925926685	0.864706933498	0.908087611198	-0.235483288765	-0.211607083678	0.237904891372	0.220425710082
343_TASK07_CON38_5.0_pos	pos	5.0	0.395324349403	0.189293593168	0.258050173521	0.322581738234	0.318183809519	-0.1000585109	-0.25456315279	0.0173983685672	0.323607087135	0.254761844873	-0.186586886644	-0.0776357427239	-0.170601725578	-0.14034922421	-0.150857627392	-0.163246110082	0.264537334442	-0.0936252772808	0.217485815287	-0.0641430616379	-0.0104569420218	-0.0672150477767	0.408078342676	0.388730823994	-0.141884729266	0.365374833345	0.353437960148	0.224385946989	0.517506122589	0.409598439932	0.505582392216	0.549135506153	0.518251240253	0.545156955719	0.569074749947	0.625327169895	0.544036984444	0.601665377617	-0.287528306246	0.516871333122	0.452325791121	0.530093967915	0.592271268368	-0.303056955338	-0.0740603506565	0.257827281952	0.0890281423926
343_TASK07_CON38_6.0_posneg	posneg	6.0	0.463698774576	0.241229057312	0.215272679925	0.471212685108	0.496492356062	-0.105811186135	-0.0059303692542	0.0858045071363	0.10163783282	0.214554175735	-0.0920746251941	-0.0174973290414	-0.024930620566	-0.0275759827346	-0.0496485307813	-0.0481210798025	0.175897359848	-0.0841537937522	0.0778914690018	0.0244997926056	0.00850326009095	-0.0022989010904	0.602300047874	0.57626926899	-0.115498177707	0.488067507744	0.4967418015	0.166470885277	0.612201869488	0.514979600906	0.572942972183	0.63492000103	0.603629648685	0.54428589344	0.620389580727	0.694447040558	0.681770682335	0.720592916012	-0.0641065910459	0.650426626205	0.575214326382	0.63377904892	0.703604519367	-0.162606760859	-0.0446333736181	0.13825763762	0.0659733787179
343_TASK07_CON38_6.0_pos	pos	6.0	0.218796536326	0.0519001707435	0.194391205907	0.192953959107	0.184170395136	-0.0426336042583	-0.176821827888	-0.0284082982689	0.212369158864	0.231812745333	-0.154076427221	-0.061536565423	-0.131684795022	-0.134793788195	-0.0958231911063	-0.136276721954	0.235606402159	-0.0676033347845	0.156101211905	-0.0354120209813	-0.0633526816964	0.0199277270585	0.264987111092	0.264480471611	-0.151374086738	0.28952512145	0.28311419487	0.145165339112	0.381415486336	0.311346203089	0.35861569643	0.400537788868	0.346391320229	0.370120227337	0.379280805588	0.441133588552	0.389110535383	0.407799243927	-0.120635733008	0.361056178808	0.329851508141	0.363317728043	0.420503646135	-0.195845782757	0.012006723322	0.140399202704	0.0361650250852
343_TASK07_CON38_7.0_posneg	posneg	7.0	0.190240904689	0.049516890198	0.101072244346	0.184204056859	0.210808500648	-0.0307708214968	0.00969537626952	0.0445860177279	0.037990540266	0.125639677048	-0.0849383920431	0.00893581006676	-0.00561617361382	-0.0333873741329	-0.0275830738246	-0.0379455424845	0.106092907488	-0.0799907892942	0.0816799998283	0.0558145754039	-0.033241815865	0.0154920555651	0.364833652973	0.361382186413	-0.109158962965	0.271444380283	0.288482010365	0.0360878482461	0.323941200972	0.297390371561	0.312312543392	0.357333183289	0.335537612438	0.280655682087	0.347216963768	0.409210026264	0.363017171621	0.414439916611	0.0282005891204	0.365610986948	0.312656849623	0.352726519108	0.408217132092	-0.0948954373598	0.0138945430517	0.0812791660428	-0.0212455019355
343_TASK07_CON38_7.0_pos	pos	7.0	0.0751748308539	-0.0287784412503	0.090147189796	0.0187615882605	0.0334679782391	0.0111324852332	-0.0388985611498	0.0130116334185	0.0908975303173	0.119557961822	-0.0925120636821	0.0259196870029	-0.0327989384532	-0.0775755271316	-0.0315126143396	-0.059111405164	0.119287587702	-0.074605435133	0.132597178221	0.0386069491506	-0.0895386710763	0.030399736017	0.161407619715	0.167560830712	-0.127681985497	0.202600091696	0.188076227903	-0.00161620369181	0.198862731457	0.188714668155	0.195424497128	0.245556935668	0.186744645238	0.198865815997	0.229986220598	0.233447551727	0.186860442162	0.211277991533	0.0328156463802	0.186199262738	0.184388369322	0.206601083279	0.231341719627	-0.112347021699	0.0340000018477	0.0862553343177	-0.0322401821613
343_TASK07_CON38_8.0_posneg	posneg	8.0	-0.067432962358	-0.12073367089	0.0481807477772	-0.0303314123303	0.0164974872023	-0.0529090873897	0.0041516548954	0.0172762274742	0.0666793808341	0.139753863215	0.00344661530107	0.107374332845	0.0879720002413	0.116326332092	0.00170350342523	0.0658423826098	0.126458212733	-0.104733347893	0.0525678247213	0.113028779626	0.12886428833	-0.10632545501	0.123753070831	0.106997460127	-0.00117166596465	0.0755167081952	0.141857340932	0.107796318829	0.139153286815	0.149536967278	0.131912395358	0.136894702911	0.175599485636	0.101209506392	0.117364615202	0.144491836429	0.142277136445	0.139812409878	-0.00824842695147	0.161509186029	0.123772330582	0.124470867217	0.128606453538	0.033034004271	0.0843181684613	-0.0339642576873	-0.110256277025
343_TASK07_CON38_8.0_pos	pos	8.0	-0.067432962358	-0.12073367089	0.0481807477772	-0.0303314123303	0.0164974872023	-0.0529090873897	0.0041516548954	0.0172762274742	0.0666793808341	0.139753863215	0.00344661530107	0.107374332845	0.0879720002413	0.116326332092	0.00170350342523	0.0658423826098	0.126458212733	-0.104733347893	0.0525678247213	0.113028779626	0.12886428833	-0.10632545501	0.123753070831	0.106997460127	-0.00117166596465	0.0755167081952	0.141857340932	0.107796318829	0.139153286815	0.149536967278	0.131912395358	0.136894702911	0.175599485636	0.101209506392	0.117364615202	0.144491836429	0.142277136445	0.139812409878	-0.00824842695147	0.161509186029	0.123772330582	0.124470867217	0.128606453538	0.033034004271	0.0843181684613	-0.0339642576873	-0.110256277025
343_TASK07_CON38_9.0_posneg	posneg	9.0																																															
343_TASK07_CON38_9.0_pos	pos	9.0																																															
343_TASK07_CON38_10.0_posneg	posneg	10.0																																															
343_TASK07_CON38_10.0_pos	pos	10.0																																															
343_TASK07_CON38_11.0_posneg	posneg	11.0																																															
343_TASK07_CON38_11.0_pos	pos	11.0																																															
343_TASK07_CON38_12.0_posneg	posneg	12.0																																															
343_TASK07_CON38_12.0_pos	pos	12.0																																															
343_TASK07_CON38_13.0_posneg	posneg	13.0																																															
343_TASK07_CON38_13.0_pos	pos	13.0																																															
343_TASK07_CON39_0.0_posneg	posneg	0.0	0.683890283108	0.647576570511	0.324957251549	0.808774709702	0.832694768906	-0.323777467012	0.446251690388	0.0341135971248	-0.526675283909	0.398438006639	0.027473019436	0.0440937280655	0.0640952587128	0.176455780864	0.0552443936467	0.071052081883	0.388138622046	-0.0383803658187	-0.0648681148887	0.000523755210452	0.132485628128	0.0602227784693	0.816700100899	0.858926892281	-0.384975999594	0.588791429996	0.537383317947	0.169497430325	0.894004225731	0.883015096188	0.869763731956	0.889296591282	0.827272593975	0.786848306656	0.832142531872	0.843698918819	0.926368534565	0.882289409637	0.462717264891	0.893540501595	0.889308393002	0.881631135941	0.901474416256	-0.103455290198	-0.355362564325	0.211788803339	0.228029280901
343_TASK07_CON39_0.0_pos	pos	0.0	0.615902006626	0.534397721291	0.365193396807	0.720380246639	0.736096322536	-0.29811874032	0.236923009157	-0.0770352333784	-0.283468455076	0.529074192047	0.00905456952751	-0.0355903767049	-0.0114059550688	0.0294729936868	0.0432055294514	0.0177458114922	0.532436430454	0.0449137724936	-0.120829902589	-0.0485726743937	0.00790737196803	0.0815636590123	0.754780888557	0.790493071079	-0.236826866865	0.602067768574	0.544692516327	0.175219222903	0.837823152542	0.809032559395	0.81122815609	0.827866613865	0.787720501423	0.760023891926	0.773712277412	0.797814667225	0.86656332016	0.824398338795	0.1466114223	0.839797854424	0.827954173088	0.823773443699	0.844514071941	-0.142322793603	-0.32351693511	0.230113938451	0.18517139554
343_TASK07_CON39_1.0_posneg	posneg	1.0	0.713340997696	0.673013865948	0.347845584154	0.838023841381	0.862853825092	-0.354655265808	0.47768381238	0.051625084132	-0.560914516449	0.421904116869	0.0243414323777	0.051312033087	0.069380491972	0.192170023918	0.0554442293942	0.0738366767764	0.408665984869	-0.0508539117873	-0.0613665953279	0.00449068471789	0.154413476586	0.0606937557459	0.843456327915	0.883955299854	-0.416046768427	0.628174304962	0.58021479845	0.192205309868	0.911685407162	0.901615440845	0.890308141708	0.909398436546	0.850314319134	0.811592400074	0.85419678688	0.862619578838	0.942239701748	0.901411175728	0.492853522301	0.913039267063	0.908312141895	0.902680039406	0.919682860374	-0.113359317183	-0.373246312141	0.227106168866	0.244270831347
343_TASK07_CON39_1.0_pos	pos	1.0	0.60575401783	0.502304375172	0.389428079128	0.699110507965	0.713465869427	-0.298045307398	0.177244901657	-0.0615870691836	-0.178427621722	0.524773418903	-0.0190001502633	-0.0502536967397	-0.0418563298881	0.00252183596604	0.0187773685902	-0.0128888851032	0.531269669533	0.0399856567383	-0.0967061519623	-0.0597587004304	0.0110214464366	0.0638273209333	0.731195569038	0.76609313488	-0.206015691161	0.598890841007	0.548169076443	0.20736348629	0.821770012379	0.786085009575	0.797795891762	0.811923503876	0.77826333046	0.757545650005	0.757919669151	0.783444941044	0.847789406776	0.80683028698	0.0714673623443	0.825745403767	0.81070125103	0.808053553104	0.82785576582	-0.171530351043	-0.301701039076	0.250250548124	0.172578796744
343_TASK07_CON39_2.0_posneg	posneg	2.0	0.742512583733	0.695672094822	0.373859763145	0.867316782475	0.891989529133	-0.385900467634	0.506720364094	0.0748865753412	-0.585349619389	0.452234327793	0.0183437298983	0.0561970733106	0.0771524310112	0.207746058702	0.050422385335	0.0735939368606	0.436949670315	-0.0630029067397	-0.0577242076397	0.0178824272007	0.180104359984	0.0551915206015	0.871157824993	0.908075749874	-0.446623623371	0.676999568939	0.632005512714	0.22088471055	0.929092884064	0.919186890125	0.910233318806	0.927570044994	0.87325412035	0.836275219917	0.874997496605	0.882356762886	0.956205010414	0.919304430485	0.515860438347	0.931011736393	0.926090300083	0.922057390213	0.936189055443	-0.125989839435	-0.385237455368	0.241953402758	0.255478978157
343_TASK07_CON39_2.0_pos	pos	2.0	0.58462458849	0.46441963315	0.394858270884	0.660865008831	0.673984348774	-0.280074208975	0.118021972477	-0.0218289978802	-0.051449675113	0.491979777813	-0.0506344400346	-0.0542425364256	-0.0666808113456	-0.0220973175019	-0.0105280140415	-0.0402209274471	0.500344753265	0.0127204209566	-0.045035187155	-0.0646498948336	0.0186193585396	0.0369189977646	0.690368950367	0.727332234383	-0.174657389522	0.57077050209	0.530603289604	0.239641532302	0.794696033001	0.748550057411	0.771941781044	0.787821233273	0.759060144424	0.745695054531	0.733613669872	0.756095409393	0.820568919182	0.780565440655	-0.0163604728878	0.802204787731	0.782441616058	0.781848549843	0.801782488823	-0.202325686812	-0.266485452652	0.264042675495	0.155342593789
343_TASK07_CON39_3.0_posneg	posneg	3.0	0.772244572639	0.716464459896	0.401442021132	0.895235717297	0.917432367802	-0.413889586926	0.529562711716	0.105480514467	-0.588903605938	0.487079203129	0.00868042279035	0.0515799708664	0.0833789110184	0.221990048885	0.041570045054	0.0683235228062	0.47044673562	-0.0726997852325	-0.0590964816511	0.0370931699872	0.21018999815	0.0470506809652	0.898473143578	0.929366886616	-0.473374843597	0.733589828014	0.690925002098	0.252019107342	0.945050954819	0.93396961689	0.928559660912	0.94303303957	0.895174264908	0.86126691103	0.894029557705	0.901237308979	0.967586994171	0.934939265251	0.524635791779	0.946494281292	0.941496551037	0.938971400261	0.95010048151	-0.140133276582	-0.391003727913	0.255402803421	0.261306583881
343_TASK07_CON39_3.0_pos	pos	3.0	0.544080495834	0.418791919947	0.366860836744	0.597217082977	0.612666547298	-0.247310474515	0.0451227538288	0.0130259171128	0.0703127160668	0.441176384687	-0.0731468349695	-0.0478738956153	-0.0807925760746	-0.0364435277879	-0.0424065887928	-0.0584418848157	0.44786375761	-0.0171486400068	0.0183892436326	-0.0619405731559	0.0299313496798	-0.00180061510764	0.631843328476	0.667564332485	-0.131785035133	0.5094191432	0.479611426592	0.251790076494	0.747719585896	0.685524761677	0.721091866493	0.745495140553	0.715226173401	0.715518593788	0.686017632484	0.704918682575	0.779062390327	0.736108601093	-0.102319121361	0.758170008659	0.73481041193	0.734464287758	0.75706756115	-0.228369995952	-0.204295217991	0.253527343273	0.136276856065
343_TASK07_CON39_4.0_posneg	posneg	4.0	0.802557528019	0.735265254974	0.427467525005	0.919280350208	0.936912834644	-0.430450499058	0.536282420158	0.150549963117	-0.556982576847	0.518172860146	-0.00375289772637	0.0343140177429	0.0900470688939	0.234012722969	0.0271131508052	0.0579211227596	0.496695190668	-0.0755274742842	-0.0723944231868	0.0692420303822	0.243791535497	0.0315591730177	0.923509478569	0.946151793003	-0.487771391869	0.787847399712	0.750160336494	0.295556277037	0.957523584366	0.944818139076	0.943038165569	0.955130517483	0.915978312492	0.884139716625	0.909833192825	0.917642354965	0.97535520792	0.947817564011	0.505316376686	0.958998322487	0.953324258327	0.951656997204	0.960675120354	-0.15830719471	-0.38462767005	0.263029396534	0.264478206635
343_TASK07_CON39_4.0_pos	pos	4.0	0.492228478193	0.36639174819	0.332678765059	0.528766870499	0.545443415642	-0.195694938302	-0.0325583927333	0.0313583575189	0.151436150074	0.383708268404	-0.0896229296923	-0.0360619723797	-0.0871994793415	-0.0500965714455	-0.0750166252255	-0.0751839056611	0.38307505846	-0.0470020361245	0.0856364741921	-0.0409175157547	0.0309116095304	-0.0416554063559	0.558317899704	0.590335726738	-0.10865265131	0.421768695116	0.400724947453	0.23868304491	0.676239311695	0.59421056509	0.643939316273	0.686233878136	0.641241788864	0.646933972836	0.607725739479	0.622314870358	0.718423426151	0.663297772408	-0.1542686373	0.687207639217	0.655196726322	0.659492731094	0.689013242722	-0.245612874627	-0.136018425226	0.221128329635	0.125011712313
343_TASK07_CON39_5.0_posneg	posneg	5.0	0.820448637009	0.741854012012	0.44275316596	0.931375622749	0.945470154285	-0.417313963175	0.500636041164	0.207049116492	-0.459899246693	0.541071712971	-0.00459722848609	-0.0097808688879	0.112725101411	0.240295618773	0.0222630333155	0.0552749671042	0.509578406811	-0.064189247787	-0.12780494988	0.131705850363	0.264375329018	0.0178787559271	0.936302542686	0.952378690243	-0.46509835124	0.826015293598	0.800470650196	0.352098077536	0.961694657803	0.947293519974	0.94735789299	0.959149897099	0.924397826195	0.893343865871	0.912760436535	0.920303881168	0.977661371231	0.952214539051	0.43233448267	0.96382111311	0.957520902157	0.955695927143	0.963240802288	-0.172667562962	-0.328104197979	0.241293147206	0.246596083045
343_TASK07_CON39_5.0_pos	pos	5.0	0.421778738499	0.284749418497	0.324754416943	0.449384063482	0.449604898691	-0.10097938031	-0.101914614439	0.0345047302544	0.183643221855	0.314211636782	-0.080515794456	-0.0191726796329	-0.0699447989464	-0.0583031289279	-0.0639200285077	-0.069766394794	0.301040709019	-0.0617657490075	0.10933611542	-0.0168122667819	-0.000794347259216	-0.0281150843948	0.448966890574	0.472993433475	-0.107648067176	0.330629825592	0.318681716919	0.216377094388	0.572024822235	0.493193328381	0.525578081608	0.599379301071	0.540045201778	0.542531132698	0.485203444958	0.504026532173	0.624097108841	0.552788317204	-0.15496006608	0.587365150452	0.548812270164	0.538695812225	0.584029197693	-0.229257583618	-0.0352344624698	0.152418956161	0.0841760858893
343_TASK07_CON39_6.0_posneg	posneg	6.0	0.786334812641	0.682906150818	0.409041911364	0.923373222351	0.937577605247	-0.346441060305	0.369004309177	0.188756242394	-0.309903234243	0.539800345898	-0.0320913791656	-0.0317718237638	0.0951010659337	0.192008882761	-0.00164919137023	0.0339467562735	0.493744909763	-0.0897175297141	-0.1188236624	0.150377631187	0.237454473972	-0.0162430834025	0.930576980114	0.944641113281	-0.369457006454	0.833859503269	0.809999704361	0.339984744787	0.950654387474	0.930462598801	0.930229783058	0.94935554266	0.908033192158	0.864463269711	0.882581293583	0.893507063389	0.970551133156	0.939374744892	0.303472936153	0.955344617367	0.945590794086	0.941071212292	0.952282905579	-0.153771013021	-0.204248964787	0.178035199642	0.163258314133
343_TASK07_CON39_6.0_pos	pos	6.0	0.351710051298	0.17973382771	0.356308370829	0.314234733582	0.303171664476	-0.0122273797169	-0.158446058631	0.0255949925631	0.202751457691	0.237417638302	-0.0846921131015	-0.00778121920303	-0.0587437599897	-0.0689087659121	-0.0201215222478	-0.0649238973856	0.228803247213	-0.100046306849	0.0940921530128	-0.0105195567012	-0.0445109903812	0.0583263523877	0.293422877789	0.300146639347	-0.0846338346601	0.26458054781	0.274439960718	0.209222152829	0.434530884027	0.3919506073	0.367511034012	0.44724047184	0.429560512304	0.428368985653	0.345902979374	0.37992104888	0.476061552763	0.42313015461	-0.147238150239	0.455732822418	0.434386342764	0.380938857794	0.437585413456	-0.171472981572	0.0945665463805	0.0621894933283	-0.00959586910903
343_TASK07_CON39_7.0_posneg	posneg	7.0	0.686930775642	0.533762574196	0.344437092543	0.882480561733	0.904200732708	-0.259597480297	0.200462698936	0.128848820925	-0.18162599206	0.466829001904	-0.0855786204338	-0.00837321393192	0.0593525581062	0.105281464756	-0.0169352050871	0.0116115175188	0.410628676414	-0.167187049985	-0.0510371997952	0.0899972394109	0.148474738002	-0.0143291922286	0.906089842319	0.917909741402	-0.269741475582	0.769660770893	0.772112965584	0.287174344063	0.909804046154	0.891927182674	0.879394710064	0.908335208893	0.867153286934	0.780424892902	0.816189229488	0.836595714092	0.945163309574	0.90555948019	0.181303501129	0.92660343647	0.909286677837	0.898440420628	0.91751486063	-0.118303790689	-0.072302930057	0.120738066733	0.0261577218771
343_TASK07_CON39_7.0_pos	pos	7.0	0.239918604493	0.0894761309028	0.292922705412	0.147314190865	0.153303220868	0.0409625284374	-0.126634284854	-0.0319513343275	0.129328966141	0.131380796432	-0.0933819934726	-0.0606007687747	-0.0758017078042	-0.0902636274695	-0.00809058733284	-0.0827917307615	0.152346909046	-0.0952739343047	0.0349870920181	-0.000622195308097	-0.0525929220021	0.106011524796	0.129778549075	0.127623006701	-0.0536413118243	0.20953027904	0.230114325881	0.149202123284	0.281859338284	0.292807847261	0.213342890143	0.255794256926	0.267360240221	0.266004949808	0.20576992631	0.245041415095	0.297360420227	0.258806288242	-0.0734446793795	0.283079713583	0.294637948275	0.226078227162	0.262417644262	-0.0900417789817	0.152783811092	0.000827006413601	-0.0817951187491
343_TASK07_CON39_8.0_posneg	posneg	8.0	0.611198604107	0.426380902529	0.275295197964	0.839817643166	0.880046248436	-0.213165417314	0.16962108016	0.151003241539	-0.139875501394	0.266477912664	-0.103670284152	-0.0577957630157	0.120727755129	0.137365087867	-0.00356411747634	0.0161835700274	0.175944015384	-0.18944004178	-0.114087313414	0.171961903572	0.210029065609	-0.00671259593219	0.867477238178	0.87001055479	-0.162739381194	0.700247526169	0.794061005116	0.24466817081	0.848369956017	0.870537161827	0.788704693317	0.824029803276	0.845194041729	0.699382722378	0.724316358566	0.776533126831	0.897089660168	0.852191150188	0.100370846689	0.891274929047	0.871711313725	0.822720646858	0.843782663345	-0.0809442773461	0.0185289941728	0.0629666149616	-0.0373245179653
343_TASK07_CON39_8.0_pos	pos	8.0	0.0150723559782	-0.0941139012575	0.193742126226	-0.00226690457202	0.023177254945	0.113604597747	-0.114654816687	0.0282656308264	0.130521133542	0.00663085374981	0.00102656846866	-0.0248132217675	-0.00752359442413	0.0158739667386	0.0273392181844	0.0113999797031	0.0130508402362	-0.0377995334566	-0.034227963537	-0.0323366336524	0.0200794897974	0.0461106151342	-0.0898266509175	-0.0379022322595	-0.00765709159896	0.0413491986692	0.0861431658268	0.114447936416	0.175473168492	0.202375337481	0.0994492247701	0.0493976473808	0.119107544422	0.175981134176	0.0720843523741	0.0524244233966	0.183959364891	0.135237440467	-0.0678246766329	0.155580982566	0.217509433627	0.117043830454	0.0560189560056	-0.0191824156791	0.224103927612	-0.0630234777927	-0.162224814296
343_TASK07_CON39_9.0_posneg	posneg	9.0	0.428141385317	0.789938032627	-0.722319304943	0.590693712234	0.491407126188	-0.051571700722	-0.85988253355	-0.621259570122	0.92122399807	-0.192389726639	0.647989869118	-0.756687104702	-0.795157372952	-0.636300206184	0.537332296371	-0.666026651859	0.028318779543	0.775753438473	-0.638909697533	-0.718960762024	-0.485622286797	0.253844171762	-0.243960618973	-0.12550099194	0.956713378429	-0.877952635288	-0.850243270397	0.647363781929	-0.52870631218	-0.923667311668	-0.309058487415	-0.088979177177	-0.769529640675	-0.515782475471	-0.160775750875	-0.518569231033	-0.753853738308	-0.755144476891	-0.562266349792	-0.687456727028	-0.852030396461	-0.342928379774	-0.497470527887	0.221857041121	-0.504377782345	-0.122120805085	0.845438838005
343_TASK07_CON39_9.0_pos	pos	9.0	0.428141385317	0.789938032627	-0.722319304943	0.590693712234	0.491407126188	-0.051571700722	-0.85988253355	-0.621259570122	0.92122399807	-0.192389726639	0.647989869118	-0.756687104702	-0.795157372952	-0.636300206184	0.537332296371	-0.666026651859	0.028318779543	0.775753438473	-0.638909697533	-0.718960762024	-0.485622286797	0.253844171762	-0.243960618973	-0.12550099194	0.956713378429	-0.877952635288	-0.850243270397	0.647363781929	-0.52870631218	-0.923667311668	-0.309058487415	-0.088979177177	-0.769529640675	-0.515782475471	-0.160775750875	-0.518569231033	-0.753853738308	-0.755144476891	-0.562266349792	-0.687456727028	-0.852030396461	-0.342928379774	-0.497470527887	0.221857041121	-0.504377782345	-0.122120805085	0.845438838005
343_TASK07_CON39_10.0_posneg	posneg	10.0																																															
343_TASK07_CON39_10.0_pos	pos	10.0																																															
343_TASK07_CON39_11.0_posneg	posneg	11.0																																															
343_TASK07_CON39_11.0_pos	pos	11.0																																															
343_TASK07_CON39_12.0_posneg	posneg	12.0																																															
343_TASK07_CON39_12.0_pos	pos	12.0																																															
343_TASK07_CON39_13.0_posneg	posneg	13.0																																															
343_TASK07_CON39_13.0_pos	pos	13.0																																															
343_TASK07_CON40_0.0_posneg	posneg	0.0	0.743963420391	0.68206089735	0.400374442339	0.782397806644	0.794748067856	-0.316362380981	0.385465502739	0.067275442183	-0.398643255234	0.414526641369	0.0382870100439	0.0537378229201	0.0823839381337	0.190581351519	0.0970916524529	0.106462150812	0.388757735491	-0.0696721673012	-0.0923660546541	-0.0209564082325	0.105471678078	0.0913682579994	0.809855997562	0.826968610287	-0.292218983173	0.593555152416	0.555506289005	0.207276344299	0.847142338753	0.819060087204	0.828724741936	0.854893267155	0.850132524967	0.819817185402	0.864929020405	0.872031509876	0.871387481689	0.907709419727	0.261720538139	0.872315943241	0.85755187273	0.866298139095	0.888632416725	-0.138669505715	-0.399120807648	0.243428498507	0.275295764208
343_TASK07_CON40_0.0_pos	pos	0.0	0.70831900835	0.610260009766	0.40785753727	0.700923025608	0.708492934704	-0.321311950684	0.168166875839	-0.0304955188185	-0.157636210322	0.526629030704	-0.0315000116825	-0.0254621524364	-0.0405595377088	0.0315819717944	0.0194055754691	-0.00408652285114	0.530941724777	-0.00935256015509	-0.075640052557	-0.0717459917068	0.04667474702	0.0614555627108	0.759395778179	0.75853908062	-0.145195364952	0.603721559048	0.570684969425	0.234614118934	0.783558547497	0.721533954144	0.762220740318	0.789143681526	0.816707015038	0.791626274586	0.819953680038	0.839509665966	0.795805096626	0.865120232105	-0.0221186317503	0.816822528839	0.779646396637	0.803154408932	0.833369672298	-0.176921635866	-0.391683697701	0.271025508642	0.249554291368
343_TASK07_CON40_1.0_posneg	posneg	1.0	0.779718399048	0.715638279915	0.42935359478	0.819646239281	0.834519028664	-0.34492072463	0.432129204273	0.101858697832	-0.433022677898	0.443115502596	0.0383096039295	0.0629886090755	0.0942012891173	0.211189463735	0.105090983212	0.116789385676	0.411193490028	-0.0907018855214	-0.0954431667924	-0.0183195583522	0.12866614759	0.0985485389829	0.84384137392	0.861757278442	-0.325954288244	0.638620257378	0.604217112064	0.235338538885	0.876890361309	0.850048184395	0.859840154648	0.885874927044	0.876617372036	0.849118590355	0.890083968639	0.895047545433	0.902744531631	0.929578483105	0.292239546776	0.89980751276	0.884693264961	0.895241260529	0.914859712124	-0.156333327293	-0.415874004364	0.262661993504	0.296728819609
343_TASK07_CON40_1.0_pos	pos	1.0	0.702405869961	0.586139857769	0.413053929806	0.672312140465	0.678709924221	-0.313187539577	0.0974366739392	-0.00129520136397	-0.0285863596946	0.515109717846	-0.0698686987162	-0.0392593070865	-0.0779741927981	0.00250536738895	-0.0231304820627	-0.0436389297247	0.522700548172	-0.0271794367582	-0.0286403372884	-0.0857840254903	0.0652936324477	0.0259926877916	0.735521733761	0.729471623898	-0.109951078892	0.593110144138	0.567659854889	0.265427410603	0.761626124382	0.685031175613	0.742268502712	0.770637631416	0.807173609734	0.791732192039	0.808674573898	0.832593500614	0.772085785866	0.854896366596	-0.112806193531	0.798342168331	0.751938462257	0.783558368683	0.818377971649	-0.21861204505	-0.366402357817	0.293614447117	0.245364949107
343_TASK07_CON40_2.0_posneg	posneg	2.0	0.812796890736	0.742409348488	0.456575840712	0.855132460594	0.871804535389	-0.370565444231	0.469811469316	0.153887227178	-0.446228891611	0.47809869051	0.0335883498192	0.0687406510115	0.101142242551	0.228777512908	0.107750184834	0.1212554425	0.440713346004	-0.114233329892	-0.096149072051	-0.0157978385687	0.157725453377	0.102745607495	0.876515448093	0.892544150352	-0.35385042429	0.694111764431	0.665317475796	0.276782900095	0.903812885284	0.877241015434	0.888981938362	0.912460386753	0.899918496609	0.874899744987	0.911413669586	0.916622459888	0.929778039455	0.947969138622	0.315248847008	0.923219740391	0.907546818256	0.920484960079	0.937089681625	-0.178741067648	-0.423954576254	0.283276617527	0.309478223324
343_TASK07_CON40_2.0_pos	pos	2.0	0.677960216999	0.543521761894	0.39694994688	0.615398228168	0.62395709753	-0.288928806782	0.0105511555448	0.0477288663387	0.125958204269	0.471365302801	-0.106972105801	-0.0476185008883	-0.112445987761	-0.0195877123624	-0.0804010555148	-0.08045681566	0.479835540056	-0.0554260797799	0.0458147414029	-0.100487031043	0.0977703034878	-0.0391667373478	0.692347347736	0.680301606655	-0.0746352821589	0.554958164692	0.544150710106	0.302160292864	0.724346876144	0.627081394196	0.705367088318	0.739573061466	0.782930731773	0.780785620213	0.786404550076	0.813521325588	0.738527238369	0.837571144104	-0.216595903039	0.766135454178	0.705987095833	0.750409245491	0.793216407299	-0.25978538394	-0.318055808544	0.307075202465	0.231207624078
343_TASK07_CON40_3.0_posneg	posneg	3.0	0.842144787312	0.760129928589	0.47569450736	0.881616711617	0.898200929165	-0.379081994295	0.477734655142	0.215359196067	-0.419051021338	0.519164085388	0.0231321938336	0.063905633986	0.0990543812513	0.230943724513	0.101271659136	0.117233298719	0.476375728846	-0.137648850679	-0.0976040810347	-0.0156831033528	0.180610746145	0.0978762283921	0.90426748991	0.915064275265	-0.366366803646	0.755402266979	0.734206199646	0.324960291386	0.92464017868	0.896595180035	0.910777509212	0.931968271732	0.917863845825	0.895246505737	0.926577329636	0.932869374752	0.949354529381	0.960535645485	0.305461883545	0.940262675285	0.923756718636	0.93818128109	0.95247232914	-0.202748924494	-0.41457849741	0.293732404709	0.316580176353
343_TASK07_CON40_3.0_pos	pos	3.0	0.619491159916	0.46476316452	0.355447173119	0.531443476677	0.541285336018	-0.226462632418	-0.101764008403	0.0619137138128	0.253540366888	0.395629227161	-0.139509543777	-0.058864440769	-0.13990265131	-0.0542609132826	-0.134257420897	-0.116758383811	0.405732452869	-0.0779766067863	0.128259718418	-0.0954490527511	0.103096738458	-0.103319391608	0.616068482399	0.596726119518	-0.0600401200354	0.498532265425	0.499612063169	0.319235920906	0.674566686153	0.564525604248	0.65537083149	0.694981634617	0.736557900906	0.748880028725	0.744332611561	0.772320091724	0.702406525612	0.805050313473	-0.289594292641	0.717026472092	0.647523701191	0.703948020935	0.753054201603	-0.287672489882	-0.230709448457	0.293799877167	0.191099047661
343_TASK07_CON40_4.0_posneg	posneg	4.0	0.853360831738	0.750823676586	0.468268126249	0.88971722126	0.906645059586	-0.357745200396	0.425044178963	0.246180549264	-0.322876423597	0.535078406334	0.000966424646322	0.0448722541332	0.0760241001844	0.198235288262	0.0646873861551	0.0902129039168	0.488804250956	-0.146112456918	-0.0808352455497	-0.0105882920325	0.18630464375	0.0603171885014	0.917020320892	0.922504484653	-0.345589488745	0.800971925259	0.78633004427	0.350994378328	0.932475626469	0.898708939552	0.917786955833	0.939687907696	0.924386799335	0.900879263878	0.931104362011	0.939551472664	0.958555817604	0.966197729111	0.240989208221	0.947296798229	0.927121818066	0.94456911087	0.958995223045	-0.219493657351	-0.36372590065	0.283458828926	0.296280562878
343_TASK07_CON40_4.0_pos	pos	4.0	0.547431588173	0.365575730801	0.33466899395	0.441833019257	0.452412039042	-0.16084395349	-0.216082841158	0.0345903448761	0.324260979891	0.298808187246	-0.163501039147	-0.0677575841546	-0.151935324073	-0.0853400081396	-0.161870270967	-0.142118319869	0.310701161623	-0.1017716676	0.184485599399	-0.065352126956	0.0846134573221	-0.127997472882	0.517495989799	0.490611106157	-0.0735464170575	0.417099475861	0.419147104025	0.296689480543	0.607947051525	0.486011952162	0.584132790565	0.635456681252	0.664611577988	0.684143066406	0.675925731659	0.707260906696	0.655486702919	0.75167798996	-0.323644012213	0.649470925331	0.565590560436	0.634438216686	0.694776773453	-0.294793903828	-0.136852920055	0.256398797035	0.140872746706
343_TASK07_CON40_5.0_posneg	posneg	5.0	0.824525237083	0.678587377071	0.425613611937	0.866879403591	0.887941837311	-0.29497268796	0.292698025703	0.223244160414	-0.163920179009	0.48470684886	-0.0544341467321	0.032288223505	0.0234308224171	0.117937393486	-0.0186080336571	0.0254184510559	0.440899670124	-0.150940015912	0.0055328886956	0.0117980334908	0.165913701057	-0.0301434956491	0.905383825302	0.905453920364	-0.269457161427	0.801031947136	0.791087150574	0.336190074682	0.919297397137	0.870101690292	0.898186147213	0.926693975925	0.905346035957	0.874225616455	0.914515137672	0.92415779829	0.953760623932	0.959373533726	0.123831503093	0.936750710011	0.907426118851	0.932240068913	0.950055241585	-0.223892167211	-0.263500243425	0.251260191202	0.227537482977
343_TASK07_CON40_5.0_pos	pos	5.0	0.478949815035	0.252678453922	0.347432285547	0.367278397083	0.373380571604	-0.100889243186	-0.251238882542	0.0465585961938	0.337072312832	0.23832321167	-0.159428372979	-0.0708698034286	-0.142349943519	-0.106894485652	-0.140245974064	-0.142953291535	0.252471089363	-0.0958874970675	0.179573506117	-0.036384023726	0.0269100703299	-0.0810757428408	0.407253324986	0.382947832346	-0.0924562960863	0.329293519258	0.34645435214	0.278526455164	0.528302490711	0.413622260094	0.492194652557	0.554300844669	0.576527237892	0.594473063946	0.572340071201	0.616759538651	0.593022406101	0.671531021595	-0.307835549116	0.569008886814	0.481467038393	0.537517011166	0.610768377781	-0.269493281841	-0.0282674245536	0.188205331564	0.0679636970162
343_TASK07_CON40_6.0_posneg	posneg	6.0	0.723300635815	0.500768005848	0.341493040323	0.784246921539	0.816649198532	-0.222637444735	0.127477526665	0.143294095993	-0.0334018282592	0.33468863368	-0.081099383533	0.00632175570354	0.00316446856596	0.0571934394538	-0.0735768228769	-0.0250765308738	0.30533772707	-0.122032277286	0.0443662591279	0.0603041872382	0.134741052985	-0.0795419216156	0.837747275829	0.832118868828	-0.175935342908	0.70269548893	0.708007335663	0.264786034822	0.85798740387	0.769974052906	0.815866172314	0.865670800209	0.838797986507	0.777994632721	0.836213052273	0.861049175262	0.914882779121	0.921604275703	0.0429251082242	0.887489318848	0.82976847887	0.866125881672	0.902454018593	-0.179476067424	-0.107865817845	0.163981020451	0.0994052961469
343_TASK07_CON40_6.0_pos	pos	6.0	0.351697981358	0.13105404377	0.293182045221	0.291815340519	0.288047343493	-0.00928011722863	-0.189124614	-0.00610714545473	0.231868028641	0.195376247168	-0.0954706519842	-0.0305159427226	-0.0680275261402	-0.0633196383715	-0.0444671995938	-0.0794696882367	0.187963798642	-0.0927527472377	0.0887928754091	0.00152128562331	-0.010351870209	0.0296509973705	0.273367106915	0.261662513018	-0.0972939357162	0.269619524479	0.281061559916	0.18486712873	0.419803470373	0.332907348871	0.34743309021	0.407563179731	0.426819860935	0.428570687771	0.376460552216	0.430526047945	0.462686985731	0.491267621517	-0.155583411455	0.435008943081	0.366876661777	0.366810560226	0.436277359724	-0.16569416225	0.107913322747	0.0619247183204	-0.0571036301553
343_TASK07_CON40_7.0_posneg	posneg	7.0	0.322503179312	0.12520429492	0.190169885755	0.354377180338	0.372071743011	0.0171364210546	-0.00872274767607	0.0701446980238	0.0832047387958	0.115067631006	-0.0380850471556	0.0403933040798	0.00742223672569	0.00903062522411	0.0227301660925	0.00116587965749	0.10082616657	-0.0963646695018	0.0272393394262	0.0236758328974	0.00811084732413	0.0462143830955	0.367074608803	0.351436316967	-0.0888687670231	0.321900904179	0.350850492716	0.101974338293	0.458424657583	0.363058775663	0.413208693266	0.480013489723	0.439210742712	0.390630573034	0.421201586723	0.469003617764	0.558639526367	0.584047853947	0.0138325020671	0.499145001173	0.423332720995	0.460255324841	0.528513014317	-0.105644509196	0.0651825889945	0.0484750159085	-0.0536033399403
343_TASK07_CON40_7.0_pos	pos	7.0	0.180553212762	0.00876055471599	0.199079692364	0.148023664951	0.139768064022	0.0969777703285	-0.0963029414415	-0.00756319100037	0.120472848415	0.107735283673	-0.0282386671752	0.0376998968422	-0.00101883255411	-0.00592284742743	0.033627808094	-0.00635031890124	0.100171290338	-0.0926427617669	0.0205490160733	0.0294144451618	-0.0114669203758	0.0732615441084	0.120133116841	0.117896601558	-0.103293523192	0.18135048449	0.180611893535	0.0501596517861	0.249257102609	0.226807057858	0.200264275074	0.230641588569	0.229882448912	0.25852009654	0.207124531269	0.23712605238	0.276403009892	0.285190880299	-0.00390760134906	0.245282500982	0.242245152593	0.209852293134	0.247358813882	-0.111435823143	0.156216964126	0.0157382525504	-0.123364411294
343_TASK07_CON40_8.0_posneg	posneg	8.0	-0.077141739428	-0.0664034634829	0.0209068618715	0.00656602857634	0.0636387169361	0.0879427790642	-0.00503500271589	0.00634836824611	0.0207447484136	-0.0589588023722	0.0459391288459	0.103156551719	0.0715602338314	0.037588942796	0.0478983297944	0.0642889142036	-0.0105426348746	-0.0771412849426	0.0172407031059	0.0793259218335	-0.0113213127479	-0.00489086704329	0.00726189464331	-0.000111736299004	0.0204477403313	0.0647234842181	0.14231172204	-0.0148822776973	-0.0177689939737	0.0346171893179	0.0992386862636	0.06197386235	0.115705102682	0.0643632337451	0.0914027169347	0.0529345870018	0.0405421331525	0.0916825830936	0.0535477288067	0.0193023867905	0.0408697761595	0.106322981417	0.0868485867977	-0.036190200597	0.105606794357	0.0231712982059	-0.0831259191036
343_TASK07_CON40_8.0_pos	pos	8.0	-0.077141739428	-0.0664034634829	0.0209068618715	0.00656602857634	0.0636387169361	0.0879427790642	-0.00503500271589	0.00634836824611	0.0207447484136	-0.0589588023722	0.0459391288459	0.103156551719	0.0715602338314	0.037588942796	0.0478983297944	0.0642889142036	-0.0105426348746	-0.0771412849426	0.0172407031059	0.0793259218335	-0.0113213127479	-0.00489086704329	0.00726189464331	-0.000111736299004	0.0204477403313	0.0647234842181	0.14231172204	-0.0148822776973	-0.0177689939737	0.0346171893179	0.0992386862636	0.06197386235	0.115705102682	0.0643632337451	0.0914027169347	0.0529345870018	0.0405421331525	0.0916825830936	0.0535477288067	0.0193023867905	0.0408697761595	0.106322981417	0.0868485867977	-0.036190200597	0.105606794357	0.0231712982059	-0.0831259191036
343_TASK07_CON40_9.0_posneg	posneg	9.0	-0.692984640598	0.448392182589	-0.657133936882	0.93648570776	0.889493823051	0.973774135113	0.988790631294	0.982343375683	-0.996671617031	-0.820574998856	0.816112041473	0.865382611752	0.999151825905	0.610830962658	0.978565812111	0.977899730206	-0.948430895805	-0.795781075954	-0.347754716873	0.985681295395	-0.494425863028	0.780549168587	0.959196865559	0.762036383152	-0.958743870258	0.950213968754	0.693655431271	-0.957790791988	-0.276549607515	0.826396763325	0.966451883316	0.812787592411	0.808331429958	0.0486950576305	0.733827531338	0.988550364971	0.830123007298	0.782073974609	0.97086173296	0.442771792412	0.0840132310987	0.965226233006	0.9603728652	-0.877851009369	-0.14380133152	0.833459973335	-0.999992191792
343_TASK07_CON40_9.0_pos	pos	9.0	-0.692984640598	0.448392182589	-0.657133936882	0.93648570776	0.889493823051	0.973774135113	0.988790631294	0.982343375683	-0.996671617031	-0.820574998856	0.816112041473	0.865382611752	0.999151825905	0.610830962658	0.978565812111	0.977899730206	-0.948430895805	-0.795781075954	-0.347754716873	0.985681295395	-0.494425863028	0.780549168587	0.959196865559	0.762036383152	-0.958743870258	0.950213968754	0.693655431271	-0.957790791988	-0.276549607515	0.826396763325	0.966451883316	0.812787592411	0.808331429958	0.0486950576305	0.733827531338	0.988550364971	0.830123007298	0.782073974609	0.97086173296	0.442771792412	0.0840132310987	0.965226233006	0.9603728652	-0.877851009369	-0.14380133152	0.833459973335	-0.999992191792
343_TASK07_CON40_10.0_posneg	posneg	10.0																																															
343_TASK07_CON40_10.0_pos	pos	10.0																																															
343_TASK07_CON40_11.0_posneg	posneg	11.0																																															
343_TASK07_CON40_11.0_pos	pos	11.0																																															
343_TASK07_CON40_12.0_posneg	posneg	12.0																																															
343_TASK07_CON40_12.0_pos	pos	12.0																																															
343_TASK07_CON40_13.0_posneg	posneg	13.0																																															
343_TASK07_CON40_13.0_pos	pos	13.0																																															
343_TASK07_CON41_0.0_posneg	posneg	0.0	0.0816126167774	0.115776650608	-0.0578165128827	0.371231108904	0.403255701065	-0.0995235294104	0.40485304594	-0.0698619410396	-0.614786982536	0.142158672214	0.0690416544676	0.0223196037114	0.0580783560872	0.0754061713815	0.0219654310495	0.0275273080915	0.159000098705	0.0924041718245	-0.0365695394576	0.0573491863906	0.0478637591004	0.0282124895602	0.340085327625	0.417505800724	-0.390060931444	0.221605047584	0.167122364044	-0.0660006552935	0.462133765221	0.525354683399	0.439606010914	0.427306413651	0.26298314333	0.228850126266	0.240987330675	0.246875703335	0.49449506402	0.285956919193	0.793113589287	0.400828957558	0.447456270456	0.384908795357	0.37943226099	0.0952064543962	0.0501181334257	-0.0512835532427	-0.0959262549877
343_TASK07_CON41_0.0_pos	pos	0.0	0.117589019239	0.138256803155	-0.00170359853655	0.4126085639	0.433780014515	-0.173505574465	0.286618560553	-0.222926154733	-0.534990012646	0.288885951042	0.121599525213	-0.0480157025158	0.0601959861815	0.0139815630391	0.0601246841252	0.0422661229968	0.315252989531	0.22639156878	-0.18315397203	0.0682078674436	-0.0687787234783	0.0458454079926	0.360752433538	0.425938606262	-0.332707166672	0.349024355412	0.259903222322	-0.109323345125	0.525494098663	0.528213441372	0.500437855721	0.465603321791	0.344107359648	0.276438593864	0.285186737776	0.306893467903	0.514846801758	0.317901194096	0.698960602283	0.455454707146	0.453474968672	0.429560601711	0.411191344261	0.158643245697	-0.0847140103579	-0.024240585044	-0.0940291509032
343_TASK07_CON41_1.0_posneg	posneg	1.0	0.102308802307	0.13826559484	-0.0683451741934	0.439940750599	0.473265141249	-0.120529904962	0.480729877949	-0.0849602371454	-0.714294791222	0.178853929043	0.0813626721501	0.0249577350914	0.0690585970879	0.0930693745613	0.024687519297	0.0306789688766	0.201884135604	0.10995361954	-0.0438867881894	0.0695067793131	0.0622148066759	0.0335259400308	0.407688736916	0.491425514221	-0.4606320858	0.274908572435	0.209115430713	-0.0843128561974	0.533319234848	0.604364037514	0.513081073761	0.49927046895	0.315022319555	0.281616747379	0.290688335896	0.299374789	0.570401310921	0.343977510929	0.857390344143	0.468930542469	0.525363743305	0.454433202744	0.448824584484	0.12126172334	0.0637144744396	-0.0680319666862	-0.117760173976
343_TASK07_CON41_1.0_pos	pos	1.0	0.152742251754	0.1476585567	0.0521476790309	0.424917638302	0.438507139683	-0.181573286653	0.282339602709	-0.224291175604	-0.530000686646	0.318837881088	0.0960380807519	-0.068640075624	0.0539115890861	-0.00570489326492	0.0611683763564	0.0279143117368	0.354456394911	0.205972358584	-0.20167209208	0.0895014628768	-0.081359282136	0.0558348707855	0.378326922655	0.437580704689	-0.310860604048	0.361060529947	0.26523399353	-0.139619708061	0.536380529404	0.52936476469	0.517947018147	0.489184647799	0.359916448593	0.290395021439	0.294462174177	0.312169611454	0.518876969814	0.321962684393	0.683796405792	0.466092526913	0.457263201475	0.438403844833	0.422353714705	0.173644721508	-0.112089373171	-0.0191452950239	-0.0886912569404
343_TASK07_CON41_2.0_posneg	posneg	2.0	0.132160082459	0.157229691744	-0.0537804476917	0.522005617619	0.551214694977	-0.140871524811	0.558632314205	-0.116925343871	-0.81107968092	0.253035962582	0.0959981754422	0.0176925864071	0.080898091197	0.107386693358	0.0335467942059	0.0335829332471	0.28547078371	0.136696472764	-0.0682487934828	0.0824911519885	0.0700696408749	0.0476237908006	0.489093393087	0.572369337082	-0.53181374073	0.358601510525	0.274400323629	-0.116819933057	0.611607909203	0.687338471413	0.591686427593	0.579414367676	0.382059544325	0.35026049614	0.347692072392	0.364489793777	0.647301197052	0.411060720682	0.914865851402	0.546144664288	0.610554873943	0.52863740921	0.526414692402	0.160330235958	0.0828111022711	-0.0992038547993	-0.141749158502
343_TASK07_CON41_2.0_pos	pos	2.0	0.165268421173	0.155403524637	0.0557390153408	0.374463587999	0.390515387058	-0.187005415559	0.283636748791	-0.163630545139	-0.495706439018	0.276398509741	0.0843384563923	-0.0318874605	0.0635718330741	0.0237890966237	0.0504060648382	0.0374000221491	0.305050045252	0.152542501688	-0.166839033365	0.100674428046	-0.0447607710958	0.0237939301878	0.333049893379	0.378629654646	-0.243216872215	0.298832029104	0.204450115561	-0.14605101943	0.476979851723	0.457358181477	0.457979261875	0.438824802637	0.293390512466	0.242502272129	0.238404586911	0.229108482599	0.456581026316	0.255891084671	0.629785597324	0.402177900076	0.391250044107	0.373018175364	0.355078697205	0.164010465145	-0.0995500013232	-0.00673760520294	-0.0909743979573
343_TASK07_CON41_3.0_posneg	posneg	3.0	0.170448184013	0.175547286868	-0.0137585634366	0.586755275726	0.609978973866	-0.149408295751	0.649801433086	-0.148133561015	-0.883948326111	0.356884032488	0.138714686036	0.0354788973927	0.119491606951	0.135642588139	0.0708384215832	0.0700429752469	0.383173525333	0.166536733508	-0.115678697824	0.0970056727529	0.0470166727901	0.074188709259	0.553881347179	0.625095069408	-0.566553294659	0.446923583746	0.34228092432	-0.172377049923	0.667661368847	0.738451778889	0.631090760231	0.635598838329	0.436182528734	0.395844489336	0.371091216803	0.395976424217	0.692349433899	0.452615231276	0.951005220413	0.604485571384	0.665622711182	0.566874325275	0.576236724854	0.252415120602	0.122535690665	-0.178322732449	-0.180456370115
343_TASK07_CON41_3.0_pos	pos	3.0	0.177082836628	0.16380956769	0.0470463261008	0.297275513411	0.322372168303	-0.187664300203	0.262786358595	-0.0896994322538	-0.419241130352	0.198159188032	0.048953063786	-0.00126844272017	0.0391915738583	0.0457600355148	0.0317609496415	0.0299334451556	0.219516709447	0.0500429458916	-0.0901991501451	0.0542505644262	0.0230001248419	-0.000689710781444	0.276061505079	0.30533722043	-0.172435224056	0.211816743016	0.140032827854	-0.0950227826834	0.38771417737	0.345855563879	0.35244295001	0.360777974129	0.21513004601	0.163346469402	0.165331497788	0.147286072373	0.372712016106	0.182476729155	0.531109213829	0.320655822754	0.289200901985	0.275184810162	0.274283081293	0.13963110745	-0.106025226414	-0.0163599587977	-0.0504249036312
343_TASK07_CON41_4.0_posneg	posneg	4.0	0.152024880052	0.134756997228	0.0172064900398	0.590620994568	0.613362073898	-0.10351138562	0.724864721298	-0.173558145761	-0.91943269968	0.465990155935	0.239127844572	0.0903036817908	0.197496563196	0.155488729477	0.175811961293	0.166537567973	0.470509916544	0.230179205537	-0.228809133172	0.092645868659	-0.0831390917301	0.149113580585	0.548040807247	0.607248544693	-0.523272275925	0.493550151587	0.368100434542	-0.271754652262	0.678195893764	0.74452650547	0.594410121441	0.63587230444	0.422883033752	0.351055026054	0.296828150749	0.339979887009	0.685970366001	0.417085826397	0.96878361702	0.61291885376	0.664722919464	0.523306190968	0.562466800213	0.415375798941	0.220229193568	-0.347690194845	-0.217442303896
343_TASK07_CON41_4.0_pos	pos	4.0	0.231920018792	0.228375390172	0.0411978811026	0.253723233938	0.265669375658	-0.166442200541	0.269721597433	-0.0297131165862	-0.360626548529	0.202789366245	0.078922778368	0.106289185584	0.0869948640466	0.123897358775	0.0855104699731	0.0954826921225	0.194256186485	-0.0443431511521	-0.022983327508	-0.00773322256282	0.0389463379979	0.0307120103389	0.257148832083	0.261870115995	-0.0777619257569	0.180816322565	0.151698708534	0.0171392802149	0.311786979437	0.259018629789	0.26565900445	0.290506660938	0.197482526302	0.112608075142	0.154927626252	0.132495567203	0.301269948483	0.163208931684	0.346778601408	0.276279360056	0.213909909129	0.221995249391	0.227373838425	0.142017647624	-0.188078850508	0.00206816196442	-0.0132796876132
343_TASK07_CON41_5.0_posneg	posneg	5.0	0.0263053998351	0.00662081874907	0.00341964350082	0.512971222401	0.534640312195	0.0385717637837	0.794550895691	-0.186701476574	-0.95342862606	0.51136213541	0.455306082964	0.244731038809	0.371424406767	0.26710665226	0.413766562939	0.374804913998	0.488648146391	0.359835296869	-0.420011341572	-0.011937235482	-0.275031268597	0.34757578373	0.454030334949	0.502554416656	-0.379514098167	0.38036096096	0.268700778484	-0.377990275621	0.601471245289	0.690534591675	0.448780208826	0.537814199924	0.261927068233	0.139801666141	0.0808010324836	0.126454234123	0.594277203083	0.242464691401	0.973957896233	0.518262147903	0.575205504894	0.363309532404	0.434811741114	0.606687068939	0.405860871077	-0.578663766384	-0.333558648825
343_TASK07_CON41_5.0_pos	pos	5.0	0.275254756212	0.294250190258	0.0547633431852	0.235227003694	0.226658210158	-0.210122063756	0.340174049139	0.0693063437939	-0.32560184598	0.0693160817027	0.130072787404	0.240726828575	0.140016958117	0.199403390288	0.103216640651	0.15545861423	0.0407261885703	-0.0750636309385	0.133028745651	-0.0289960950613	0.0252136159688	-0.00687780091539	0.179691061378	0.205092296004	-0.237649872899	0.133796975017	0.133363857865	0.144733950496	0.287864357233	0.208114504814	0.241530552506	0.237381920218	0.191800475121	0.0770323425531	0.117077052593	0.145402923226	0.259863138199	0.147662475705	0.23094253242	0.273569822311	0.163439586759	0.200311154127	0.211274191737	0.193767890334	-0.22646266222	-0.0470135435462	-0.0403188839555
343_TASK07_CON41_6.0_posneg	posneg	6.0	-0.230755835772	-0.24633730948	0.0987018868327	0.343684464693	0.362630695105	0.105929993093	0.917446792126	-0.410962849855	-0.98645055294	0.361977428198	0.805036902428	0.57946151495	0.650990784168	0.594029724598	0.619041442871	0.690654456615	0.317959815264	0.600887000561	-0.456726133823	-0.37288287282	-0.502808392048	0.49825078249	0.251654446125	0.351907223463	-0.377553701401	0.087183997035	0.0212198533118	-0.475031554699	0.458469957113	0.572567820549	0.163903683424	0.258648306131	-0.147619202733	-0.377779901028	-0.336855322123	-0.246465846896	0.395803183317	-0.147946432233	0.978327333927	0.301557570696	0.364435940981	0.0459580272436	0.122514754534	0.825315177441	0.639556765556	-0.822906374931	-0.598816752434
343_TASK07_CON41_6.0_pos	pos	6.0	0.0113171664998	0.0424791648984	-0.00606587762013	0.181005418301	0.162335216999	-0.150395780802	0.372725456953	0.177059710026	-0.204442709684	0.0721634924412	0.0386076942086	0.095892496407	0.0819449871778	0.13627615571	0.0844877362251	0.0817460864782	0.0404639095068	-0.00182844372466	0.0745906084776	-0.0456101968884	0.0392005741596	0.0501006320119	0.0957735702395	0.0865065380931	-0.075286231935	0.0836520716548	0.0842803344131	0.241390764713	0.0758322253823	0.10345107317	0.120746053755	0.250240832567	0.156644061208	0.120453335345	0.122678659856	0.178065136075	0.179301738739	0.182529419661	0.017190169543	0.158678799868	0.147602245212	0.161393120885	0.250262767076	-0.0338009782135	-0.141856476665	-0.102018065751	0.232148513198
343_TASK07_CON41_7.0_posneg	posneg	7.0																																															
343_TASK07_CON41_7.0_pos	pos	7.0																																															
343_TASK07_CON41_8.0_posneg	posneg	8.0																																															
343_TASK07_CON41_8.0_pos	pos	8.0																																															
343_TASK07_CON41_9.0_posneg	posneg	9.0																																															
343_TASK07_CON41_9.0_pos	pos	9.0																																															
343_TASK07_CON41_10.0_posneg	posneg	10.0																																															
343_TASK07_CON41_10.0_pos	pos	10.0																																															
343_TASK07_CON41_11.0_posneg	posneg	11.0																																															
343_TASK07_CON41_11.0_pos	pos	11.0																																															
343_TASK07_CON41_12.0_posneg	posneg	12.0																																															
343_TASK07_CON41_12.0_pos	pos	12.0																																															
343_TASK07_CON41_13.0_posneg	posneg	13.0																																															
343_TASK07_CON41_13.0_pos	pos	13.0																																															
343_TASK07_CON45_0.0_posneg	posneg	0.0	0.729043245316	0.686392188072	0.35785099864	0.806979238987	0.8249142766	-0.33696192503	0.440018624067	0.0532514378428	-0.483503699303	0.456665456295	0.061017729342	0.0583935044706	0.0952304750681	0.190611943603	0.0943542718887	0.106967806816	0.434661149979	-0.02504292503	-0.0955508500338	0.00205509946682	0.102738514543	0.0817834511399	0.817999303341	0.844166278839	-0.325572639704	0.619784474373	0.568451941013	0.192855671048	0.88710808754	0.840819001198	0.813260316849	0.875814020634	0.860156178474	0.79804712534	0.797741115093	0.830697774887	0.890437781811	0.874065518379	0.383337199688	0.902577280998	0.863744676113	0.828299701214	0.88222360611	0.00335751241073	-0.368533223867	0.121755041182	0.239339753985
343_TASK07_CON45_0.0_pos	pos	0.0	0.666414320469	0.591676652431	0.375151008368	0.721848368645	0.735471367836	-0.336816877127	0.239685863256	-0.0598258636892	-0.255569934845	0.526099801064	0.0113631924614	-0.00734491972253	-0.000744588556699	0.052944753319	0.0505599081516	0.0284650474787	0.520201563835	0.0234869103879	-0.0980161577463	-0.0495850294828	0.0322750210762	0.0656981393695	0.746144592762	0.762518882751	-0.190899327397	0.609445154667	0.551004290581	0.187235593796	0.831272661686	0.758614897728	0.742054283619	0.805047035217	0.827019810677	0.762898683548	0.746003270149	0.787606537342	0.814142823219	0.818965137005	0.0906106606126	0.853360652924	0.792948663235	0.761776566505	0.817862033844	-0.050180952996	-0.351837992668	0.166212901473	0.210436418653
343_TASK07_CON45_1.0_posneg	posneg	1.0	0.760587155819	0.715292692184	0.383891880512	0.839742600918	0.860196053982	-0.366681218147	0.485397070646	0.0866263657808	-0.517113804817	0.489483803511	0.0633459091187	0.0676022022963	0.106470659375	0.210027903318	0.097099468112	0.113841675222	0.464591890574	-0.0335420034826	-0.0960497930646	0.010366407223	0.124688699841	0.0833380743861	0.848796665668	0.873690187931	-0.355981260538	0.663358330727	0.617100954056	0.221781954169	0.908205747604	0.867407500744	0.841376543045	0.899486780167	0.882165908813	0.824952423573	0.825691401958	0.852848351002	0.914422214031	0.897437632084	0.413900911808	0.922665476799	0.888902366161	0.857992053032	0.905066132545	0.000588670605794	-0.387043178082	0.12852267921	0.256557613611
343_TASK07_CON45_1.0_pos	pos	1.0	0.659721851349	0.566072106361	0.394901901484	0.697080910206	0.711579799652	-0.341395676136	0.178727149963	-0.0398651510477	-0.140350759029	0.521853029728	-0.0201282314956	-0.0254747774452	-0.036322966218	0.0174141470343	0.0162650868297	-0.00954197347164	0.520540893078	0.0230822823942	-0.0647497400641	-0.0569398440421	0.0358916558325	0.0395028926432	0.716401040554	0.728619635105	-0.156081750989	0.605598509312	0.555782258511	0.225118309259	0.813380539417	0.728980004787	0.714651286602	0.781762421131	0.820523381233	0.760381579399	0.727053463459	0.772818684578	0.785661518574	0.801837801933	0.000597859092522	0.839215934277	0.770623266697	0.735471785069	0.796174228191	-0.0726902037859	-0.325709015131	0.174197420478	0.198301210999
343_TASK07_CON45_2.0_posneg	posneg	2.0	0.787636995316	0.737778484821	0.403377950191	0.870255351067	0.892000675201	-0.389678627253	0.524117290974	0.135416120291	-0.529891073704	0.524574577808	0.0630982592702	0.0723592862487	0.12126018852	0.226623296738	0.0931266695261	0.116529688239	0.496504038572	-0.0409380495548	-0.0956514254212	0.0325121991336	0.150813445449	0.0763533189893	0.876223742962	0.89890897274	-0.379436939955	0.712823271751	0.669656455517	0.252707600594	0.927322745323	0.88954526186	0.864109039307	0.918738901615	0.901595592499	0.848362028599	0.848773062229	0.873497664928	0.934147119522	0.9172514081	0.429628372192	0.939705908298	0.909571349621	0.88250631094	0.92421412468	-0.00928842183203	-0.39089384675	0.134059891105	0.264701426029
343_TASK07_CON45_2.0_pos	pos	2.0	0.631186187267	0.522023499012	0.390304148197	0.645485937595	0.662659466267	-0.327741116285	0.108523547649	0.00527734542266	0.00165597000159	0.478692620993	-0.0551761388779	-0.0327594205737	-0.0706349760294	-0.0126408487558	-0.0338137112558	-0.0469967722893	0.479750096798	0.00479613430798	0.00223822123371	-0.0637887120247	0.0497268736362	-0.0104115512222	0.659813404083	0.669665396214	-0.120239444077	0.572245955467	0.534049928188	0.268648982048	0.782002687454	0.679741501808	0.662292718887	0.742478370667	0.799700438976	0.74332433939	0.689597725868	0.739953875542	0.742550671101	0.77129727602	-0.0978207662702	0.812764406204	0.731574773788	0.687252879143	0.75881588459	-0.0963023379445	-0.270142316818	0.16859818995	0.178164675832
343_TASK07_CON45_3.0_posneg	posneg	3.0	0.803389549255	0.743675708771	0.407103329897	0.891358852386	0.912600398064	-0.390064120293	0.532430529594	0.195699855685	-0.495101332664	0.557867288589	0.0618989169598	0.0544317923486	0.134326964617	0.233830615878	0.0800165534019	0.109656617045	0.524884641171	-0.0321611091495	-0.113250412047	0.0722670778632	0.176402777433	0.0592763535678	0.894695162773	0.913022696972	-0.379133999348	0.761783778667	0.721195578575	0.2874609828	0.94140869379	0.902169585228	0.8748036623	0.929413080215	0.915670573711	0.864367544651	0.858933866024	0.885649323463	0.946062326431	0.929563999176	0.405046761036	0.951820850372	0.922937572002	0.895070970058	0.935159742832	-0.0150711899623	-0.367413789034	0.121049754322	0.255692064762
343_TASK07_CON45_3.0_pos	pos	3.0	0.575957417488	0.457331478596	0.354666650295	0.570087552071	0.592818379402	-0.294782102108	0.0200235899538	0.03187193349	0.121168605983	0.414219379425	-0.0929157733917	-0.0404066480696	-0.0965786278248	-0.0425394661725	-0.0811157897115	-0.0815781578422	0.416862756014	-0.0304902717471	0.0744355767965	-0.0530924759805	0.0577991828322	-0.0523146465421	0.579223632812	0.581935107708	-0.0781036689878	0.50909614563	0.484354317188	0.295776516199	0.732818126678	0.609506547451	0.579025745392	0.679731249809	0.753325164318	0.699325561523	0.624575972557	0.678495764732	0.681230247021	0.718808174133	-0.175187692046	0.767369866371	0.670795202255	0.611275434494	0.697903454304	-0.107239127159	-0.189586937428	0.140407606959	0.152299180627
343_TASK07_CON45_4.0_posneg	posneg	4.0	0.79721724987	0.719586610794	0.379463940859	0.891501545906	0.914158403873	-0.349672853947	0.476801782846	0.236679136753	-0.39263355732	0.578936874866	0.0576160699129	0.0134792160243	0.140658855438	0.212334662676	0.070729367435	0.097068361938	0.534906566143	-0.0194327607751	-0.149884462357	0.116081692278	0.171582683921	0.0500703155994	0.89471322298	0.908509194851	-0.335547685623	0.786661744118	0.748720049858	0.313888430595	0.941845059395	0.895824253559	0.857442080975	0.924708366394	0.915895760059	0.858667612076	0.841833531857	0.876685976982	0.944998919964	0.927500188351	0.319117337465	0.953259468079	0.920140564442	0.883674621582	0.931420147419	-0.0070012868382	-0.293004184961	0.0767899379134	0.218698322773
343_TASK07_CON45_4.0_pos	pos	4.0	0.492539346218	0.361837863922	0.322057783604	0.479943037033	0.504094660282	-0.228689044714	-0.0802823379636	0.00785010680556	0.179990038276	0.317817002535	-0.116345800459	-0.0526954010129	-0.116893045604	-0.0700439363718	-0.109023824334	-0.108665436506	0.318796008825	-0.0497760735452	0.125036656857	-0.0435579121113	0.0472481995821	-0.0687264278531	0.461957216263	0.456046134233	-0.0603584051132	0.420726627111	0.405461788177	0.300979524851	0.656290352345	0.529179096222	0.465066760778	0.586954951286	0.669410824776	0.612107872963	0.52009665966	0.579229354858	0.598221421242	0.627608537674	-0.197449088097	0.690762162209	0.58403891325	0.501709163189	0.603303134441	-0.0973912477493	-0.0842666402459	0.0834563598037	0.110730960965
343_TASK07_CON45_5.0_posneg	posneg	5.0	0.727972984314	0.612173199654	0.323122292757	0.84322988987	0.874324142933	-0.264910906553	0.312942951918	0.206211566925	-0.212280020118	0.531318187714	0.0252764876932	-0.0376769527793	0.0974209085107	0.147693350911	0.0424867011607	0.0596172362566	0.472118645906	-0.030978763476	-0.152429237962	0.102159664035	0.139794543386	0.037648525089	0.845415949821	0.856653273106	-0.233398705721	0.744590878487	0.707335531712	0.296885997057	0.909777104855	0.840595841408	0.768459141254	0.880919754505	0.874512791634	0.794070124626	0.750820577145	0.810559332371	0.91217058897	0.88600564003	0.175701469183	0.927299678326	0.878557384014	0.811282336712	0.891826808453	0.00507907522842	-0.140680849552	0.0108730169013	0.138371273875
343_TASK07_CON45_5.0_pos	pos	5.0	0.409797906876	0.252812862396	0.323920071125	0.374635279179	0.393498420715	-0.136754408479	-0.142802909017	-0.00371324527077	0.197707250714	0.236785024405	-0.10340693593	-0.0484816879034	-0.099348038435	-0.0669008642435	-0.0993099659681	-0.101765803993	0.227840676904	-0.0551780723035	0.12155289948	-0.0227043330669	0.032545607537	-0.0532177463174	0.329549252987	0.311054825783	-0.0203948542476	0.322647303343	0.327307075262	0.305600851774	0.535234510899	0.428325563669	0.322242408991	0.463741511106	0.556886672974	0.494057923555	0.378965198994	0.453134804964	0.48435112834	0.506132602692	-0.188726633787	0.575825572014	0.476412236691	0.359685122967	0.479497939348	-0.0557366125286	0.0399590693414	-0.00626598857343	0.056273534894
343_TASK07_CON45_6.0_posneg	posneg	6.0	0.555040955544	0.405786335468	0.264072388411	0.678569853306	0.724395930767	-0.119065240026	0.0995073616505	0.120606921613	-0.0331454984844	0.428645312786	0.00131406984292	0.0180123392493	0.0389481000602	0.0701155886054	0.0497733950615	0.0406237579882	0.357237607241	-0.0783550739288	-0.0441564396024	0.00473591592163	0.032775323838	0.0674081072211	0.665356040001	0.663421869278	-0.0800028517842	0.574602901936	0.554404973984	0.246337637305	0.756801247597	0.636456310749	0.495157390833	0.704736351967	0.70971930027	0.571759641171	0.492540240288	0.588584125042	0.757103443146	0.704880535603	0.027738371864	0.794069886208	0.692837893963	0.558286309242	0.719304800034	0.0237108953297	0.015045019798	-0.0550632923841	0.0458690337837
343_TASK07_CON45_6.0_pos	pos	6.0	0.346462517977	0.195239543915	0.302817106247	0.288523793221	0.311418265104	-0.0647810846567	-0.144944250584	-0.000422947545303	0.168198317289	0.158402904868	-0.0483660511672	-0.00231431424618	-0.0359703525901	-0.0100342249498	-0.034913610667	-0.0457632876933	0.148584976792	-0.0668931007385	0.0693611428142	-0.000666053441819	0.0348703041673	0.00782705284655	0.213994443417	0.182572185993	0.0652189701796	0.227794960141	0.269624769688	0.296741634607	0.371211618185	0.299982339144	0.179229587317	0.304127037525	0.400757491589	0.336994290352	0.226848304272	0.30630210042	0.336631327868	0.352425605059	-0.157162711024	0.408839523792	0.331571400166	0.209415689111	0.324883043766	0.0144138624892	0.143455088139	-0.0993907675147	-0.00113307032734
343_TASK07_CON45_7.0_posneg	posneg	7.0	0.286463797092	0.217999264598	0.0897796824574	0.335037499666	0.391995221376	-0.0894211232662	0.0541892871261	-0.0109509592876	-0.05210211128	0.152913048863	-0.0127424923703	-0.00805440824479	0.0130653930828	0.0910549908876	0.061059448868	0.0218468811363	0.117280900478	-0.0569161549211	-0.0512605533004	-0.0349561981857	0.0955400690436	0.0672584101558	0.29023450613	0.296485990286	0.019414389506	0.177784010768	0.245813205838	0.131193265319	0.343742072582	0.271197557449	0.166020080447	0.307747006416	0.329372942448	0.187550738454	0.145171761513	0.208120703697	0.346634417772	0.274385154247	0.0480114221573	0.381564348936	0.289450258017	0.18671515584	0.309743702412	0.0862969085574	0.0560526251793	-0.0981960818172	-0.0167045034468
343_TASK07_CON45_7.0_pos	pos	7.0	0.127590104938	0.113219186664	0.106092505157	0.152357622981	0.162704661489	-0.0737510845065	-0.00390600622632	-0.14235599339	-0.0475214421749	0.0829549506307	0.0148688936606	-0.0377521328628	-0.0252590831369	0.0242544580251	0.0242369417101	-0.0016026237281	0.0853822380304	0.00310268928297	-0.0592102110386	-0.0902752131224	0.0529397800565	0.0398388616741	0.0559639558196	0.0775448158383	0.0699289739132	0.0352963767946	0.0699705481529	0.0895320102572	0.14621758461	0.117735870183	0.0424396172166	0.0825488865376	0.116826467216	0.0770817101002	0.0318966768682	0.0540560372174	0.103235252202	0.0746794864535	0.0278322063386	0.131018295884	0.114852584898	0.0463962256908	0.0721139013767	0.119628950953	0.110167115927	-0.135170161724	-0.0414668619633
343_TASK07_CON45_8.0_posneg	posneg	8.0	0.0697151124477	0.0379149317741	0.0599400661886	0.0886482447386	0.060619674623	0.071207486093	-0.0576350353658	-0.0508603602648	0.0456571392715	-0.0355939269066	0.0777457803488	-0.0225033443421	0.0316243879497	0.130274116993	0.030170077458	0.058614179492	-0.00449676578864	-0.00551796890795	-0.106903813779	-0.0678662061691	0.16668727994	-0.0353512577713	-0.0736778974533	-0.0302188862115	-0.0547568686306	-0.0839941576123	-0.119785584509	0.0590027980506	-0.0562210381031	0.00701163010672	-0.0398454852402	-0.106862574816	0.0273915491998	-0.0117346830666	-0.0314232893288	-0.0730347782373	-0.0335231870413	-0.0381096787751	-0.0463027432561	-0.0328602232039	0.000369598390535	-0.043888349086	-0.0940259099007	0.0896703973413	0.0419962853193	-0.0876526609063	-0.075377099216
343_TASK07_CON45_8.0_pos	pos	8.0	0.0697151124477	0.0379149317741	0.0599400661886	0.0886482447386	0.060619674623	0.071207486093	-0.0576350353658	-0.0508603602648	0.0456571392715	-0.0355939269066	0.0777457803488	-0.0225033443421	0.0316243879497	0.130274116993	0.030170077458	0.058614179492	-0.00449676578864	-0.00551796890795	-0.106903813779	-0.0678662061691	0.16668727994	-0.0353512577713	-0.0736778974533	-0.0302188862115	-0.0547568686306	-0.0839941576123	-0.119785584509	0.0590027980506	-0.0562210381031	0.00701163010672	-0.0398454852402	-0.106862574816	0.0273915491998	-0.0117346830666	-0.0314232893288	-0.0730347782373	-0.0335231870413	-0.0381096787751	-0.0463027432561	-0.0328602232039	0.000369598390535	-0.043888349086	-0.0940259099007	0.0896703973413	0.0419962853193	-0.0876526609063	-0.075377099216
343_TASK07_CON45_9.0_posneg	posneg	9.0																																															
343_TASK07_CON45_9.0_pos	pos	9.0																																															
343_TASK07_CON45_10.0_posneg	posneg	10.0																																															
343_TASK07_CON45_10.0_pos	pos	10.0																																															
343_TASK07_CON45_11.0_posneg	posneg	11.0																																															
343_TASK07_CON45_11.0_pos	pos	11.0																																															
343_TASK07_CON45_12.0_posneg	posneg	12.0																																															
343_TASK07_CON45_12.0_pos	pos	12.0																																															
343_TASK07_CON45_13.0_posneg	posneg	13.0																																															
343_TASK07_CON45_13.0_pos	pos	13.0																																															
343_TASK07_CON46_0.0_posneg	posneg	0.0	0.654029846191	0.584313690662	0.372236639261	0.755505681038	0.769724190235	-0.278962284327	0.407553613186	0.0590065605938	-0.439166277647	0.368300259113	0.0724631771445	0.0713859274983	0.108661912382	0.220189318061	0.105615057051	0.127866387367	0.337510615587	-0.0326987728477	-0.100084453821	-0.00742283649743	0.114059582353	0.0809526517987	0.744695723057	0.786733567715	-0.383179187775	0.581594765186	0.545720756054	0.205803155899	0.858609735966	0.883340120316	0.806704044342	0.832862615585	0.805669605732	0.823063075542	0.781252503395	0.803526580334	0.877144575119	0.852868497372	0.421293407679	0.860883712769	0.902816534042	0.818614602089	0.847844362259	-0.0874256715178	-0.193943291903	0.132809743285	0.141648352146
343_TASK07_CON46_0.0_pos	pos	0.0	0.59243118763	0.493706703186	0.369609475136	0.678778588772	0.685499429703	-0.273946225643	0.249690115452	-0.0697179585695	-0.297316849232	0.507679641247	0.0298313088715	0.00331260845996	0.0171889960766	0.0788671821356	0.0899120941758	0.0594530962408	0.500952482224	0.0140305068344	-0.133417978883	-0.0666761696339	0.0203295964748	0.114342115819	0.709141552448	0.735735177994	-0.239946603775	0.574154734612	0.514328896999	0.151806592941	0.802637457848	0.822771310806	0.760398507118	0.771743297577	0.766258180141	0.781319975853	0.744095861912	0.759172320366	0.812087237835	0.799099624157	0.176517084241	0.807621240616	0.849631607533	0.77550470829	0.790072977543	-0.12740150094	-0.246337369084	0.200542211533	0.125103980303
343_TASK07_CON46_1.0_posneg	posneg	1.0	0.688214540482	0.614134192467	0.399644613266	0.793768644333	0.809221982956	-0.302223592997	0.446337848902	0.08894636482	-0.47197163105	0.383598715067	0.0724284648895	0.0807008519769	0.11985488236	0.241939976811	0.106014512479	0.134803712368	0.347349464893	-0.0468026325107	-0.0997854918242	0.000288145645754	0.14259108901	0.0775856673717	0.77968198061	0.822108447552	-0.421351253986	0.624671876431	0.595303416252	0.240933522582	0.884914338589	0.908179759979	0.838374972343	0.864454269409	0.832478404045	0.849029302597	0.813261210918	0.831139862537	0.906587421894	0.880517721176	0.458360761404	0.887769162655	0.924605846405	0.851832985878	0.87798166275	-0.103502474725	-0.195869237185	0.145885378122	0.148941606283
343_TASK07_CON46_1.0_pos	pos	1.0	0.573036074638	0.451394855976	0.389107465744	0.652485728264	0.654310286045	-0.263195931911	0.189101085067	-0.0589353702962	-0.202402770519	0.50727802515	-0.00219509541057	-0.0175627917051	-0.0146785238758	0.0450366809964	0.0611123479903	0.0237635839731	0.504433333874	0.00742139946669	-0.115237131715	-0.0733724310994	0.0215494800359	0.0975973755121	0.685612380505	0.708529949188	-0.202612370253	0.566151380539	0.513757407665	0.181375652552	0.782317101955	0.805207133293	0.745666921139	0.751878917217	0.751094043255	0.774013400078	0.73044937849	0.744385242462	0.790496349335	0.779672563076	0.105597630143	0.78842663765	0.834020614624	0.759823918343	0.771150410175	-0.164354249835	-0.223390266299	0.225043848157	0.107968278229
343_TASK07_CON46_2.0_posneg	posneg	2.0	0.717373371124	0.635361433029	0.423786759377	0.830946862698	0.846656441689	-0.325878918171	0.474684804678	0.130674764514	-0.482590764761	0.389478951693	0.0584373995662	0.0807238221169	0.12140096724	0.256437927485	0.0933521538973	0.127700567245	0.347897171974	-0.0688075423241	-0.0943022891879	0.0121985701844	0.18479911983	0.0654132589698	0.811985075474	0.854321479797	-0.458522826433	0.670021355152	0.647715508938	0.284781992435	0.907627224922	0.929256439209	0.868987500668	0.892002999783	0.856666743755	0.869979321957	0.842349946499	0.858675062656	0.931164205074	0.904623448849	0.480320811272	0.910448729992	0.942515671253	0.882850646973	0.904927432537	-0.134071350098	-0.188121795654	0.167418703437	0.15117020905
343_TASK07_CON46_2.0_pos	pos	2.0	0.548961281776	0.401793122292	0.408273041248	0.605916500092	0.606559634209	-0.248488560319	0.130420461297	-0.015663402155	-0.0794460251927	0.480533182621	-0.0369737185538	-0.0369518585503	-0.0489770881832	0.00847706850618	0.0148094426841	-0.0175192002207	0.479686945677	-0.00295438757166	-0.0723295509815	-0.0757765173912	0.0307694170624	0.0577219091356	0.642540931702	0.664157748222	-0.16003215313	0.525804698467	0.482047528028	0.206804797053	0.74660128355	0.772270143032	0.710431277752	0.719473898411	0.721355736256	0.756770312786	0.701737761497	0.713655173779	0.756438195705	0.748413622379	0.0132867358625	0.754379272461	0.807664990425	0.727412760258	0.73981231451	-0.201911762357	-0.168847888708	0.231154173613	0.0852814465761
343_TASK07_CON46_3.0_posneg	posneg	3.0	0.747178792953	0.650676071644	0.452586054802	0.863236069679	0.878042221069	-0.344704627991	0.475483179092	0.170447930694	-0.453346729279	0.394073724747	0.039144244045	0.0681760907173	0.115347772837	0.263432472944	0.0814433321357	0.1149007231	0.345957040787	-0.0898499637842	-0.0972069352865	0.0225122440606	0.227276980877	0.0545145682991	0.844440698624	0.882885217667	-0.475833266973	0.722875118256	0.705473005772	0.329225569963	0.927274346352	0.945250332355	0.894896388054	0.914834797382	0.879787445068	0.888268589973	0.866007089615	0.882936418056	0.949742913246	0.924071490765	0.470500677824	0.929464280605	0.956305205822	0.907994508743	0.926793396473	-0.161739841104	-0.161179155111	0.177789315581	0.150485813618
343_TASK07_CON46_3.0_pos	pos	3.0	0.518509328365	0.356955140829	0.40642118454	0.539050519466	0.543096065521	-0.216273009777	0.067358635366	0.0473924316466	0.0508997142315	0.433693230152	-0.0616019666195	-0.0326747521758	-0.0628123432398	-0.0143420519307	-0.0259119067341	-0.043874707073	0.429304718971	-0.0325071401894	-0.00347353564575	-0.0602089166641	0.0415060631931	0.00645469222218	0.580486953259	0.599467217922	-0.108645536005	0.459425419569	0.428369492292	0.214413225651	0.69020909071	0.716511487961	0.643176972866	0.667199075222	0.670658051968	0.718496024609	0.640804767609	0.652175009251	0.705748260021	0.694723844528	-0.0770213901997	0.700643181801	0.762607872486	0.664844334126	0.685949444771	-0.218163594604	-0.0772397741675	0.195851355791	0.0548970922828
343_TASK07_CON46_4.0_posneg	posneg	4.0	0.764303505421	0.647503495216	0.46545740962	0.879286050797	0.893466770649	-0.344625592232	0.444746673107	0.207738488913	-0.367141783237	0.395122945309	0.00899763964117	0.0285348724574	0.097552202642	0.240801334381	0.0529920756817	0.084254167974	0.34434312582	-0.10561119765	-0.109689459205	0.0481019727886	0.250701636076	0.0301612578332	0.869768440723	0.900478482246	-0.447036802769	0.76700502634	0.750991225243	0.353082060814	0.938517332077	0.954179167747	0.91010671854	0.928651034832	0.894600450993	0.897028684616	0.879863858223	0.895701289177	0.960432231426	0.936317265034	0.422415733337	0.941115915775	0.964028418064	0.923735976219	0.939726293087	-0.177458375692	-0.112259730697	0.170353084803	0.141420230269
343_TASK07_CON46_4.0_pos	pos	4.0	0.456746309996	0.288792699575	0.386434227228	0.455596715212	0.458911478519	-0.130388513207	-0.00865364074707	0.0704692304134	0.121570371091	0.362798333168	-0.0612191073596	-0.016654830426	-0.0431884676218	-0.0228403806686	-0.0370304808021	-0.0433859787881	0.345724195242	-0.0560023039579	0.0387705825269	-0.010951445438	0.0266739428043	-0.0203193128109	0.486791461706	0.497704684734	-0.0815968513489	0.356180906296	0.333680719137	0.187800273299	0.606614410877	0.642179131508	0.544800817966	0.59096634388	0.5874376297	0.650509297848	0.542091369629	0.550266265869	0.636858165264	0.613204181194	-0.117303393781	0.619705796242	0.695942223072	0.569722950459	0.601456284523	-0.218877226114	0.0418836697936	0.132059395313	-0.00168099743314
343_TASK07_CON46_5.0_posneg	posneg	5.0	0.760827243328	0.623317122459	0.449987232685	0.877995967865	0.892578423023	-0.318379640579	0.365198582411	0.223451092839	-0.230598598719	0.39886122942	-0.0120519557968	0.0053560230881	0.0942159295082	0.203151762486	0.0174661464989	0.0604536570609	0.337558090687	-0.106014303863	-0.115459524095	0.106125861406	0.229367136955	-0.0193575061858	0.87577188015	0.898091614246	-0.368499338627	0.794703066349	0.775148451328	0.335369676352	0.93876516819	0.953335642815	0.906646847725	0.928427934647	0.896725177765	0.891205906868	0.872238993645	0.887239575386	0.961356341839	0.937204480171	0.32780995965	0.943325281143	0.963497519493	0.922572374344	0.939306676388	-0.179635718465	-0.0336830243468	0.139576822519	0.107776835561
343_TASK07_CON46_5.0_pos	pos	5.0	0.391818910837	0.196454271674	0.39205917716	0.343429774046	0.341859787703	-0.0387239940464	-0.119564570487	0.0567408464849	0.186985060573	0.225894764066	-0.0772325918078	-0.0177347641438	-0.0372273288667	-0.0543186292052	-0.040659815073	-0.0575744956732	0.211944743991	-0.0817230567336	0.0737605839968	0.0496682710946	-0.0203439798206	-0.00139862822834	0.329387128353	0.32425570488	-0.0900293067098	0.267004162073	0.245413646102	0.177849903703	0.505298495293	0.5524944067	0.405887454748	0.47862175107	0.495124697685	0.550538301468	0.41525053978	0.428259819746	0.54063385725	0.512186288834	-0.141491189599	0.523634195328	0.602054715157	0.435988485813	0.486619263887	-0.188544288278	0.162466272712	0.0514316558838	-0.0855693146586
343_TASK07_CON46_6.0_posneg	posneg	6.0	0.679510831833	0.503336846828	0.414169281721	0.826873779297	0.849333584309	-0.233613535762	0.195589706302	0.163449898362	-0.0828267410398	0.339191973209	-0.0476183854043	-0.0343469716609	0.0702409744263	0.132392078638	-0.0475414656103	0.00400000996888	0.285147815943	-0.08310303092	-0.0929512605071	0.173663109541	0.194017231464	-0.0780538618565	0.823493003845	0.843557655811	-0.254036694765	0.763413012028	0.734528839588	0.289434432983	0.910465598106	0.928716003895	0.846697628498	0.887498319149	0.855142295361	0.825330972672	0.795087277889	0.820359528065	0.939860403538	0.902581691742	0.20058606565	0.920077681541	0.939321219921	0.870208144188	0.902531802654	-0.131806820631	0.074584633112	0.0771238729358	-0.00492267822847
343_TASK07_CON46_6.0_pos	pos	6.0	0.326234549284	0.106109105051	0.393757194281	0.222353428602	0.221075460315	0.00364473112859	-0.196967571974	0.0176790785044	0.231701612473	0.152538493276	-0.124225594103	-0.0512326620519	-0.0659664571285	-0.0893986597657	-0.062861315906	-0.0972062051296	0.161921620369	-0.110822618008	0.0801078975201	0.0783342719078	-0.0306463092566	0.038331463933	0.186460644007	0.153408974409	-0.0582511611283	0.256479173899	0.257015287876	0.222057431936	0.398810595274	0.464473515749	0.277399420738	0.332555711269	0.406274050474	0.423704743385	0.286101669073	0.327648043633	0.421297609806	0.397474557161	-0.156719446182	0.420140385628	0.482581108809	0.292957991362	0.351609677076	-0.126811981201	0.245026960969	-0.0110981874168	-0.156822741032
343_TASK07_CON46_7.0_posneg	posneg	7.0	0.487613230944	0.284156650305	0.323305904865	0.601122796535	0.635145962238	-0.102673485875	0.0860946178436	0.136531278491	0.0180653370917	0.158203855157	-0.0357017293572	-0.0610890127718	0.0385480001569	0.0548569895327	-0.0473349057138	-0.0253240466118	0.135942041874	-0.0439921654761	-0.0750874429941	0.149439498782	0.115947954357	-0.031567838043	0.589124083519	0.586563467979	-0.0694009363651	0.608851969242	0.60640591383	0.215865001082	0.739714980125	0.799606621265	0.645918548107	0.697600603104	0.695042669773	0.58862298727	0.584183812141	0.623799324036	0.811323046684	0.752258896828	0.0527673065662	0.777825415134	0.793607473373	0.683157265186	0.730862855911	-0.0896840244532	0.0710223019123	0.0478653125465	-0.0530736111104
343_TASK07_CON46_7.0_pos	pos	7.0	0.212907552719	0.0390322729945	0.296936035156	0.0687302201986	0.0739945098758	0.0062173162587	-0.166858568788	-0.0731346383691	0.154896974564	0.0398144833744	-0.105795823038	-0.0682178214192	-0.100574918091	-0.0950068682432	-0.0611959472299	-0.103536427021	0.0786614120007	-0.0686358362436	0.0706882253289	0.0058250175789	-0.0233629569411	0.0662841126323	-0.00561976898462	0.00436552241445	0.0258817225695	0.196503192186	0.237644791603	0.19565564394	0.18672542274	0.279297828674	0.113830417395	0.0873941555619	0.190466240048	0.204392060637	0.0978111773729	0.136883795261	0.207400485873	0.169382125139	-0.105555765331	0.190699309111	0.244742617011	0.101426102221	0.114958688617	-0.0257748290896	0.242816075683	-0.0523944683373	-0.187458962202
343_TASK07_CON46_8.0_posneg	posneg	8.0	0.226216375828	0.0719785094261	0.319741368294	-0.0333663485944	0.101031109691	-0.112979196012	-0.0336315594614	0.0611333101988	0.135222256184	-0.240019246936	0.117449343204	0.121398091316	0.0848193243146	0.137701883912	0.138440102339	0.1273560673	-0.220820501447	0.0336640886962	0.0333866886795	-0.141330584884	0.127851903439	-0.0187592897564	-0.114863008261	-0.119305342436	0.0122402328998	0.117680825293	0.153650909662	0.155253216624	0.193553745747	0.301676183939	-0.0577333979309	-0.125521957874	0.196132928133	0.298183858395	-0.0644370913506	-0.0949908196926	0.240209743381	0.143132463098	-0.247420728207	0.247591435909	0.332723736763	-0.0622517988086	-0.0862717553973	0.108341194689	0.340869963169	-0.138201788068	-0.280785292387
343_TASK07_CON46_8.0_pos	pos	8.0	0.226216375828	0.0719785094261	0.319741368294	-0.0333663485944	0.101031109691	-0.112979196012	-0.0336315594614	0.0611333101988	0.135222256184	-0.240019246936	0.117449343204	0.121398091316	0.0848193243146	0.137701883912	0.138440102339	0.1273560673	-0.220820501447	0.0336640886962	0.0333866886795	-0.141330584884	0.127851903439	-0.0187592897564	-0.114863008261	-0.119305342436	0.0122402328998	0.117680825293	0.153650909662	0.155253216624	0.193553745747	0.301676183939	-0.0577333979309	-0.125521957874	0.196132928133	0.298183858395	-0.0644370913506	-0.0949908196926	0.240209743381	0.143132463098	-0.247420728207	0.247591435909	0.332723736763	-0.0622517988086	-0.0862717553973	0.108341194689	0.340869963169	-0.138201788068	-0.280785292387
343_TASK07_CON46_9.0_posneg	posneg	9.0																																															
343_TASK07_CON46_9.0_pos	pos	9.0																																															
343_TASK07_CON46_10.0_posneg	posneg	10.0																																															
343_TASK07_CON46_10.0_pos	pos	10.0																																															
343_TASK07_CON46_11.0_posneg	posneg	11.0																																															
343_TASK07_CON46_11.0_pos	pos	11.0																																															
343_TASK07_CON46_12.0_posneg	posneg	12.0																																															
343_TASK07_CON46_12.0_pos	pos	12.0																																															
343_TASK07_CON46_13.0_posneg	posneg	13.0																																															
343_TASK07_CON46_13.0_pos	pos	13.0																																															
343_TASK07_CON47_0.0_posneg	posneg	0.0	0.667197704315	0.617489159107	0.35107588768	0.767761528492	0.788398981094	-0.330310344696	0.355855733156	-0.01600680314	-0.464163780212	0.363633930683	-0.0362270288169	-0.0014990529744	0.000930232345127	0.109556220472	0.0110803246498	0.00830571074039	0.373119264841	-0.0607061646879	-0.0425693690777	-0.0129250781611	0.124273404479	0.0506071038544	0.797546327114	0.828272998333	-0.352394491434	0.573994398117	0.527234613895	0.165317386389	0.831418514252	0.820844531059	0.897806584835	0.833365797997	0.783408343792	0.74848151207	0.891445755959	0.859317183495	0.876868784428	0.874945521355	0.349568933249	0.828611433506	0.827086865902	0.920906543732	0.871437609196	-0.268161654472	-0.45545783639	0.419163942337	0.239381372929
343_TASK07_CON47_0.0_pos	pos	0.0	0.630820572376	0.525712013245	0.412495434284	0.665463685989	0.675283908844	-0.312398761511	0.128885984421	-0.0628555193543	-0.142918437719	0.506692230701	-0.0626016780734	-0.0838626027107	-0.0890282988548	-0.0412244200706	-0.0002108036133	-0.0515711866319	0.537153184414	0.0239351112396	-0.0875609442592	-0.0812898129225	8.67762209964e-05	0.0924757197499	0.735730051994	0.746613740921	-0.190958335996	0.604965507984	0.580578505993	0.238978043199	0.752009093761	0.700617909431	0.847490608692	0.751277148724	0.746848404408	0.718007147312	0.843616306782	0.813843488693	0.786542415619	0.814681589603	0.0165604185313	0.75640141964	0.725545465946	0.86933785677	0.796831905842	-0.279118061066	-0.418549180031	0.397115975618	0.193407967687
343_TASK07_CON47_1.0_posneg	posneg	1.0	0.707543432713	0.656266450882	0.380359232426	0.806701898575	0.828451156616	-0.368754714727	0.394726425409	-0.00737611204386	-0.508542180061	0.396363765001	-0.0434066057205	0.00302683282644	0.00345437088981	0.124931715429	0.00791369564831	0.0092352507636	0.403534442186	-0.079119592905	-0.0394447855651	-0.0116557097062	0.149739801884	0.0503345020115	0.836017310619	0.86538541317	-0.390086323023	0.625734746456	0.579358637333	0.181750178337	0.863527357578	0.849974989891	0.922219634056	0.868900537491	0.820457160473	0.784664452076	0.915151596069	0.886229336262	0.90750014782	0.904014527798	0.384892135859	0.863641798496	0.85727763176	0.942244529724	0.901407837868	-0.296400487423	-0.483311206102	0.451591879129	0.264355391264
343_TASK07_CON47_1.0_pos	pos	1.0	0.614864468575	0.492957413197	0.417151421309	0.617459893227	0.625478625298	-0.297346532345	0.0664434507489	-0.0279087070376	-0.0145579688251	0.487532109022	-0.0934544056654	-0.099211320281	-0.119645096362	-0.0722649544477	-0.0380130968988	-0.0824568271637	0.519570291042	0.00985721778125	-0.0483955480158	-0.0956752970815	0.000941971840803	0.0636492595077	0.703833162785	0.712101280689	-0.158398583531	0.582705676556	0.571612179279	0.264571428299	0.717626571655	0.65006172657	0.83608430624	0.729236841202	0.730422377586	0.710017561913	0.836135745049	0.801293730736	0.756546020508	0.800061643124	-0.0801669806242	0.728079795837	0.684877276421	0.857605218887	0.776029229164	-0.336346238852	-0.39247867465	0.42725020647	0.192173317075
343_TASK07_CON47_2.0_posneg	posneg	2.0	0.752687513828	0.691744446754	0.424674540758	0.844679772854	0.86725962162	-0.413953691721	0.42798152566	0.0109551195055	-0.537899971008	0.444405078888	-0.0522231012583	0.00880665425211	0.00464463559911	0.140178978443	0.00106231484096	0.00817161332816	0.449385851622	-0.0977086797357	-0.0332362167537	-0.0103398896754	0.177316561341	0.0456970632076	0.874412059784	0.899151623249	-0.426238030195	0.694562613964	0.65409976244	0.22020187974	0.894374549389	0.875732839108	0.94463956356	0.900684058666	0.857150614262	0.82123786211	0.93608212471	0.911858975887	0.933733165264	0.92990219593	0.414229869843	0.896458983421	0.884531915188	0.960273206234	0.927512168884	-0.325248360634	-0.507874011993	0.483518064022	0.283199340105
343_TASK07_CON47_2.0_pos	pos	2.0	0.576431930065	0.44521343708	0.383307009935	0.535194933414	0.541396439075	-0.251987427473	-0.00762702291831	0.0249321237206	0.132145240903	0.423344403505	-0.130691334605	-0.0913994312286	-0.142995476723	-0.0915470942855	-0.0911702886224	-0.112776204944	0.45720949769	-0.0321543067694	0.045305442065	-0.0947219282389	0.0233148448169	0.00462548155338	0.644545972347	0.651123642921	-0.128212481737	0.515831172466	0.526986181736	0.284506052732	0.653630971909	0.565336704254	0.810699760914	0.687681674957	0.689237117767	0.67934191227	0.815266370773	0.769514262676	0.708936095238	0.770923793316	-0.185402691364	0.673691570759	0.613515257835	0.835326850414	0.738249838352	-0.399071365595	-0.349876701832	0.453089028597	0.183830663562
343_TASK07_CON47_3.0_posneg	posneg	3.0	0.795917332172	0.719778418541	0.472935527563	0.875267446041	0.896551251411	-0.448056280613	0.448362320662	0.0513229817152	-0.533221662045	0.498970508575	-0.0653470009565	0.0123281134292	0.00224847882055	0.146942853928	-0.0148649401963	0.0021564939525	0.500539183617	-0.118291087449	-0.0205248780549	-0.00538148265332	0.203002005816	0.0312287211418	0.906826257706	0.924251258373	-0.452727556229	0.762186825275	0.734588086605	0.276728719473	0.916492581367	0.892630755901	0.960926234722	0.925049901009	0.886920928955	0.851749420166	0.95146727562	0.931921899319	0.951791584492	0.948713064194	0.417731672525	0.920353591442	0.903428375721	0.972370684147	0.946583807468	-0.359195888042	-0.519421637058	0.510692477226	0.296590864658
343_TASK07_CON47_3.0_pos	pos	3.0	0.539451122284	0.40392935276	0.34223523736	0.447551757097	0.452755123377	-0.198748648167	-0.0910623520613	0.067141264677	0.253474146128	0.350958704948	-0.160576954484	-0.0859002918005	-0.157283216715	-0.114116936922	-0.138336390257	-0.141158655286	0.385353952646	-0.0685152038932	0.134994462132	-0.0680973231792	0.0299447700381	-0.0533469840884	0.57599234581	0.577814638615	-0.109318584204	0.441481977701	0.471079617739	0.27745693922	0.568113803864	0.445171058178	0.771625757217	0.636295616627	0.625787734985	0.622446894646	0.782592713833	0.725639998913	0.645185351372	0.729066550732	-0.269351154566	0.598004043102	0.507544159889	0.80229818821	0.689993798733	-0.440755516291	-0.320269733667	0.460612207651	0.18934006989
343_TASK07_CON47_4.0_posneg	posneg	4.0	0.829745352268	0.737673461437	0.509941160679	0.891524374485	0.910036385059	-0.455193519592	0.44018009305	0.105572648346	-0.485103011131	0.54347127676	-0.0902110561728	0.0121000502259	-0.0143676577136	0.134572967887	-0.0393073745072	-0.0131568061188	0.542445480824	-0.153413444757	0.00804763939232	-0.00604029558599	0.217289075255	0.0122025609016	0.927320599556	0.938278317451	-0.462908267975	0.813541293144	0.802027583122	0.333139717579	0.927278935909	0.896156728268	0.971085369587	0.939365446568	0.905896008015	0.86955332756	0.961701273918	0.943816721439	0.961657702923	0.960604965687	0.379907697439	0.933642268181	0.909782469273	0.979550898075	0.957710444927	-0.397189378738	-0.51279938221	0.531294226646	0.301598906517
343_TASK07_CON47_4.0_pos	pos	4.0	0.486040532589	0.353279143572	0.287154078484	0.369741618633	0.369489461184	-0.12975409627	-0.173218950629	0.0791532620788	0.318637937307	0.286009520292	-0.158919274807	-0.07189322263	-0.148113250732	-0.127871677279	-0.143931418657	-0.144024670124	0.311769664288	-0.0840874388814	0.181295141578	-0.0348251499236	0.00572182703763	-0.0708409696817	0.495773077011	0.493369609118	-0.117699787021	0.358335793018	0.401857227087	0.236673638225	0.465851008892	0.31027290225	0.719788193703	0.579325795174	0.541623473167	0.5302978158	0.734843790531	0.668400287628	0.566930830479	0.670705318451	-0.311506181955	0.503625571728	0.377389222383	0.754369318485	0.633461594582	-0.464807391167	-0.30143865943	0.450593113899	0.21222409606
343_TASK07_CON47_5.0_posneg	posneg	5.0	0.845399200916	0.734990239143	0.518655598164	0.893788576126	0.909359633923	-0.408820897341	0.395071804523	0.17609411478	-0.372280299664	0.578531980515	-0.101374976337	0.014452422969	-0.029935605824	0.100132398307	-0.0446640811861	-0.0201659668237	0.572788238525	-0.171211495996	0.0349082760513	-0.0171963572502	0.18911075592	0.00841104052961	0.936231672764	0.942973256111	-0.426448345184	0.850491225719	0.85655349493	0.367264330387	0.923689782619	0.87786179781	0.97385263443	0.943798422813	0.911681413651	0.868203639984	0.964134991169	0.946702480316	0.964075148106	0.965958118439	0.273931026459	0.935791790485	0.899395525455	0.980957210064	0.96112793684	-0.425132066011	-0.477613061666	0.528064012527	0.293210446835
343_TASK07_CON47_5.0_pos	pos	5.0	0.405245929956	0.277479618788	0.236503973603	0.279524356127	0.271623194218	-0.0498157963157	-0.210593700409	0.116408132017	0.343600124121	0.200251787901	-0.130918890238	-0.0356909371912	-0.119924992323	-0.128694623709	-0.0941208302975	-0.118405662477	0.212327122688	-0.0974617153406	0.193823605776	-0.02996590361	-0.0526585690677	-0.0182888060808	0.383721530437	0.390583366156	-0.157046362758	0.276292026043	0.33896920085	0.20345762372	0.347926020622	0.183928504586	0.649487674236	0.5035110116	0.447471290827	0.420687347651	0.662981212139	0.590940475464	0.47585645318	0.596927940845	-0.321266889572	0.400263905525	0.249483168125	0.677985966206	0.557512581348	-0.471150755882	-0.257538408041	0.435066282749	0.172529548407
343_TASK07_CON47_6.0_posneg	posneg	6.0	0.835809469223	0.69189375639	0.467370003462	0.876921534538	0.894086122513	-0.321677565575	0.322037309408	0.230107963085	-0.262614458799	0.60982632637	-0.10519810766	0.0182203128934	-0.0635571405292	0.0312370732427	-0.0269729048014	-0.0322769097984	0.603191554546	-0.149627715349	0.072591111064	-0.0692195296288	0.10093228519	0.0434400588274	0.933830082417	0.940097093582	-0.354030609131	0.853933513165	0.878356635571	0.321110546589	0.896322250366	0.811603367329	0.967378377914	0.936584115028	0.897230386734	0.82385289669	0.959510505199	0.940228104591	0.95657902956	0.963433146477	0.134149551392	0.920584261417	0.848336100578	0.975528895855	0.955937445164	-0.452515274286	-0.440151304007	0.509963750839	0.294860512018
343_TASK07_CON47_6.0_pos	pos	6.0	0.263979703188	0.158295586705	0.149991959333	0.158313065767	0.144992887974	0.0246291514486	-0.186744362116	0.0698000639677	0.269242227077	0.107952937484	-0.0959264859557	-0.026523405686	-0.089845456183	-0.124224983156	-0.0259067695588	-0.0945385470986	0.136463925242	-0.0816233530641	0.130319416523	-0.00951179582626	-0.1149879843	0.0859224647284	0.234315380454	0.257636457682	-0.187134981155	0.235421225429	0.29616484046	0.0904849544168	0.212692275643	0.0788365676999	0.522850692272	0.365427106619	0.282776802778	0.252258986235	0.532153844833	0.424538314342	0.339028924704	0.442641437054	-0.217616349459	0.246694371104	0.122566327453	0.538485884666	0.397871643305	-0.414266377687	-0.158894732594	0.375810861588	0.0399523004889
343_TASK07_CON47_7.0_posneg	posneg	7.0	0.761365890503	0.541555523872	0.340137422085	0.804019331932	0.828133821487	-0.170537412167	0.234032005072	0.163989543915	-0.24244081974	0.55710786581	-0.094143755734	-0.00693040713668	-0.0605117194355	0.00187822734006	-0.0194191671908	-0.0428306609392	0.56434315443	-0.105647921562	0.0567316189408	-0.0518474914134	0.0553337819874	0.0498742498457	0.900953531265	0.906697690487	-0.246993839741	0.786075294018	0.863700091839	0.214597672224	0.799601733685	0.64145731926	0.942691624165	0.889400720596	0.824247062206	0.68106931448	0.938230335712	0.908306479454	0.922423362732	0.939988613129	0.0669186264277	0.854021549225	0.702499210835	0.955143988132	0.92080694437	-0.434022307396	-0.328647732735	0.454840898514	0.18206949532
343_TASK07_CON47_7.0_pos	pos	7.0	0.0269893240184	-0.0426850393414	0.0618510916829	-0.00203479733318	-0.00474773719907	0.118896894157	-0.0215095151216	0.100832864642	0.0988756343722	0.0306258257478	-0.0097921025008	0.0285566300154	0.0280568804592	-0.0300576742738	0.0693485364318	0.00899290293455	0.0396158508956	-0.114361897111	-0.0223261620849	0.079437918961	-0.0902739018202	0.110247507691	0.120493106544	0.11938238889	-0.149011164904	0.131145507097	0.202427849174	-0.0487999171019	0.125196322799	0.0309577770531	0.323496609926	0.196877390146	0.130079463124	0.114974223077	0.353049576283	0.205112725496	0.189881682396	0.243225410581	-0.00304061174393	0.129419669509	0.0531255379319	0.337511837482	0.198829293251	-0.30485367775	-0.0101736336946	0.271019369364	-0.122798509896
343_TASK07_CON47_8.0_posneg	posneg	8.0	0.763746917248	0.458979606628	0.255476355553	0.77961987257	0.783779799938	0.0359864644706	0.312734901905	0.241986885667	-0.347841590643	0.60473805666	0.0202660877258	0.0464576818049	-0.0440457649529	-0.0133784590289	0.0991016477346	0.0256349537522	0.633457303047	-0.0175469443202	-0.00390639575198	-0.0857919901609	-0.105631120503	0.171855762601	0.893544614315	0.902937829494	-0.205790236592	0.777570843697	0.892566204071	0.116420067847	0.761688172817	0.522650182247	0.947393476963	0.890611290932	0.793884754181	0.561531662941	0.960072577	0.918322265148	0.919172048569	0.947279334068	0.0762004777789	0.830511152744	0.577348291874	0.963480472565	0.918896853924	-0.575371325016	-0.346207737923	0.620212137699	0.15150731802
343_TASK07_CON47_8.0_pos	pos	8.0	0.0351538397372	-0.129316583276	0.165117204189	-0.0272694006562	-0.0371514409781	0.268142879009	0.0875899642706	0.0928658917546	-0.0629561394453	0.0246710777283	0.046210873872	0.0662862807512	0.177541002631	0.0288633927703	0.223298922181	0.131984189153	0.0190243236721	-0.206851705909	-0.196996375918	0.217505827546	-0.196992024779	0.271435886621	0.0560209229589	0.0746424272656	-0.148757949471	0.13904723525	0.224891588092	-0.163858920336	0.111004710197	0.119190841913	0.277522653341	0.201331108809	0.152387201786	0.159389868379	0.310447335243	0.168427497149	0.221030414104	0.255858153105	0.208094194531	0.145572528243	0.134613335133	0.300077438354	0.212144210935	-0.3380433321	0.198711931705	0.225527077913	-0.238115355372
343_TASK07_CON47_9.0_posneg	posneg	9.0	0.0387800745666	0.131791964173	0.116968236864	0.642263174057	0.529983580112	0.477572292089	0.356645494699	0.368925631046	-0.18037468195	-0.00434241071343	0.392591565847	0.686101734638	0.456817984581	0.443884521723	0.308230936527	0.46551990509	-0.0332348942757	-0.148367702961	0.392260462046	0.277627527714	-0.355700850487	-0.195955991745	0.0640329867601	0.434736460447	-0.466166108847	0.426351487637	0.105414129794	-0.540112435818	0.147792980075	0.241582870483	-0.329458415508	0.1831985116	0.268201708794	0.208894684911	-0.795884072781	0.168506920338	0.0274221915752	-0.283393114805	0.213866725564	0.131364658475	0.206438824534	-0.660103917122	0.170364424586	0.191264942288	0.424489527941	-0.431277513504	-0.26032140851
343_TASK07_CON47_9.0_pos	pos	9.0	0.0387800745666	0.131791964173	0.116968236864	0.642263174057	0.529983580112	0.477572292089	0.356645494699	0.368925631046	-0.18037468195	-0.00434241071343	0.392591565847	0.686101734638	0.456817984581	0.443884521723	0.308230936527	0.46551990509	-0.0332348942757	-0.148367702961	0.392260462046	0.277627527714	-0.355700850487	-0.195955991745	0.0640329867601	0.434736460447	-0.466166108847	0.426351487637	0.105414129794	-0.540112435818	0.147792980075	0.241582870483	-0.329458415508	0.1831985116	0.268201708794	0.208894684911	-0.795884072781	0.168506920338	0.0274221915752	-0.283393114805	0.213866725564	0.131364658475	0.206438824534	-0.660103917122	0.170364424586	0.191264942288	0.424489527941	-0.431277513504	-0.26032140851
343_TASK07_CON47_10.0_posneg	posneg	10.0																																															
343_TASK07_CON47_10.0_pos	pos	10.0																																															
343_TASK07_CON47_11.0_posneg	posneg	11.0																																															
343_TASK07_CON47_11.0_pos	pos	11.0																																															
343_TASK07_CON47_12.0_posneg	posneg	12.0																																															
343_TASK07_CON47_12.0_pos	pos	12.0																																															
343_TASK07_CON47_13.0_posneg	posneg	13.0																																															
343_TASK07_CON47_13.0_pos	pos	13.0																																															
343_TASK07_CON48_0.0_posneg	posneg	0.0	0.729377031326	0.69698125124	0.338914245367	0.801174163818	0.813332915306	-0.317336797714	0.435998857021	0.0693988651037	-0.462430387735	0.435309231281	0.0332011245191	0.048849478364	0.0723907873034	0.178765892982	0.0873887762427	0.0943944528699	0.415979921818	-0.0651017576456	-0.0841177776456	-0.0216757133603	0.107337407768	0.0904105678201	0.828790843487	0.849226415157	-0.309927523136	0.567102789879	0.506724596024	0.131170064211	0.858719944954	0.829460084438	0.831719994545	0.885255157948	0.839121162891	0.792324125767	0.843234479427	0.867068767548	0.885389626026	0.888097047806	0.338493257761	0.874640345573	0.851671695709	0.85879868269	0.904174089432	-0.126056537032	-0.426004618406	0.218007460237	0.341634780169
343_TASK07_CON48_0.0_pos	pos	0.0	0.68708640337	0.605549573898	0.389510273933	0.724889695644	0.730831503868	-0.323380500078	0.188713118434	-0.0466756522655	-0.190707743168	0.555146157742	-0.0159167069942	-0.0356400571764	-0.0314310081303	0.020390694961	0.0237620230764	-0.00072233407991	0.558895170689	0.0226807482541	-0.0953619927168	-0.0573488399386	0.0239459332079	0.0619656890631	0.775538146496	0.782466292381	-0.167359501123	0.588487923145	0.541496694088	0.186013251543	0.797344267368	0.735532879829	0.769485533237	0.825852394104	0.805806517601	0.77169907093	0.797518908978	0.835145413876	0.81034463644	0.839246988297	0.0235254317522	0.818125247955	0.77737057209	0.798792243004	0.851995527744	-0.180649802089	-0.403406560421	0.262150585651	0.289072781801
343_TASK07_CON48_1.0_posneg	posneg	1.0	0.766758799553	0.731718420982	0.365723699331	0.837994515896	0.852774858475	-0.347511291504	0.488861531019	0.10364112258	-0.504895806313	0.470899432898	0.0343260541558	0.0600407011807	0.0830787792802	0.199164479971	0.0974358320236	0.10605084151	0.446725785732	-0.0860964655876	-0.0865814760327	-0.0237476397306	0.127822518349	0.100713282824	0.862190663815	0.882924795151	-0.347432464361	0.612817466259	0.550928175449	0.144784376025	0.888729095459	0.860650420189	0.86530315876	0.913138389587	0.870075643063	0.825250983238	0.872685551643	0.892079293728	0.915256500244	0.914651632309	0.373548686504	0.903829097748	0.881155371666	0.890682458878	0.928556203842	-0.140496253967	-0.451315671206	0.236408010125	0.371015906334
343_TASK07_CON48_1.0_pos	pos	1.0	0.681575417519	0.58002781868	0.404802262783	0.701032936573	0.704987287521	-0.313822746277	0.120238408446	-0.0063942167908	-0.0507750175893	0.547395408154	-0.0484992079437	-0.0401817448437	-0.0664649233222	-0.00623682420701	-0.00762589881197	-0.0321765616536	0.55183249712	0.00654948083684	-0.0474066697061	-0.0816773921251	0.0328133963048	0.0322663635015	0.751726031303	0.75687789917	-0.134911715984	0.582315266132	0.543044090271	0.218983635306	0.778333067894	0.699477612972	0.752961397171	0.811301112175	0.798648238182	0.773274898529	0.788325548172	0.82828772068	0.787166774273	0.828574895859	-0.073226518929	0.802521705627	0.751679301262	0.781977713108	0.839015126228	-0.223313361406	-0.380909532309	0.291754961014	0.278361201286
343_TASK07_CON48_2.0_posneg	posneg	2.0	0.805520832539	0.763556778431	0.398352563381	0.875029027462	0.891174554825	-0.381267309189	0.538563907146	0.155376821756	-0.530359089375	0.521355748177	0.0316101200879	0.0688595175743	0.0934318825603	0.217549562454	0.109164185822	0.115609593689	0.492375463247	-0.109421975911	-0.090124592185	-0.023127976805	0.14820574224	0.114431090653	0.895133912563	0.913266599178	-0.379969507456	0.676145255566	0.613150238991	0.171109214425	0.916260778904	0.888345003128	0.896075248718	0.936680793762	0.899230837822	0.856811881065	0.898965716362	0.915791332722	0.940035045147	0.937157928944	0.397214740515	0.929428100586	0.906982719898	0.918640017509	0.949142694473	-0.158784538507	-0.470054358244	0.256878942251	0.393604248762
343_TASK07_CON48_2.0_pos	pos	2.0	0.655240774155	0.538117408752	0.388406276703	0.650584578514	0.653483986855	-0.28228738904	0.0328848697245	0.0390691719949	0.101936742663	0.506106734276	-0.0859999358654	-0.0385989621282	-0.095422975719	-0.0288119129837	-0.0535467416048	-0.0638518035412	0.510975420475	-0.0283473599702	0.0298755373806	-0.0923348218203	0.0544095635414	-0.0197488330305	0.707784771919	0.713050603867	-0.108963474631	0.549082040787	0.52127301693	0.251205027103	0.743085980415	0.642258226871	0.719214379787	0.785391151905	0.775841414928	0.759865343571	0.766176044941	0.807890594006	0.752254068851	0.807178020477	-0.176677286625	0.772141337395	0.707282543182	0.75074326992	0.816720247269	-0.268191933632	-0.337685376406	0.314918607473	0.258338093758
343_TASK07_CON48_3.0_posneg	posneg	3.0	0.839340507984	0.785396695137	0.429837733507	0.904405713081	0.919200241566	-0.403632760048	0.562843620777	0.219635367393	-0.51762342453	0.578499317169	0.025004658848	0.0595704093575	0.0975691080093	0.221893534064	0.113362506032	0.11513364315	0.545451581478	-0.122172005475	-0.103737652302	-0.015325573273	0.164870768785	0.123764269054	0.923210978508	0.935633659363	-0.39373755455	0.748570621014	0.689085185528	0.208239778876	0.937194228172	0.90894061327	0.920475780964	0.953128516674	0.92148733139	0.883886575699	0.918861865997	0.933984100819	0.957401096821	0.953319847584	0.394132137299	0.947394490242	0.926732957363	0.939227879047	0.962913036346	-0.178640708327	-0.474871069193	0.27240717411	0.405485004187
343_TASK07_CON48_3.0_pos	pos	3.0	0.597984910011	0.464617908001	0.349903315306	0.564504563808	0.569739043713	-0.230588510633	-0.0724322572351	0.054922375828	0.220567062497	0.434042930603	-0.125376909971	-0.0455978251994	-0.127272754908	-0.0600051283836	-0.106763489544	-0.102563552558	0.440825492144	-0.0600172765553	0.11908955127	-0.0938090085983	0.0656151622534	-0.0731604620814	0.64203119278	0.643607854843	-0.091263987124	0.496937572956	0.475159704685	0.264361292124	0.691915214062	0.571400105953	0.667749464512	0.742286384106	0.728143751621	0.72439032793	0.724008023739	0.76407200098	0.707305252552	0.768048167229	-0.24910210073	0.720819890499	0.645543813705	0.703837513924	0.776478469372	-0.296417921782	-0.265409976244	0.310703486204	0.220590949059
343_TASK07_CON48_4.0_posneg	posneg	4.0	0.860666692257	0.789821565151	0.440136522055	0.918642044067	0.93160867691	-0.392107874155	0.537057876587	0.284723967314	-0.439514428377	0.620670735836	0.0110142985359	0.0352229252458	0.0917068868876	0.202552065253	0.108738750219	0.106080882251	0.580934882164	-0.135144799948	-0.119170352817	-0.00822080578655	0.165375202894	0.126772239804	0.938723146915	0.946246087551	-0.383139580488	0.803826987743	0.752958893776	0.247402369976	0.949020147324	0.917324125767	0.932443201542	0.960818827152	0.933681845665	0.89850962162	0.928394079208	0.942571520805	0.966634690762	0.961712956429	0.336532056332	0.957233130932	0.936397314072	0.949391543865	0.969158411026	-0.193842038512	-0.443913221359	0.265732228756	0.397065281868
343_TASK07_CON48_4.0_pos	pos	4.0	0.508237481117	0.360285133123	0.305773764849	0.456325381994	0.458681315184	-0.163889631629	-0.192179083824	0.0171204544604	0.282417535782	0.349237263203	-0.152462586761	-0.0556265302002	-0.146872982383	-0.0858457162976	-0.1311763376	-0.127213016152	0.355379372835	-0.0899205356836	0.172002896667	-0.0880182161927	0.0499406047165	-0.0865214020014	0.548075735569	0.539537608624	-0.097004532814	0.42134809494	0.400430887938	0.245201438665	0.623062670231	0.495451778173	0.604671299458	0.67358481884	0.649893939495	0.660191774368	0.660226643085	0.696221768856	0.648802161217	0.705031752586	-0.282303243876	0.6453332901	0.569425821304	0.641187608242	0.710634768009	-0.321575373411	-0.175146460533	0.295522391796	0.16904194653
343_TASK07_CON48_5.0_posneg	posneg	5.0	0.849042534828	0.747856855392	0.421034812927	0.910687446594	0.923653304577	-0.328855276108	0.419534742832	0.289195030928	-0.273265212774	0.598590493202	-0.0041554751806	0.0303088966757	0.0843633189797	0.166869923472	0.0812956094742	0.0870990976691	0.544629395008	-0.131901308894	-0.0946993157268	0.0141376685351	0.14691734314	0.0918506383896	0.937106966972	0.940161943436	-0.323655724525	0.822923839092	0.783142209053	0.279526472092	0.944439828396	0.904647469521	0.921478450298	0.956246078014	0.927802026272	0.890061914921	0.916916191578	0.934368431568	0.964648485184	0.959022402763	0.216702982783	0.954143941402	0.930798411369	0.941971480846	0.965238153934	-0.195631727576	-0.331490069628	0.222189873457	0.327330470085
343_TASK07_CON48_5.0_pos	pos	5.0	0.40822532773	0.246095463634	0.284457892179	0.351474136114	0.348677486181	-0.0945461466908	-0.221097499132	0.0187313910574	0.277581423521	0.290473282337	-0.139943495393	-0.0485707633197	-0.124989390373	-0.0864862799644	-0.0912005826831	-0.109967470169	0.288787901402	-0.107447050512	0.152770444751	-0.079985357821	0.00871531013399	-0.0257466956973	0.439185023308	0.422696113586	-0.108215436339	0.363267838955	0.355146497488	0.234502151608	0.526668965816	0.419526576996	0.517774224281	0.575257837772	0.55616569519	0.566870629787	0.565183639526	0.595765650272	0.56316447258	0.611287653446	-0.266797721386	0.547872960567	0.483896672726	0.55013269186	0.610560894012	-0.302106499672	-0.0797808542848	0.249224379659	0.0924356356263
343_TASK07_CON48_6.0_posneg	posneg	6.0	0.763057887554	0.599910080433	0.331356495619	0.851476848125	0.871999740601	-0.248832806945	0.247428372502	0.236945226789	-0.0997432991862	0.49007615447	-0.0486328043044	0.0217488966882	0.0388985313475	0.100474640727	0.0146014727652	0.0288769919425	0.417893737555	-0.119572721422	-0.0204329825938	0.0280182529241	0.122580915689	0.019191486761	0.905330479145	0.903227865696	-0.20576864481	0.783707201481	0.752220928669	0.244176954031	0.902429699898	0.841625809669	0.872442483902	0.922250568867	0.881226122379	0.820215284824	0.86264526844	0.892878472805	0.939483106136	0.930265963078	0.11416721344	0.920137107372	0.883433640003	0.902476668358	0.937461912632	-0.182080671191	-0.178509786725	0.164327666163	0.215042591095
343_TASK07_CON48_6.0_pos	pos	6.0	0.268486976624	0.121656604111	0.23502138257	0.244502365589	0.240968257189	-0.0159560572356	-0.161930605769	-0.0153780728579	0.175352320075	0.233689546585	-0.0951677858829	-0.0310867391527	-0.0718074813485	-0.0731327906251	-0.0218703765422	-0.0703794658184	0.217470869422	-0.0918896049261	0.0784157589078	-0.0358556322753	-0.0383953563869	0.0678541660309	0.296678304672	0.290974766016	-0.115252934396	0.287026792765	0.273104310036	0.158306494355	0.397697985172	0.329582899809	0.37877202034	0.441850095987	0.396713674068	0.391657143831	0.386796742678	0.422636955976	0.436659634113	0.438459247351	-0.126463532448	0.401752769947	0.362134635448	0.398527860641	0.454086601734	-0.203008830547	0.0296356491745	0.127400174737	0.0189756825566
343_TASK07_CON48_7.0_posneg	posneg	7.0	0.447858721018	0.261511027813	0.178788080812	0.609583854675	0.653384149075	-0.115962542593	0.0759353488684	0.078182078898	-0.0573935806751	0.213103428483	-0.0635721608996	-0.0148466648534	0.055628400296	0.0432625971735	-0.0151876071468	-0.000845801027026	0.143820941448	-0.10307046026	-0.0164178591222	0.0943605005741	0.0711777061224	0.00355885503814	0.754167914391	0.748906195164	-0.119586400688	0.480604439974	0.518036425114	0.145339116454	0.664521753788	0.616293668747	0.643935620785	0.710720837116	0.674651563168	0.542932868004	0.632840335369	0.707024812698	0.770320594311	0.777586221695	0.0572917982936	0.736671566963	0.672855198383	0.704763054848	0.762332499027	-0.0981401801109	-0.0300452522933	0.0835462734103	0.0324449054897
343_TASK07_CON48_7.0_pos	pos	7.0	0.142097845674	0.0278080180287	0.153305158019	0.107874006033	0.128149241209	0.0529936738312	-0.0510778054595	-0.0126589322463	0.0469899624586	0.10772716254	-0.0794773846865	-0.00165043817833	-0.0431257523596	-0.0712942704558	-0.00687154429033	-0.0561273917556	0.104596070945	-0.0865328758955	0.0624679177999	0.0277444142848	-0.0540313534439	0.0751368552446	0.176082536578	0.186633095145	-0.126872882247	0.162142947316	0.157099738717	0.046731274575	0.216095745564	0.196356028318	0.235248461366	0.296990096569	0.208970487118	0.199301332235	0.213218301535	0.256927967072	0.260148614645	0.253042578697	0.0126931257546	0.219807550311	0.207984998822	0.244816243649	0.293112039566	-0.131645917892	0.0374796502292	0.0692306011915	0.0156179284677
343_TASK07_CON48_8.0_posneg	posneg	8.0	-0.0144089171663	-0.14247867465	0.0817792564631	-0.11820037663	-0.0853372588754	-0.0815721228719	-0.0111821331084	-0.0381996370852	0.0174883529544	0.111852779984	-0.12705154717	-0.0417914278805	-0.0319530330598	-0.0534867979586	-0.0327700413764	-0.0697490274906	0.159169957042	-0.101218082011	0.0262927226722	0.0768289119005	-0.0252940803766	0.0794631168246	0.00799624435604	0.0935189798474	-0.0974386706948	0.070366024971	0.12519659102	0.0358386412263	0.106400109828	0.208984881639	0.135171741247	0.0611939281225	0.0777354463935	0.108186975121	0.0761589556932	0.141149267554	0.124729327857	0.10013654083	0.11954562366	0.104769192636	0.159570023417	0.117828585207	0.105466604233	-0.0936961472034	0.141428783536	0.0480832494795	-0.128589332104
343_TASK07_CON48_8.0_pos	pos	8.0	-0.0144089171663	-0.14247867465	0.0817792564631	-0.11820037663	-0.0853372588754	-0.0815721228719	-0.0111821331084	-0.0381996370852	0.0174883529544	0.111852779984	-0.12705154717	-0.0417914278805	-0.0319530330598	-0.0534867979586	-0.0327700413764	-0.0697490274906	0.159169957042	-0.101218082011	0.0262927226722	0.0768289119005	-0.0252940803766	0.0794631168246	0.00799624435604	0.0935189798474	-0.0974386706948	0.070366024971	0.12519659102	0.0358386412263	0.106400109828	0.208984881639	0.135171741247	0.0611939281225	0.0777354463935	0.108186975121	0.0761589556932	0.141149267554	0.124729327857	0.10013654083	0.11954562366	0.104769192636	0.159570023417	0.117828585207	0.105466604233	-0.0936961472034	0.141428783536	0.0480832494795	-0.128589332104
343_TASK07_CON48_9.0_posneg	posneg	9.0																																															
343_TASK07_CON48_9.0_pos	pos	9.0																																															
343_TASK07_CON48_10.0_posneg	posneg	10.0																																															
343_TASK07_CON48_10.0_pos	pos	10.0																																															
343_TASK07_CON48_11.0_posneg	posneg	11.0																																															
343_TASK07_CON48_11.0_pos	pos	11.0																																															
343_TASK07_CON48_12.0_posneg	posneg	12.0																																															
343_TASK07_CON48_12.0_pos	pos	12.0																																															
343_TASK07_CON48_13.0_posneg	posneg	13.0																																															
343_TASK07_CON48_13.0_pos	pos	13.0																																															
343_TASK07_CON49_0.0_posneg	posneg	0.0	-0.0324390232563	0.0256858430803	-0.128517538309	-0.0319600738585	-0.0211973432451	-0.0236292425543	0.104244761169	0.00576307252049	-0.110179401934	0.0944138914347	0.152133241296	0.0824419930577	0.145572692156	0.11528865993	0.10369361192	0.130334511399	0.0601433068514	0.0809171497822	-0.0740868747234	0.0541716367006	-0.0172709897161	0.0103923026472	-0.0556065104902	-0.066745787859	0.151885002851	0.0199783146381	0.00785089377314	0.0222232677042	-0.0278131272644	-0.114914126694	-0.246499657631	-0.0741198584437	-0.00857056584209	-0.131941378117	-0.279239237309	-0.203334525228	-0.096359975636	-0.143049240112	0.0935349315405	-0.00336638581939	-0.106700897217	-0.249705821276	-0.123183079064	0.702888727188	0.128125533462	-0.616666615009	-0.0748459845781
343_TASK07_CON49_0.0_pos	pos	0.0	0.22793751955	0.216944798827	0.106923431158	0.163247093558	0.176444754004	-0.196918472648	-0.0540056675673	-0.0906541272998	0.00172999594361	0.214328229427	0.0245999526232	0.023950304836	0.0238419193774	0.0273113064468	0.0254781302065	0.018751712516	0.208782359958	0.0552473813295	-0.0212581343949	0.023820001632	0.00795185938478	-0.00639801705256	0.164196506143	0.134933263063	0.0827328637242	0.216334611177	0.204041600227	0.142076730728	0.191737905145	0.0643617659807	-1.44363502841e-05	0.128560483456	0.242598921061	0.129754543304	0.0307399649173	0.104189649224	0.100387297571	0.121652856469	-0.0781937390566	0.212801471353	0.0872580111027	0.0133727407083	0.112142629921	0.529969215393	-0.125446349382	-0.386311978102	0.0590863414109
343_TASK07_CON49_1.0_posneg	posneg	1.0	-0.0812865048647	-0.00243731099181	-0.188365250826	-0.0732256546617	-0.0595226921141	-0.0124717634171	0.138875469565	0.0129684284329	-0.148891478777	0.09231954813	0.220116525888	0.129339471459	0.211934298277	0.173515111208	0.156125128269	0.193129271269	0.0395221523941	0.110367067158	-0.10776335001	0.077235467732	-0.0217317230999	0.0119952391833	-0.11432761699	-0.126429185271	0.2193018049	-0.00499887717888	-0.0197701733559	0.020972058177	-0.0741841942072	-0.176979750395	-0.351063668728	-0.135012835264	-0.0512923598289	-0.201449483633	-0.381849497557	-0.287057042122	-0.16108328104	-0.215826302767	0.131885021925	-0.0427366420627	-0.166573032737	-0.351834356785	-0.193351924419	0.808309853077	0.198479518294	-0.738188803196	-0.111236147583
343_TASK07_CON49_1.0_pos	pos	1.0	0.27601185441	0.258443951607	0.15075352788	0.206982642412	0.223376527429	-0.248670205474	-0.119725577533	-0.0995944440365	0.0844719186425	0.204154297709	0.0441618487239	0.0910498946905	0.0420718826354	0.0774971693754	0.0160496123135	0.048985645175	0.182623267174	0.0505087561905	0.0238346438855	0.00975890178233	0.0424063578248	-0.0723988562822	0.177868306637	0.141225278378	0.1118151173	0.262390345335	0.254942059517	0.225873619318	0.228064283729	0.091328240931	0.015395982191	0.143596485257	0.295032918453	0.184915989637	0.0891485512257	0.169069156051	0.12596462667	0.183278664947	-0.191542223096	0.253851652145	0.126331791282	0.0532671026886	0.150558188558	0.568937003613	-0.14919783175	-0.414554864168	0.0898837149143
343_TASK07_CON49_2.0_posneg	posneg	2.0	-0.184570327401	-0.0709373131394	-0.272851407528	-0.162498816848	-0.142155215144	-0.0191300157458	0.119325742126	-0.0316267982125	-0.167582839727	0.0291482433677	0.315486520529	0.220215588808	0.311435699463	0.289504319429	0.235238909721	0.29200091958	-0.0567240193486	0.147916123271	-0.156512573361	0.114835217595	0.00745764560997	-0.0242822114378	-0.254646658897	-0.270841449499	0.369531869888	-0.0626963451505	-0.0831021741033	0.0323279388249	-0.182416930795	-0.302928894758	-0.530629813671	-0.277330040932	-0.145453378558	-0.329307168722	-0.536306202412	-0.424100548029	-0.303885161877	-0.345346391201	0.142786070704	-0.141404822469	-0.286941617727	-0.517342031002	-0.333678305149	0.907087504864	0.316565930843	-0.866872429848	-0.16069380939
343_TASK07_CON49_2.0_pos	pos	2.0	0.325604259968	0.314829975367	0.17442420125	0.273395359516	0.286922961473	-0.284627646208	-0.18353818357	-0.0567721240222	0.223665088415	0.147695213556	0.116344071925	0.240021035075	0.107849024236	0.209267511964	-0.0117354793474	0.132977500558	0.0827325507998	0.063284419477	0.135523095727	-0.00974413007498	0.148557320237	-0.24862395227	0.173250600696	0.124290779233	0.160497605801	0.337781280279	0.342471778393	0.368442118168	0.290740460157	0.146942481399	0.0344075225294	0.178849905729	0.37370455265	0.262356996536	0.164667770267	0.253688901663	0.178138822317	0.272657126188	-0.356265872717	0.323829978704	0.195717915893	0.105659767985	0.212673008442	0.629978775978	-0.174777626991	-0.483800202608	0.129036426544
343_TASK07_CON49_3.0_posneg	posneg	3.0	-0.246571227908	-0.0640208944678	-0.323623895645	-0.212413340807	-0.177384719253	-0.126935631037	-0.0248552877456	-0.143580421805	-0.0705229192972	-0.0900527536869	0.402013868093	0.354210853577	0.387360244989	0.432614386082	0.27340695262	0.38842767477	-0.24398419261	0.208338469267	-0.122643098235	0.132478132844	0.160518378019	-0.209634631872	-0.442649453878	-0.468087017536	0.55188190937	-0.0400445051491	-0.0636381134391	0.154404506087	-0.263019502163	-0.423010826111	-0.704126894474	-0.433897554874	-0.176343515515	-0.430830925703	-0.668162465096	-0.532826781273	-0.45604133606	-0.447017520666	-0.0259830281138	-0.200999125838	-0.395100533962	-0.671127855778	-0.469031304121	0.959317028522	0.3789678514	-0.940438270569	-0.14528721571
343_TASK07_CON49_3.0_pos	pos	3.0	0.321214735508	0.347825318575	0.106544479728	0.318375438452	0.320682734251	-0.251025050879	-0.228588119149	0.0460100844502	0.370004534721	-0.039323899895	0.201268300414	0.348634272814	0.227387145162	0.373894125223	-0.0550941489637	0.233069866896	-0.175512745976	0.0672851353884	0.208665966988	0.0793487727642	0.295485794544	-0.45204180479	0.12132564187	0.0557979308069	0.213419497013	0.37818017602	0.383757263422	0.40890532732	0.348627358675	0.204603403807	0.0321627408266	0.223293364048	0.414964914322	0.314386725426	0.20674790442	0.306808561087	0.225890800357	0.326858609915	-0.480623841286	0.373652160168	0.255894303322	0.128830417991	0.26327380538	0.638000130653	-0.190358221531	-0.539524555206	0.175515547395
343_TASK07_CON49_4.0_posneg	posneg	4.0	-0.232321277261	0.0660369768739	-0.360612303019	-0.152345016599	-0.100964911282	-0.255425989628	-0.206730231643	-0.175254657865	0.221629455686	-0.299445599318	0.471704393625	0.475533217192	0.452493369579	0.549481809139	0.237083807588	0.464116722345	-0.507708013058	0.279649585485	0.0157834086567	0.172854781151	0.432132601738	-0.514524817467	-0.618531107903	-0.642517328262	0.685836613178	0.145575672388	0.139217227697	0.347943902016	-0.244831457734	-0.477495282888	-0.815615653992	-0.523782908916	-0.0651567801833	-0.477043747902	-0.756994843483	-0.589486718178	-0.559632658958	-0.500995516777	-0.365445226431	-0.139167457819	-0.44169947505	-0.775457978249	-0.545882105827	0.978398323059	0.323079228401	-0.969450771809	-0.0323248691857
343_TASK07_CON49_4.0_pos	pos	4.0	0.221426174045	0.312319844961	-0.0792495831847	0.26731261611	0.263974756002	-0.175450086594	-0.232950806618	-0.00445220246911	0.325534462929	-0.306856006384	0.143148183823	0.258990257978	0.185590237379	0.295481860638	-0.12965708971	0.179010346532	-0.380526512861	0.0471822582185	0.194065913558	0.145562976599	0.267930388451	-0.416619807482	0.0509815439582	0.0247064456344	0.0718738883734	0.273923933506	0.262551277876	0.196915760636	0.297426968813	0.157543942332	-0.0194502416998	0.221813619137	0.339667886496	0.215186193585	0.134920418262	0.255901038647	0.188209742308	0.251068979502	-0.457967072725	0.311740905046	0.189194068313	0.0657405778766	0.237411484122	0.517889976501	-0.24396571517	-0.471354544163	0.252465635538
343_TASK07_CON49_5.0_posneg	posneg	5.0	-0.183489784598	0.209054484963	-0.495743095875	-0.0658819377422	-0.00748741719872	-0.394565433264	-0.302827715874	-0.186138167977	0.440217107534	-0.512736022472	0.508476316929	0.527294099331	0.480328768492	0.594613850117	0.16095584631	0.494657099247	-0.678209483624	0.371426016092	0.176549598575	0.189894393086	0.633479833603	-0.731628358364	-0.708010911942	-0.717381358147	0.723533332348	0.181896477938	0.208664268255	0.399745494127	-0.203477695584	-0.507694125175	-0.868162274361	-0.537403941154	0.0229667704552	-0.525357484818	-0.808848023415	-0.61370664835	-0.618204772472	-0.554130554199	-0.572142422199	-0.0770342797041	-0.478061228991	-0.830169796944	-0.568823993206	0.986688375473	0.159094467759	-0.980851948261	0.164576888084
343_TASK07_CON49_5.0_pos	pos	5.0	0.271558970213	0.30981233716	0.000690854503773	0.303388237953	0.301427453756	-0.134749114513	-0.21458800137	0.0167743302882	0.35558834672	-0.406560599804	-0.113683663309	-0.0157837625593	-0.0642495304346	-0.0446848906577	-0.301341146231	-0.0925974473357	-0.366243183613	-0.103295430541	0.245307773352	0.0901794284582	0.150401592255	-0.230559781194	0.122411966324	0.139276668429	-0.195582509041	0.184983327985	0.218148455024	0.0685244500637	0.302901029587	0.312157005072	0.145520821214	0.329771608114	0.377064198256	0.332707703114	0.250531852245	0.322211503983	0.305608808994	0.324468463659	-0.446958899498	0.342971175909	0.333458125591	0.209206163883	0.330241590738	0.34898558259	-0.218665406108	-0.258505761623	0.283736675978
343_TASK07_CON49_6.0_posneg	posneg	6.0	-0.0963784307241	0.331578522921	-0.607005298138	0.00192876718938	0.0626267194748	-0.475032806396	-0.402962386608	-0.160950258374	0.700734078884	-0.792280912399	0.509435176849	0.512744009495	0.425553917885	0.581228554249	-0.0573721192777	0.45313590765	-0.84549754858	0.472202330828	0.353088140488	0.0961800515652	0.746931493282	-0.844045937061	-0.801124870777	-0.807048797607	0.780791699886	0.0474189668894	0.0991218984127	0.483844876289	-0.238519623876	-0.538027584553	-0.90967553854	-0.543062508106	0.0946588739753	-0.573047459126	-0.860241472721	-0.633467316628	-0.677550435066	-0.590160191059	-0.742269873619	-0.0604592524469	-0.506963312626	-0.88196605444	-0.585193276405	0.990735888481	-0.0899920538068	-0.986876487732	0.364782810211
343_TASK07_CON49_6.0_pos	pos	6.0	0.397196114063	0.309354960918	0.128565013409	0.282828271389	0.305967897177	-0.279838651419	-0.146346181631	0.00679382588714	0.203011006117	-0.157365247607	-0.0315604731441	-0.0642622932792	0.0870736986399	-0.0195194110274	-0.126886814833	-0.0047743851319	-0.121871955693	-0.0964356064796	-0.0334931276739	0.31939303875	0.0366670414805	-0.0667632222176	0.064520560205	0.0867101624608	-0.211149483919	0.388220399618	0.402334064245	0.125175148249	0.197962537408	0.266328662634	0.0328455790877	0.254041999578	0.378663390875	0.376958549023	0.18975584209	0.25789925456	0.223849773407	0.322472602129	-0.363856613636	0.303229153156	0.337201297283	0.131044760346	0.267577290535	0.271758764982	-0.0640177354217	-0.275661677122	0.197853326797
343_TASK07_CON49_7.0_posneg	posneg	7.0	0.0950188934803	0.436580210924	-0.707512497902	0.067627646029	0.154826924205	-0.685153305531	-0.533496141434	-0.260672092438	0.698355972767	-0.896651923656	0.466823965311	0.400708377361	0.350665569305	0.461208969355	-0.294024914503	0.350498348475	-0.921797573566	0.544091045856	0.447321772575	0.0329462438822	0.748692691326	-0.893936991692	-0.846754133701	-0.867393493652	0.838743388653	0.0265782196075	0.148444592953	0.688654661179	-0.470260381699	-0.649127185345	-0.948218941689	-0.540149867535	0.129813671112	-0.59515106678	-0.882731795311	-0.611039400101	-0.751804530621	-0.547478675842	-0.826507687569	-0.141039535403	-0.58381742239	-0.919222772121	-0.555308103561	0.993299782276	-0.358196616173	-0.990810215473	0.58848541975
343_TASK07_CON49_7.0_pos	pos	7.0	0.309582561255	0.0746852681041	-0.0841579064727	0.200033694506	0.155437082052	-0.168165519834	-0.171000748873	-0.288620054722	-0.109130904078	-0.0359224528074	-0.39168381691	-0.329363614321	-0.220391407609	-0.388133227825	-0.383827149868	-0.324136942625	0.0665764510632	-0.199746713042	0.165092736483	0.234416782856	-0.251074969769	0.161095917225	0.0585903152823	0.152312621474	-0.277288973331	0.677775800228	0.699497401714	0.188655093312	-0.152117207646	0.260036319494	0.111040093005	0.24804212153	0.111376814544	0.175705954432	0.19361846149	0.4247623384	0.179376974702	0.281767904758	-0.0133942486718	0.0673907771707	0.304527044296	0.17596578598	0.376422405243	0.0476044788957	-0.130572453141	-0.00916366092861	0.318199276924
343_TASK07_CON49_8.0_posneg	posneg	8.0																																															
343_TASK07_CON49_8.0_pos	pos	8.0																																															
343_TASK07_CON49_9.0_posneg	posneg	9.0																																															
343_TASK07_CON49_9.0_pos	pos	9.0																																															
343_TASK07_CON49_10.0_posneg	posneg	10.0																																															
343_TASK07_CON49_10.0_pos	pos	10.0																																															
343_TASK07_CON49_11.0_posneg	posneg	11.0																																															
343_TASK07_CON49_11.0_pos	pos	11.0																																															
343_TASK07_CON49_12.0_posneg	posneg	12.0																																															
343_TASK07_CON49_12.0_pos	pos	12.0																																															
343_TASK07_CON49_13.0_posneg	posneg	13.0																																															
343_TASK07_CON49_13.0_pos	pos	13.0																																															
343_TASK07_CON50_0.0_posneg	posneg	0.0	-0.416329920292	-0.483347505331	-0.055382348597	-0.373373985291	-0.381573468447	0.258023768663	-0.147020190954	0.0104205450043	0.18995757401	-0.265974193811	0.13596598804	0.0751059427857	0.122419208288	0.10108614713	0.0893677920103	0.126398146152	-0.307802915573	0.0649346783757	-0.0544942580163	0.022560454905	-0.0375222377479	0.00304475985467	-0.453064978123	-0.420497745275	-0.0087232189253	-0.237040996552	-0.178840115666	0.0532663799822	-0.303778320551	-0.155155807734	-0.380993574858	-0.382561445236	-0.35570076108	-0.191875338554	-0.448216497898	-0.42533287406	-0.313987702131	-0.371459841728	0.0858436077833	-0.32447463274	-0.165533825755	-0.41029971838	-0.400019735098	0.180520951748	0.74751240015	-0.417555570602	-0.482803851366
343_TASK07_CON50_0.0_pos	pos	0.0	-0.0919038951397	-0.223908439279	0.176051586866	-0.160260826349	-0.159238904715	0.0118783069775	-0.208248302341	0.0321726389229	0.3202945292	-0.142703443766	-0.0588645897806	-0.0549207776785	-0.0675004646182	-0.0460002422333	-0.0732264220715	-0.0840849578381	-0.136821627617	0.0382064431906	0.0223166476935	0.0126306898892	0.0494925938547	-0.0498456023633	-0.19990965724	-0.177616268396	-0.000110416563984	-0.0843503326178	0.0294552668929	0.24533239007	-0.125589102507	-0.0809222981334	-0.183164134622	-0.190657064319	-0.105334788561	-0.0132211307064	-0.213372156024	-0.177479743958	-0.149879798293	-0.150360405445	-0.113062784076	-0.123753130436	-0.0624345690012	-0.206877738237	-0.197753384709	0.092534981668	0.4618665874	-0.242080315948	-0.2955121696
343_TASK07_CON50_1.0_posneg	posneg	1.0	-0.520205140114	-0.600770711899	-0.0675813928246	-0.489389270544	-0.504309058189	0.350580513477	-0.20719127357	0.022386085242	0.272147774696	-0.372260689735	0.188115671277	0.111470811069	0.173099964857	0.146538093686	0.129939749837	0.176832303405	-0.41888204217	0.0935611873865	-0.080203525722	0.0323526486754	-0.0485122166574	0.00437229918316	-0.584438562393	-0.552575349808	-0.00756316632032	-0.317838340998	-0.236725598574	0.0805311948061	-0.409655988216	-0.212663784623	-0.503082633018	-0.500730991364	-0.464346766472	-0.252306431532	-0.570659160614	-0.543309211731	-0.426348030567	-0.488208085299	0.124286703765	-0.434269666672	-0.225476264954	-0.537586390972	-0.521846294403	0.232131376863	0.837353825569	-0.503671526909	-0.577967882156
343_TASK07_CON50_1.0_pos	pos	1.0	-0.038589078933	-0.177917912602	0.187605217099	-0.161425590515	-0.157938525081	-0.0101580405608	-0.189658880234	0.0493791773915	0.334200412035	-0.1215813905	-0.0965160131454	-0.0633100792766	-0.0852032229304	-0.0441697835922	-0.0891681984067	-0.107285939157	-0.109845280647	0.00489311711863	0.0325543507934	0.0134411752224	0.085168659687	-0.0474433787167	-0.179655715823	-0.176641568542	0.0397614873946	-0.093011893332	0.0289716608822	0.252638310194	-0.134304210544	-0.0921740680933	-0.201810762286	-0.196943208575	-0.107926309109	-0.0112984133884	-0.236609175801	-0.208735525608	-0.160342127085	-0.170907750726	-0.115489810705	-0.132176622748	-0.0721902400255	-0.225780725479	-0.215676724911	0.14235188067	0.493877887726	-0.298741221428	-0.333194583654
343_TASK07_CON50_2.0_posneg	posneg	2.0	-0.600931763649	-0.698803663254	-0.0319917984307	-0.605007231236	-0.628902196884	0.436320662498	-0.294021636248	0.0636921450496	0.432719528675	-0.510735332966	0.213833272457	0.146256551147	0.215469896793	0.202259972692	0.167471915483	0.210939913988	-0.554820656776	0.104765459895	-0.110777907073	0.0469768531621	-0.0197669453919	0.0177800692618	-0.717183411121	-0.696511268616	0.0304786041379	-0.399978011847	-0.280532538891	0.152401149273	-0.524995625019	-0.275825500488	-0.634370148182	-0.626041591167	-0.572634398937	-0.3028383255	-0.693323969841	-0.65972751379	-0.559295475483	-0.613734185696	0.17897464335	-0.553649961948	-0.290078938007	-0.674743950367	-0.650856733322	0.299118548632	0.915176749229	-0.581863164902	-0.654455661774
343_TASK07_CON50_2.0_pos	pos	2.0	0.00784583203495	-0.111852191389	0.166798889637	-0.138688743114	-0.121861562133	-0.0657644495368	-0.157405763865	-0.00903643667698	0.260688364506	-0.0292405411601	-0.110880598426	-0.0765623375773	-0.0775009691715	-0.0371854715049	-0.11012160033	-0.109668016434	-0.0115968752652	-0.0230988450348	0.0236108861864	0.0477580092847	0.108176238835	-0.0774957835674	-0.0980215296149	-0.111622303724	0.0415579006076	-0.105375051498	-0.0383044742048	0.152883023024	-0.0837187319994	-0.0444153659046	-0.163915812969	-0.133996471763	-0.0733208060265	0.0242999438196	-0.199828892946	-0.197676047683	-0.103837303817	-0.141006231308	-0.0474054440856	-0.089372433722	-0.0272825900465	-0.183104634285	-0.168718010187	0.190523132682	0.519905269146	-0.35632583499	-0.35948702693
343_TASK07_CON50_3.0_posneg	posneg	3.0	-0.570199489594	-0.68353497982	0.0686486959457	-0.599392950535	-0.623844265938	0.377988159657	-0.323262214661	0.0510065592825	0.482097029686	-0.518012225628	0.150772333145	0.114913284779	0.186000317335	0.195232897997	0.131621539593	0.165701881051	-0.562139034271	0.0599151141942	-0.116894863546	0.0778814777732	0.0465715937316	0.00783508457243	-0.733694732189	-0.713823318481	0.0637303739786	-0.416543424129	-0.306639403105	0.127605333924	-0.513150811195	-0.253650069237	-0.660714030266	-0.630604326725	-0.568692445755	-0.268871068954	-0.721412360668	-0.678363144398	-0.574533581734	-0.638297021389	0.233240231872	-0.55212688446	-0.268709093332	-0.708247363567	-0.667925715446	0.339085817337	0.943108141422	-0.59505456686	-0.625370085239
343_TASK07_CON50_3.0_pos	pos	3.0	0.0325811766088	-0.064649939537	0.144672140479	-0.0899090245366	-0.0673169642687	-0.0912232771516	-0.131688252091	-0.121126696467	0.128897473216	0.0400591157377	-0.14834408462	-0.13711078465	-0.109107732773	-0.0742100030184	-0.115053594112	-0.139308944345	0.0615056864917	-0.0722096338868	-0.0078022624366	0.0280034113675	0.114617548883	-0.0481474772096	0.0280035994947	0.041435841471	-0.0810630917549	-0.0996269583702	-0.104572072625	-0.0173809248954	0.0143604893237	0.0588353164494	-0.0614672154188	-0.0269781369716	0.00446187285706	0.0776450186968	-0.128862917423	-0.10673096776	0.00808781012893	-0.0590582452714	0.0818579420447	0.00651577953249	0.066427975893	-0.0921284332871	-0.0588579848409	0.227254167199	0.522127389908	-0.408966809511	-0.342162936926
343_TASK07_CON50_4.0_posneg	posneg	4.0	-0.465383976698	-0.597037315369	0.149157211185	-0.516071081161	-0.536661028862	0.265910536051	-0.258783906698	-0.0335852764547	0.354649156332	-0.419611304998	0.0550888627768	0.040517155081	0.120315752923	0.138471156359	0.074564896524	0.0852533951402	-0.458361536264	-0.0199247505516	-0.117202706635	0.0813893452287	0.0877952650189	0.0197743903846	-0.657263576984	-0.622824668884	0.0308779850602	-0.403255045414	-0.346149206161	0.00152075942606	-0.414975911379	-0.165772140026	-0.628091394901	-0.548382163048	-0.490934878588	-0.203568220139	-0.701085627079	-0.630965232849	-0.501408159733	-0.5976998806	0.299657911062	-0.464658379555	-0.189611256123	-0.683320820332	-0.602637588978	0.363955646753	0.938555121422	-0.583202421665	-0.524913370609
343_TASK07_CON50_4.0_pos	pos	4.0	-0.103631451726	-0.214886009693	0.0498104728758	-0.162951096892	-0.13669089973	-0.0721709877253	-0.196171760559	-0.183057636023	0.153177559376	-0.0454765893519	-0.290196895599	-0.265516370535	-0.254035979509	-0.277451992035	-0.202056840062	-0.283017337322	0.0173688251525	-0.108591094613	0.0512513183057	-0.0157120041549	0.0505958870053	-0.0323704555631	-0.0495374985039	0.00366019597277	-0.236609518528	-0.16089271009	-0.144939616323	-0.113162361085	-0.0979119092226	-0.0185825489461	-0.124573938549	-0.0966670811176	-0.0733917653561	0.00712837418541	-0.152941226959	-0.13578671217	-0.0843880549073	-0.101249501109	0.056547164917	-0.088388197124	-0.00416254531592	-0.144394621253	-0.110880546272	0.0656800046563	0.458789348602	-0.335296750069	-0.261775255203
343_TASK07_CON50_5.0_posneg	posneg	5.0	-0.456061393023	-0.572924256325	0.16006821394	-0.497015833855	-0.510279476643	0.182607799768	-0.23044320941	-0.0940484106541	0.255620062351	-0.365463972092	-0.0331768281758	-0.0464353635907	0.0528302900493	0.0414113812149	0.0238721836358	-0.000761395785958	-0.375751703978	-0.0690904408693	-0.0951604396105	0.0786717906594	0.0702002197504	0.0298854894936	-0.61963391304	-0.570792555809	-0.0316315032542	-0.460667669773	-0.449349701405	-0.127159997821	-0.414508700371	-0.149725615978	-0.670861780643	-0.540530323982	-0.502226114273	-0.206560596824	-0.746536076069	-0.650360405445	-0.52452814579	-0.64202195406	0.354621976614	-0.473263382912	-0.180938109756	-0.730332374573	-0.61047232151	0.36278963089	0.924704134464	-0.583900690079	-0.43314653635
343_TASK07_CON50_5.0_pos	pos	5.0	-0.185888841748	-0.274958312511	-0.0184512622654	-0.253691315651	-0.251804590225	0.110993281007	-0.137649521232	0.0794128850102	0.231116905808	-0.201922863722	0.0820518806577	-0.0445964075625	0.035318184644	-0.0748594030738	0.147157013416	0.0246945824474	-0.182967126369	0.11540146172	-0.0321338251233	0.0273451488465	-0.228642642498	0.167166158557	-0.222499489784	-0.184176653624	-0.117768295109	-0.255672633648	-0.222777307034	-0.0266925767064	-0.250503927469	-0.163188785315	-0.266604691744	-0.241217210889	-0.165127247572	-0.0620259866118	-0.213538363576	-0.20468378067	-0.238890692592	-0.17364834249	-0.177136197686	-0.216933980584	-0.119304515421	-0.246023878455	-0.231978818774	-0.0206085536629	0.438263624907	-0.260489314795	-0.215515255928
343_TASK07_CON50_6.0_posneg	posneg	6.0	-0.389210432768	-0.482553869486	0.170813411474	-0.42123785615	-0.439440876245	0.103243052959	-0.158611699939	-0.0136708654463	0.166236653924	-0.235547855496	-0.0202933438122	-0.0508386678994	0.0518596060574	0.0198048576713	0.0637202709913	0.0168086960912	-0.261986076832	-0.0349930524826	-0.0821659192443	0.0506516136229	-0.00807888619602	0.0820858180523	-0.530057430267	-0.495194911957	-0.0434568747878	-0.470055818558	-0.531809270382	-0.220527604222	-0.384339600801	-0.087524548173	-0.710461854935	-0.505806148052	-0.464880406857	-0.140856415033	-0.77217656374	-0.625447511673	-0.546980559826	-0.670336902142	0.298093825579	-0.458305418491	-0.118662901223	-0.770962178707	-0.597683012486	0.288114994764	0.874143481255	-0.588145911694	-0.278575122356
343_TASK07_CON50_6.0_pos	pos	6.0	-0.269147753716	-0.386187642813	0.0568016283214	-0.146270811558	-0.188554257154	-0.0410699918866	-0.285929858685	-0.00205467012711	0.386242896318	0.01599647291	0.0215695034713	-0.258764535189	-0.299637764692	-0.152619659901	0.03404314816	-0.204017996788	0.0795795693994	0.379072010517	-0.273626118898	-0.255395740271	-0.0569690167904	0.21869532764	-0.0217351540923	0.0851917043328	-0.209408223629	-0.237473875284	-0.206612631679	0.233935624361	-0.252389490604	0.0355518721044	-0.324369192123	-0.0393480435014	0.0549175404012	0.14100804925	-0.282878398895	-0.168683737516	-0.1891862005	-0.0909954383969	-0.347997128963	-0.134682267904	0.0915330499411	-0.362129539251	-0.12284231931	0.0583584085107	0.45667797327	-0.370700210333	-0.05641284585
343_TASK07_CON50_7.0_posneg	posneg	7.0	-0.442137658596	-0.531043469906	0.241573110223	-0.464017599821	-0.478115588427	0.0585858747363	-0.337393075228	0.00550927314907	0.250425994396	-0.105924293399	-0.0246597789228	-0.230641499162	0.0197864025831	-0.0118319746107	0.091402426362	-0.00396781926975	-0.149279728532	0.0708607286215	-0.163222745061	0.0522760003805	-0.0564476847649	0.144080430269	-0.578234612942	-0.574693381786	-0.13129979372	-0.519144833088	-0.691212952137	-0.373164057732	-0.453971982002	-0.00769727490842	-0.865460693836	-0.576521992683	-0.546744644642	-0.0436522290111	-0.905097424984	-0.721720218658	-0.699191808701	-0.795470058918	0.36955177784	-0.586223483086	-0.0341860987246	-0.911940276623	-0.695714235306	0.355697989464	0.93314999342	-0.802512824535	-0.273794472218
343_TASK07_CON50_7.0_pos	pos	7.0																																															
343_TASK07_CON50_8.0_posneg	posneg	8.0																																															
343_TASK07_CON50_8.0_pos	pos	8.0																																															
343_TASK07_CON50_9.0_posneg	posneg	9.0																																															
343_TASK07_CON50_9.0_pos	pos	9.0																																															
343_TASK07_CON50_10.0_posneg	posneg	10.0																																															
343_TASK07_CON50_10.0_pos	pos	10.0																																															
343_TASK07_CON50_11.0_posneg	posneg	11.0																																															
343_TASK07_CON50_11.0_pos	pos	11.0																																															
343_TASK07_CON50_12.0_posneg	posneg	12.0																																															
343_TASK07_CON50_12.0_pos	pos	12.0																																															
343_TASK07_CON50_13.0_posneg	posneg	13.0																																															
343_TASK07_CON50_13.0_pos	pos	13.0																																															
343_TASK07_CON51_0.0_posneg	posneg	0.0	0.193016082048	0.156178474426	0.156204149127	0.209678143263	0.217846438289	-0.152262240648	-0.044465649873	-0.107076779008	-0.0695643275976	0.0169645119458	-0.232034161687	-0.140629604459	-0.218728631735	-0.185134455562	-0.184393152595	-0.230926513672	0.0891821831465	-0.0684780851007	0.107469476759	-0.0237661898136	0.0533061996102	-0.0403537750244	0.260695546865	0.267494857311	-0.179444760084	0.167376250029	0.163538396358	0.0268995016813	0.204763203859	0.213977575302	0.4532956779	0.22382928431	0.175656795502	0.187547504902	0.470446795225	0.357393682003	0.260260790586	0.297341793776	-0.0204310901463	0.175470396876	0.192339301109	0.456064492464	0.277686804533	-0.644016385078	-0.436849802732	0.791316092014	0.107204280794
343_TASK07_CON51_0.0_pos	pos	0.0	0.378827869892	0.306028455496	0.298471361399	0.289247304201	0.290373563766	-0.220408126712	-0.102285929024	-0.0343297086656	0.125194177032	0.229637429118	-0.221110478044	-0.183497920632	-0.234396353364	-0.243846252561	-0.171641439199	-0.232509404421	0.297963351011	0.00205183657818	0.0735970959067	-0.0219544079155	-0.0298828203231	0.00863513629884	0.372276306152	0.356539458036	-0.176960393786	0.292633026838	0.324568718672	0.209537044168	0.333320826292	0.24828864634	0.515977621078	0.362194448709	0.392162561417	0.360266238451	0.57984662056	0.478651821613	0.355978190899	0.444759637117	-0.275080531836	0.343058139086	0.271866261959	0.525731265545	0.396644204855	-0.640308797359	-0.566719174385	0.806537091732	0.165564864874
343_TASK07_CON51_1.0_posneg	posneg	1.0	0.252089619637	0.206514656544	0.200929746032	0.266554504633	0.275800228119	-0.200809910893	-0.0601660534739	-0.127852126956	-0.0772123485804	0.0460436455905	-0.297851294279	-0.189318478107	-0.28367292881	-0.24994674325	-0.241708993912	-0.299067795277	0.139079898596	-0.0866589769721	0.141707882285	-0.0334185399115	0.0625784173608	-0.0486548170447	0.339248150587	0.344330698252	-0.227230325341	0.217708572745	0.212486162782	0.0430596657097	0.26637133956	0.269006758928	0.551984965801	0.290877342224	0.237819880247	0.246459588408	0.565749049187	0.438020020723	0.332032352686	0.375877320766	-0.0496150553226	0.234297215939	0.245904013515	0.553273081779	0.351128786802	-0.725436031818	-0.520746946335	0.863228440285	0.137210011482
343_TASK07_CON51_1.0_pos	pos	1.0	0.437212496996	0.361274212599	0.314783275127	0.334287971258	0.335199028254	-0.210112676024	-0.0233546774834	0.0925707146525	0.177202299237	0.32431936264	-0.171075448394	-0.149760380387	-0.193685948849	-0.205060660839	-0.133573025465	-0.169373929501	0.369307130575	-0.0127726569772	0.0564811192453	-0.0530154444277	-0.0597650557756	0.0375365503132	0.433363646269	0.417097091675	-0.223793268204	0.344750195742	0.39865770936	0.262803852558	0.393635898829	0.28160828352	0.57289659977	0.438775539398	0.461961984634	0.43216881156	0.636324822903	0.522513449192	0.426791727543	0.516397476196	-0.344725161791	0.415516972542	0.327573359013	0.58516150713	0.462562352419	-0.667937457561	-0.567280590534	0.831096410751	0.163720607758
343_TASK07_CON51_2.0_posneg	posneg	2.0	0.341976732016	0.291212558746	0.247791603208	0.347860902548	0.360660016537	-0.258464843035	-0.0239669345319	-0.108787178993	-0.110365279019	0.12715767324	-0.372626423836	-0.247811362147	-0.360512286425	-0.331221520901	-0.31158426404	-0.37266176939	0.241820201278	-0.132626593113	0.196575835347	-0.0663989260793	0.0656114518642	-0.0488869212568	0.46439036727	0.470241427422	-0.31716004014	0.291720181704	0.292406350374	0.0613544136286	0.35942491889	0.348404854536	0.678065359592	0.404691010714	0.333493679762	0.337052285671	0.681893646717	0.539640128613	0.44719645381	0.490022331476	-0.0934309214354	0.330103844404	0.330000609159	0.676531970501	0.462935417891	-0.809397935867	-0.625561952591	0.925543010235	0.185650974512
343_TASK07_CON51_2.0_pos	pos	2.0	0.406293660402	0.316851496696	0.281251460314	0.320168733597	0.31512606144	-0.101435020566	0.0552325323224	0.217335924506	0.229100853205	0.350248664618	-0.0931404232979	-0.0710283145308	-0.106129355729	-0.120238885283	-0.0458513796329	-0.0672421902418	0.361866980791	-0.0566923543811	0.0300339329988	-0.0639680549502	-0.0919181033969	0.0823873654008	0.423308879137	0.405638962984	-0.235295206308	0.340458363295	0.420919448137	0.271969735622	0.384258508682	0.264484286308	0.574906229973	0.44163608551	0.452524542809	0.4249176085	0.629450261593	0.488706052303	0.434582769871	0.513643085957	-0.335000544786	0.413335353136	0.320450276136	0.588697731495	0.454672574997	-0.649829983711	-0.467736959457	0.821868538857	0.0873427465558
343_TASK07_CON51_3.0_posneg	posneg	3.0	0.383308500051	0.325184911489	0.238497689366	0.386144995689	0.39456602931	-0.213390141726	0.115708783269	-0.00781146716326	-0.199408397079	0.226415723562	-0.390650451183	-0.281472116709	-0.381178498268	-0.383932173252	-0.308433681726	-0.382507741451	0.348920673132	-0.199773058295	0.22198599577	-0.116309352219	-0.0195511821657	0.042951002717	0.55916929245	0.567752301693	-0.408561557531	0.321133613586	0.336264699697	0.0194747205824	0.399420291185	0.380372017622	0.77019149065	0.488303542137	0.371405392885	0.375341415405	0.756250321865	0.591428518295	0.530262470245	0.559645175934	-0.0974552109838	0.376306176186	0.367049396038	0.763002991676	0.536746740341	-0.86440205574	-0.688227117062	0.96061116457	0.218036904931
343_TASK07_CON51_3.0_pos	pos	3.0	0.282658100128	0.182247564197	0.200192555785	0.22538587451	0.218070760369	0.00780441053212	0.0529235117137	0.190026953816	0.187695518136	0.276780158281	-0.0217605289072	-0.0137681113556	-0.0242541022599	-0.0377539917827	0.0355074815452	0.00445668166503	0.263439953327	-0.0719841122627	-0.0319223478436	-0.0152524197474	-0.0919740796089	0.12156073004	0.337815910578	0.321816921234	-0.205196663737	0.289177179337	0.385901391506	0.20884642005	0.297713398933	0.192936062813	0.50633919239	0.356317043304	0.364923506975	0.330006122589	0.551479041576	0.38284856081	0.364267766476	0.432925969362	-0.226133719087	0.331529051065	0.243801042438	0.523467183113	0.366288632154	-0.558532655239	-0.280940055847	0.757435142994	-0.0297544915229
343_TASK07_CON51_4.0_posneg	posneg	4.0	0.347637534142	0.270860999823	0.172648608685	0.344671398401	0.341459810734	-0.0612778402865	0.285507380962	0.104517988861	-0.382936120033	0.309853374958	-0.317727506161	-0.296533018351	-0.334856957197	-0.381712496281	-0.180524349213	-0.32089266181	0.429810583591	-0.153725042939	0.0743367895484	-0.13706099987	-0.227586135268	0.262077659369	0.582750082016	0.58847784996	-0.41546061635	0.297274708748	0.323083758354	-0.0932102128863	0.339095085859	0.325495809317	0.804756164551	0.491748064756	0.324899673462	0.333434581757	0.776169061661	0.570135712624	0.525560796261	0.552292525768	-0.017986394465	0.33139115572	0.317452698946	0.790663599968	0.530599951744	-0.879935860634	-0.664994120598	0.971495747566	0.206644743681
343_TASK07_CON51_4.0_pos	pos	4.0	0.136529013515	0.0466538853943	0.133753329515	0.127313241363	0.120825380087	0.0930754169822	0.0205251090229	0.0980155318975	0.079382583499	0.16696844995	0.0200060363859	0.00231973337941	0.0285917054862	-0.00134366739076	0.095637857914	0.0360770113766	0.141127228737	-0.0870074704289	-0.102442830801	0.0558238141239	-0.113498292863	0.165408328176	0.217002436519	0.20755712688	-0.16619426012	0.204290360212	0.313668519258	0.145323142409	0.190925955772	0.10440056771	0.408691555262	0.247430369258	0.251328527927	0.207618936896	0.448040693998	0.262099057436	0.267558544874	0.325602978468	-0.0729415938258	0.22481662035	0.142290487885	0.430764585733	0.255331575871	-0.449004948139	-0.0965730473399	0.658900022507	-0.126058787107
343_TASK07_CON51_5.0_posneg	posneg	5.0	0.324956834316	0.211486756802	0.165515035391	0.318279504776	0.310935407877	0.0350607633591	0.348214000463	0.170669779181	-0.463919103146	0.38445520401	-0.284341454506	-0.316957682371	-0.317557930946	-0.368026196957	-0.110126957297	-0.298926234245	0.495444506407	-0.12602673471	-0.0420832410455	-0.141386061907	-0.286255836487	0.350460797548	0.595107138157	0.59682816267	-0.394376814365	0.297525197268	0.347922593355	-0.105902761221	0.297935664654	0.282257944345	0.82971572876	0.485139608383	0.301091074944	0.304391145706	0.793220341206	0.553931355476	0.522154390812	0.557078242302	0.0539225488901	0.305132091045	0.281316637993	0.812370657921	0.521928191185	-0.885518789291	-0.585102021694	0.973064184189	0.140065938234
343_TASK07_CON51_5.0_pos	pos	5.0	0.065687097609	-0.011032207869	0.111368343234	0.0856239050627	0.0852180272341	0.11376875639	0.0338845960796	0.0659630894661	0.00165823311545	0.0977756902575	0.0585083514452	0.0342136509717	0.0850730016828	0.0407637096941	0.138591021299	0.0748530775309	0.0658383369446	-0.126496985555	-0.142636656761	0.10789489001	-0.10914324224	0.176583558321	0.138439938426	0.136522561312	-0.136538252234	0.156736031175	0.26243570447	0.0675621032715	0.128671020269	0.0536157004535	0.335332214832	0.182193413377	0.181653916836	0.118531100452	0.360509246588	0.188633710146	0.210779249668	0.251693606377	0.0402527526021	0.163449883461	0.0758543610573	0.356874346733	0.189496174455	-0.376663297415	0.00565975951031	0.538654446602	-0.165143296123
343_TASK07_CON51_6.0_posneg	posneg	6.0	0.229745030403	0.113223455846	0.124466940761	0.249788075686	0.243924602866	0.0817601233721	0.269524008036	0.140884310007	-0.390610635281	0.394279658794	-0.173921197653	-0.213028714061	-0.174160331488	-0.223440036178	0.0180496647954	-0.167658224702	0.469030737877	-0.114253968	-0.127724766731	-0.0639128014445	-0.2095592767	0.295792281628	0.505237936974	0.502320289612	-0.265979260206	0.27282500267	0.35603427887	-0.0497519113123	0.22665502131	0.147794961929	0.800765097141	0.396542608738	0.234134480357	0.197009027004	0.76293027401	0.456143587828	0.431584537029	0.491068392992	0.109047427773	0.245390221477	0.160889282823	0.790701925755	0.434485912323	-0.837112784386	-0.374064862728	0.951610326767	0.0168896839023
343_TASK07_CON51_6.0_pos	pos	6.0	0.0753362029791	0.000159557486768	0.130698829889	0.0774154886603	0.0839359983802	0.114391632378	0.0585943609476	0.0741815268993	-0.0174422375858	0.0408260449767	0.0812453553081	0.0717914998531	0.134645551443	0.0792009755969	0.137947887182	0.0938882008195	0.0231767613441	-0.144661962986	-0.14875844121	0.173136621714	-0.0508450679481	0.10875826329	0.117802232504	0.115217752755	-0.0651827454567	0.168804645538	0.266599565744	-0.0105936285108	0.124902017415	0.041644629091	0.305489987135	0.148699164391	0.156600087881	0.082201294601	0.339400202036	0.153232783079	0.194390624762	0.226701289415	0.124444767833	0.15464310348	0.0539247356355	0.337834715843	0.159284681082	-0.297326177359	0.0809522792697	0.427210062742	-0.198141545057
343_TASK07_CON51_7.0_posneg	posneg	7.0	0.240811347961	0.0912935510278	0.131022572517	0.204250007868	0.209302470088	0.0841593146324	0.105266161263	0.0692876949906	-0.140634864569	0.171974346042	-0.0260198879987	-0.0182851906866	0.0265702493489	0.0208591744304	0.083308339119	0.014046093449	0.209700167179	-0.123234421015	-0.129022732377	0.0558754652739	-0.00805874168873	0.129136502743	0.338043004274	0.3146058321	-0.0770726948977	0.276011675596	0.498381406069	0.0120080271736	0.192227736115	0.109254837036	0.652098417282	0.310303270817	0.247550949454	0.125409811735	0.70834261179	0.343864738941	0.384706109762	0.504901647568	0.0353357344866	0.253402501345	0.120924569666	0.725355327129	0.355077117682	-0.400038897991	-0.0576313436031	0.600596427917	-0.0683094188571
343_TASK07_CON51_7.0_pos	pos	7.0	0.0239407531917	-0.0823493823409	0.134465113282	-0.0240849163383	-0.0382849760354	0.247137263417	0.044241450727	0.0576764196157	0.000959328317549	0.0359343327582	0.0836924761534	0.0835477486253	0.178613513708	0.162883341312	0.174249991775	0.142425090075	0.0095708668232	-0.200832858682	-0.229349210858	0.186708316207	0.0198107659817	0.158871009946	0.0263980571181	0.0239477995783	-0.0589315071702	0.0572347044945	0.183457642794	-0.032632406801	0.056326970458	0.0403469093144	0.199280753732	0.0373061075807	0.0427517034113	0.0295715928078	0.231084138155	0.030962921679	0.0943268686533	0.0949229300022	0.110191427171	0.0592867918313	0.031080128625	0.230031982064	0.0385831072927	-0.257296323776	0.144171968102	0.274326503277	-0.213287040591
343_TASK07_CON51_8.0_posneg	posneg	8.0	0.214936986566	0.00904122367501	0.264828205109	0.297238618135	0.267202943563	0.119654297829	0.284106910229	0.278364598751	-0.174394026399	0.306297421455	0.126882001758	0.245173275471	0.321635663509	0.30892932415	0.209177300334	0.276571959257	0.220299571753	-0.22814565897	-0.104160584509	0.248332515359	0.0647036656737	0.0612024925649	0.239754229784	0.253463208675	-0.283868759871	0.246283128858	0.247908130288	-0.324073672295	0.229242637753	0.26653906703	0.291389256716	0.213934734464	0.227835446596	0.27024024725	0.332654803991	0.187468498945	0.22630392015	0.259958595037	0.194302663207	0.21433326602	0.256013095379	0.319404065609	0.193782910705	-0.326589137316	0.22001491487	0.119515530765	-0.190781131387
343_TASK07_CON51_8.0_pos	pos	8.0	0.214936986566	0.00904122367501	0.264828205109	0.297238618135	0.267202943563	0.119654297829	0.284106910229	0.278364598751	-0.174394026399	0.306297421455	0.126882001758	0.245173275471	0.321635663509	0.30892932415	0.209177300334	0.276571959257	0.220299571753	-0.22814565897	-0.104160584509	0.248332515359	0.0647036656737	0.0612024925649	0.239754229784	0.253463208675	-0.283868759871	0.246283128858	0.247908130288	-0.324073672295	0.229242637753	0.26653906703	0.291389256716	0.213934734464	0.227835446596	0.27024024725	0.332654803991	0.187468498945	0.22630392015	0.259958595037	0.194302663207	0.21433326602	0.256013095379	0.319404065609	0.193782910705	-0.326589137316	0.22001491487	0.119515530765	-0.190781131387
343_TASK07_CON51_9.0_posneg	posneg	9.0																																															
343_TASK07_CON51_9.0_pos	pos	9.0																																															
343_TASK07_CON51_10.0_posneg	posneg	10.0																																															
343_TASK07_CON51_10.0_pos	pos	10.0																																															
343_TASK07_CON51_11.0_posneg	posneg	11.0																																															
343_TASK07_CON51_11.0_pos	pos	11.0																																															
343_TASK07_CON51_12.0_posneg	posneg	12.0																																															
343_TASK07_CON51_12.0_pos	pos	12.0																																															
343_TASK07_CON51_13.0_posneg	posneg	13.0																																															
343_TASK07_CON51_13.0_pos	pos	13.0																																															
343_TASK07_CON52_0.0_posneg	posneg	0.0	0.244074508548	0.320482462645	-0.0388757772744	0.170350417495	0.154053032398	-0.0554188117385	0.112995952368	0.138012528419	0.00567682506517	0.142042189837	-0.0208153873682	0.041454885155	-0.00539155164734	0.0253043398261	0.019849838689	0.0297896713018	0.123832441866	-0.107620045543	0.0406799279153	-0.0701092556119	0.0138631751761	0.0127432122827	0.209011003375	0.170921295881	0.129819214344	-0.018464455381	-0.0781880393624	-0.164093255997	0.0672566145658	-0.0038325348869	0.0430872477591	0.189698517323	0.134241580963	0.0760012492537	0.14715307951	0.206262007356	0.080043554306	0.146805182099	-0.184604853392	0.0990654155612	0.0239275339991	0.0868622884154	0.196687355638	-0.0630570873618	-0.378690540791	0.0219622161239	0.589034855366
343_TASK07_CON52_0.0_pos	pos	0.0	0.405531674623	0.384292989969	0.239180460572	0.372280627489	0.365975469351	-0.285332620144	0.0283496510237	0.0273245386779	0.0154198184609	0.260427623987	-0.15016181767	-0.0921203941107	-0.15339653194	-0.148883387446	-0.101318702102	-0.153752803802	0.298339754343	-0.00945905409753	0.0666702240705	-0.0332030430436	-0.000125800957903	-0.0180504061282	0.371367782354	0.360739499331	-0.0336890593171	0.145591005683	0.107088163495	-0.0204942170531	0.263926208019	0.14726343751	0.218600928783	0.338708609343	0.299324780703	0.201275646687	0.268273711205	0.367509633303	0.241941928864	0.281349152327	-0.145160332322	0.274676114321	0.165728226304	0.233463272452	0.339920580387	-0.0463772714138	-0.494247019291	0.0670034065843	0.613455295563
343_TASK07_CON52_1.0_posneg	posneg	1.0	0.349513918161	0.434431523085	-0.00767204118893	0.269495666027	0.253915041685	-0.121800929308	0.142403200269	0.172043606639	0.00647721113637	0.219914987683	-0.0512266755104	0.03740606457	-0.035501241684	0.00156112515833	0.00386183499359	0.00819317530841	0.203245013952	-0.13931517303	0.0731493681669	-0.10182031244	0.0164867863059	0.0109694525599	0.313770264387	0.270262688398	0.139169886708	0.00595824653283	-0.0739727988839	-0.194352939725	0.129165709019	0.0222618635744	0.0932262763381	0.281354427338	0.21144734323	0.126856535673	0.220741614699	0.305939495564	0.141205728054	0.225234717131	-0.239747047424	0.167839959264	0.0591137222946	0.147431224585	0.291200459003	-0.0840002819896	-0.499214619398	0.0411213487387	0.713006317616
343_TASK07_CON52_1.0_pos	pos	1.0	0.461222499609	0.43414080143	0.288441210985	0.47788771987	0.473871558905	-0.381317734718	0.0555228330195	-0.00177905196324	-0.0722227096558	0.356916069984	-0.144573301077	-0.113145597279	-0.1719917804	-0.202783450484	-0.163821801543	-0.20248901844	0.402116000652	0.109827838838	0.0990628600121	0.0225712582469	-0.0235614199191	-0.0844527706504	0.463051140308	0.460096120834	-0.100807502866	0.195482909679	0.148847416043	-0.0346243418753	0.345406144857	0.199343219399	0.26757222414	0.412607640028	0.354180693626	0.22988152504	0.298962622881	0.419564604759	0.312767803669	0.329353988171	-0.0893464162946	0.347134649754	0.213938742876	0.279590606689	0.405808955431	0.0137695381418	-0.542025983334	0.0239201709628	0.664271116257
343_TASK07_CON52_2.0_posneg	posneg	2.0	0.50672852993	0.603669703007	0.043011046946	0.472624480724	0.46418428421	-0.271842449903	0.208179220557	0.211498677731	-0.0456279665232	0.372618407011	-0.0811220258474	0.0368544533849	-0.0820692107081	-0.0560271851718	-0.0585508793592	-0.0414719507098	0.359256088734	-0.111048437655	0.165726676583	-0.113975785673	0.00665187370032	-0.0508369319141	0.504202485085	0.46911457181	0.103423155844	0.0710153058171	-0.0467230938375	-0.256653577089	0.272782117128	0.0905515775084	0.200548708439	0.450094401836	0.348603844643	0.216647967696	0.343752473593	0.470007151365	0.274830549955	0.362796872854	-0.287797421217	0.310637801886	0.13928642869	0.265979200602	0.457727044821	-0.0800450816751	-0.670007824898	0.0494948513806	0.852864027023
343_TASK07_CON52_2.0_pos	pos	2.0	0.369600772858	0.351485043764	0.19517095387	0.414838314056	0.417958676815	-0.350361973047	0.14600494504	0.0475255437195	-0.180002361536	0.38559627533	-0.0222797878087	-0.102972075343	-0.0567715615034	-0.140027612448	-0.118615917861	-0.121555872262	0.401760846376	0.226970747113	-0.0048088147305	0.10628297925	-0.0541245602071	-0.0950074717402	0.409538477659	0.40633225441	-0.0459903925657	0.10535030812	0.0627513378859	-0.0875706970692	0.27226510644	0.136530846357	0.147975713015	0.331352949142	0.258023262024	0.133721932769	0.163084775209	0.312323212624	0.231637254357	0.220587670803	0.0471263304353	0.26685616374	0.142804861069	0.156428456306	0.314582496881	0.135293126106	-0.427954524755	-0.129917129874	0.610579967499
343_TASK07_CON52_3.0_posneg	posneg	3.0	0.602555990219	0.727381944656	-0.0199263077229	0.652461111546	0.647564768791	-0.388760924339	0.338266968727	0.296393245459	-0.185008198023	0.549772381783	-0.0362701639533	0.0566276684403	-0.0625983923674	-0.0700806081295	-0.0707523524761	-0.0352082550526	0.525456666946	-0.0105808498338	0.192425578833	-0.102144949138	-0.0279802139848	-0.105212822556	0.676190316677	0.659269928932	0.0356264859438	0.0634932890534	-0.110283516347	-0.39790648222	0.393912434578	0.130768463016	0.25084489584	0.597685992718	0.42783498764	0.235992312431	0.38973736763	0.586201012135	0.379854589701	0.439260810614	-0.260602355003	0.418148994446	0.179038107395	0.320674955845	0.591405689716	-0.00101659982465	-0.777930080891	-0.0361832752824	0.933112502098
343_TASK07_CON52_3.0_pos	pos	3.0	0.158238336444	0.134103745222	0.153144419193	0.201648429036	0.205863624811	-0.21133440733	0.191906571388	0.115046009421	-0.208441853523	0.265311181545	0.0437433570623	-0.0840609893203	0.0183367710561	-0.075345672667	-0.0442281328142	-0.0399641208351	0.262503951788	0.220861688256	-0.107805743814	0.123289033771	-0.0932765975595	-0.037385083735	0.23123139143	0.223321393132	0.0348965860903	-0.0197402462363	-0.0337748229504	-0.0770360380411	0.0932625159621	0.0259182360023	-0.0218062531203	0.123814754188	0.0786515176296	-0.0143845248967	-0.0268839877099	0.107597656548	0.0537334568799	0.0303895119578	0.145497173071	0.0846605375409	0.0141043923795	-0.0258988980204	0.108726292849	0.208993554115	-0.181184411049	-0.219490349293	0.466896951199
343_TASK07_CON52_4.0_posneg	posneg	4.0	0.391581535339	0.638743519783	-0.198875844479	0.59215939045	0.594794988632	-0.313807964325	0.300510853529	0.22283680737	-0.314444184303	0.562789440155	-0.00258694798686	-0.0529871769249	-0.045432779938	-0.145875737071	-0.0528866201639	-0.066046923399	0.544604241848	0.125140488148	0.0576954819262	-0.0452624596655	-0.129517540336	-0.0632668510079	0.639145791531	0.63588321209	0.0537748038769	-0.119340568781	-0.250796467066	-0.43384668231	0.155871734023	-0.129706040025	0.00669477274641	0.456920534372	0.16071665287	-0.0634132325649	0.144801676273	0.410619735718	0.121445462108	0.16849155724	-0.119789466262	0.165053188801	-0.0940787941217	0.0737295150757	0.428784787655	0.107995308936	-0.803535878658	-0.0915914475918	0.941067993641
343_TASK07_CON52_4.0_pos	pos	4.0	0.0283524673432	0.00203704857267	0.142339095473	0.0803324878216	0.061516944319	-0.115081198514	0.121520377696	0.0730109885335	-0.176300913095	0.145166605711	0.0306829493493	-0.0745581462979	0.0351920761168	-0.0263789910823	0.00135742360726	-0.010470399633	0.146333172917	0.135897472501	-0.129609718919	0.109705977142	-0.0741715729237	0.0257001984864	0.122711062431	0.11013315618	0.033258639276	-0.0508331842721	-0.0540464669466	-0.0667781606317	0.0242773089558	-0.00883936882019	-0.0612620785832	0.0232975576073	0.0184441916645	-0.0451860204339	-0.0712107047439	0.0285792518407	-0.00483960704878	-0.02344523184	0.123429991305	0.0194498561323	-0.0207183156163	-0.0698343664408	0.0196529664099	0.184045419097	-0.0143876364455	-0.193875521421	0.29103666544
343_TASK07_CON52_5.0_posneg	posneg	5.0	0.153856024146	0.444230943918	-0.12100186944	0.446332424879	0.486978590488	-0.222034499049	0.217088639736	0.155728816986	-0.298598796129	0.46351903677	0.0012787010055	-0.103459864855	-0.00539223803207	-0.15940476954	0.0597362332046	-0.0276482682675	0.468608349562	0.0653887093067	-0.0861689522862	0.0226904451847	-0.247071996331	0.146849885583	0.517280459404	0.536438584328	-0.0912298932672	-0.158916130662	-0.221669837832	-0.333201229572	-0.0302262715995	-0.248318463564	-0.0872115492821	0.22394298017	0.00130095193163	-0.150363743305	0.0327693894506	0.244751900434	-0.0971354469657	0.00401883525774	-0.0223160553724	-0.0219996850938	-0.201710119843	-0.0426176711917	0.202907398343	0.0243442188948	-0.770328104496	-0.00415975041687	0.906191468239
343_TASK07_CON52_5.0_pos	pos	5.0	0.0471766851842	0.0413361750543	0.103850014508	0.120100200176	0.109576061368	-0.0282328799367	0.0666721686721	0.0686582475901	-0.130648076534	0.0737359970808	-0.0371096394956	-0.0932984501123	-0.0105746639892	-0.0975450277328	0.00389553466812	-0.0510048791766	0.0845687836409	0.0325153544545	-0.0840966403484	0.0963764637709	-0.105594709516	0.103831842542	0.165845394135	0.154818728566	-0.181177377701	-0.0355175174773	-0.0424768999219	-0.0888037756085	-0.0274439435452	0.0202216636389	0.0128309736028	0.0046877572313	0.0338120311499	-0.0374904535711	-0.0354494452477	0.0119083905593	-0.00931817758828	-0.019905211404	0.137986108661	-0.00187737343367	-0.0105146160349	-0.0262253750116	-0.00397425191477	-0.00808250717819	-0.00713110761717	-0.0486438721418	0.201962023973
343_TASK07_CON52_6.0_posneg	posneg	6.0	0.137266501784	0.150181040168	0.116568207741	0.192302063107	0.182603046298	-0.39091783762	-0.0512557476759	0.0920953676105	-0.0448051169515	0.107015557587	-0.061045370996	-0.167552962899	-0.135976970196	-0.371501117945	0.0245733167976	-0.174644783139	0.10883423686	0.270960122347	-0.163452774286	0.171943962574	-0.225556567311	0.245884567499	0.198169842362	0.122922725976	0.0181823093444	0.0255297198892	0.0458196848631	0.17420643568	0.0713696554303	0.0164282042533	0.0551183335483	0.061696793884	0.122861616313	-0.00711599132046	0.0121821463108	0.104273304343	0.0460333414376	0.0485759600997	0.281407058239	0.0864947512746	-0.00221782969311	0.0176830571145	0.0706855282187	0.0144539931789	-0.219806879759	0.0238025374711	0.237079560757
343_TASK07_CON52_6.0_pos	pos	6.0	0.137266501784	0.150181040168	0.116568207741	0.192302063107	0.182603046298	-0.39091783762	-0.0512557476759	0.0920953676105	-0.0448051169515	0.107015557587	-0.061045370996	-0.167552962899	-0.135976970196	-0.371501117945	0.0245733167976	-0.174644783139	0.10883423686	0.270960122347	-0.163452774286	0.171943962574	-0.225556567311	0.245884567499	0.198169842362	0.122922725976	0.0181823093444	0.0255297198892	0.0458196848631	0.17420643568	0.0713696554303	0.0164282042533	0.0551183335483	0.061696793884	0.122861616313	-0.00711599132046	0.0121821463108	0.104273304343	0.0460333414376	0.0485759600997	0.281407058239	0.0864947512746	-0.00221782969311	0.0176830571145	0.0706855282187	0.0144539931789	-0.219806879759	0.0238025374711	0.237079560757
343_TASK07_CON52_7.0_posneg	posneg	7.0																																															
343_TASK07_CON52_7.0_pos	pos	7.0																																															
343_TASK07_CON52_8.0_posneg	posneg	8.0																																															
343_TASK07_CON52_8.0_pos	pos	8.0																																															
343_TASK07_CON52_9.0_posneg	posneg	9.0																																															
343_TASK07_CON52_9.0_pos	pos	9.0																																															
343_TASK07_CON52_10.0_posneg	posneg	10.0																																															
343_TASK07_CON52_10.0_pos	pos	10.0																																															
343_TASK07_CON52_11.0_posneg	posneg	11.0																																															
343_TASK07_CON52_11.0_pos	pos	11.0																																															
343_TASK07_CON52_12.0_posneg	posneg	12.0																																															
343_TASK07_CON52_12.0_pos	pos	12.0																																															
343_TASK07_CON52_13.0_posneg	posneg	13.0																																															
343_TASK07_CON52_13.0_pos	pos	13.0																																															
