	TASK01_CON07_groupB_tstat1.nii.gz	TASK04_CON64_groupB_tstat1.nii.gz	TASK07_CON50_groupB_tstat1.nii.gz	TASK04_CON69_groupB_tstat1.nii.gz	TASK07_CON31_groupB_tstat1.nii.gz	TASK07_CON34_groupB_tstat1.nii.gz	TASK02_CON27_groupB_tstat1.nii.gz	TASK05_CON13_groupB_tstat1.nii.gz	TASK07_CON51_groupB_tstat1.nii.gz	TASK04_CON71_groupB_tstat1.nii.gz	TASK06_CON01_groupB_tstat1.nii.gz	TASK07_CON38_groupB_tstat1.nii.gz	TASK07_CON35_groupB_tstat1.nii.gz	TASK04_CON65_groupB_tstat1.nii.gz	TASK07_CON40_groupB_tstat1.nii.gz	TASK07_CON45_groupB_tstat1.nii.gz	TASK01_CON08_groupB_tstat1.nii.gz	TASK07_CON52_groupB_tstat1.nii.gz	TASK07_CON33_groupB_tstat1.nii.gz	TASK05_CON14_groupB_tstat1.nii.gz	TASK06_CON02_groupB_tstat1.nii.gz	TASK07_CON37_groupB_tstat1.nii.gz	TASK07_CON32_groupB_tstat1.nii.gz	TASK07_CON49_groupB_tstat1.nii.gz	TASK07_CON47_groupB_tstat1.nii.gz	TASK07_CON46_groupB_tstat1.nii.gz	TASK07_CON48_groupB_tstat1.nii.gz	TASK04_CON68_groupB_tstat1.nii.gz	TASK04_CON61_groupB_tstat1.nii.gz	TASK04_CON62_groupB_tstat1.nii.gz	TASK06_CON06_groupB_tstat1.nii.gz	TASK03_CON22_groupB_tstat1.nii.gz	TASK07_CON39_groupB_tstat1.nii.gz	TASK03_CON19_groupB_tstat1.nii.gz	TASK03_CON20_groupB_tstat1.nii.gz	TASK04_CON67_groupB_tstat1.nii.gz	TASK04_CON72_groupB_tstat1.nii.gz	TASK04_CON70_groupB_tstat1.nii.gz	TASK04_CON66_groupB_tstat1.nii.gz	TASK05_CON15_groupB_tstat1.nii.gz	TASK07_CON36_groupB_tstat1.nii.gz	TASK07_CON41_groupB_tstat1.nii.gz	TASK04_CON73_groupB_tstat1.nii.gz	TASK02_CON25_groupB_tstat1.nii.gz	TASK04_CON63_groupB_tstat1.nii.gz	TASK01_CON09_groupB_tstat1.nii.gz	TASK02_CON26_groupB_tstat1.nii.gz
TASK01_CON07_groupB_tstat1.nii.gz	1.0	0.0424128	-0.433703	-0.0625753	0.721306	0.748509	-0.186431	0.791254	0.167079	-0.0562374	0.621415	0.780827	0.785536	0.16705	0.787863	0.760335	0.902209	0.374519	0.640621	0.745068	0.624623	0.72297	0.637032	-0.0835628	0.677322	0.694387	0.769194	0.450105	0.483513	0.0377021	0.244304	-0.133125	0.702655	0.402217	0.287302	0.0926668	0.10485	-0.0361496	0.0839191	-0.146213	0.738869	0.0765038	0.0698833	0.72743	0.0921157	0.489198	0.736265
TASK04_CON64_groupB_tstat1.nii.gz	0.0424128	1.0	0.14029	0.269553	0.0969195	0.094999	-0.0311955	0.0696521	-0.276893	0.52468	0.177637	0.0314548	0.119327	0.65233	0.0979459	0.129825	0.184954	-0.0592447	-0.00820541	0.0488633	0.0892799	-0.00119563	0.0742065	0.245732	0.000267329	0.128593	0.0822575	0.0395535	0.35744	0.847452	-0.163008	-0.218637	0.0808985	0.276879	0.0928883	0.861362	-0.326473	-0.488244	0.58888	0.097445	0.153938	0.0769498	0.0867987	0.111814	0.498362	-0.268183	0.125804
TASK07_CON50_groupB_tstat1.nii.gz	-0.433703	0.14029	1.0	-0.00746374	-0.38482	-0.466167	0.207201	-0.522404	-0.485717	-0.0370701	-0.313338	-0.51289	-0.435288	0.16819	-0.422676	-0.40665	-0.510154	-0.581072	-0.467511	-0.494151	-0.239552	-0.523256	-0.192576	0.103374	-0.492316	-0.154218	-0.487124	-0.347379	-0.27608	0.155153	0.0581398	0.23416	-0.382974	-0.117892	0.0930952	0.176169	-0.0160879	-0.0454158	0.13783	0.105425	-0.127739	-0.0136734	0.0325127	-0.423085	0.125092	-0.000801211	-0.436687
TASK04_CON69_groupB_tstat1.nii.gz	-0.0625753	0.269553	-0.00746374	1.0	-0.0362801	-0.0415427	-0.0162986	-0.0369251	-0.0334224	0.396003	0.021757	-0.0832488	-0.0677266	0.0043004	-0.0769516	-0.0476046	-0.0250129	-0.0168268	-0.0539777	-0.0335227	-0.00515418	-0.0833841	-0.071614	0.0429043	-0.0688207	-0.0696256	-0.0638536	0.0860319	0.107616	0.540389	-0.0605422	-0.0587318	-0.0502445	0.0470069	0.00493934	0.100326	-0.164182	-0.149091	-0.181447	-0.0194693	-0.0668292	0.0535229	-0.401818	-0.0165552	0.00109576	-0.0833495	-0.00760688
TASK07_CON31_groupB_tstat1.nii.gz	0.721306	0.0969195	-0.38482	-0.0362801	1.0	0.929747	-0.163119	0.862111	0.207973	0.0346112	0.625736	0.87187	0.884647	0.20377	0.915138	0.972242	0.696225	0.172833	0.886707	0.882792	0.570727	0.839689	0.908441	-0.00784412	0.885174	0.924721	0.92982	0.442622	0.471652	0.0606541	0.145367	-0.511509	0.963912	0.457586	0.0321299	0.10101	0.134372	-0.0748383	0.0742867	-0.412733	0.836286	0.527935	0.0634035	0.861505	0.0685587	0.255992	0.870819
TASK07_CON34_groupB_tstat1.nii.gz	0.748509	0.094999	-0.466167	-0.0415427	0.929747	1.0	-0.163612	0.889073	0.218374	0.0113438	0.593387	0.882786	0.906453	0.202547	0.922434	0.94496	0.737626	0.357239	0.870764	0.902028	0.524251	0.853985	0.879026	-0.101229	0.879392	0.896528	0.974438	0.475085	0.506446	0.065819	0.0812273	-0.495307	0.953394	0.502516	0.0904595	0.111915	0.118537	-0.0863544	0.0927258	-0.393351	0.82144	0.482641	0.0831555	0.859554	0.0698411	0.241103	0.869584
TASK02_CON27_groupB_tstat1.nii.gz	-0.186431	-0.0311955	0.207201	-0.0162986	-0.163119	-0.163612	1.0	-0.226807	-0.0919861	-0.0594968	-0.215603	-0.184337	-0.174236	0.00156313	-0.167509	-0.159952	-0.206475	-0.120737	-0.160218	-0.207372	-0.184486	-0.183191	-0.115705	-0.0150199	-0.17153	-0.122396	-0.172393	-0.179912	-0.175907	-0.0192388	-0.0102715	0.107124	-0.146852	0.00311699	0.106154	-0.0122966	0.0245868	0.0209544	-0.00379638	0.0201619	-0.130393	0.000974521	0.0112737	-0.00972522	-0.0127334	0.00144972	-0.233497
TASK05_CON13_groupB_tstat1.nii.gz	0.791254	0.0696521	-0.522404	-0.0369251	0.862111	0.889073	-0.226807	1.0	0.270337	0.00218045	0.637845	0.86212	0.845453	0.145465	0.873762	0.874309	0.76869	0.352591	0.829008	0.965087	0.581441	0.82516	0.790768	-0.100234	0.843426	0.810098	0.899032	0.598165	0.614368	0.0492946	0.100033	-0.483688	0.870791	0.472073	0.0769646	0.0922122	0.0629132	-0.108716	0.101622	-0.247513	0.754991	0.375564	0.121225	0.830294	0.0420208	0.27706	0.848691
TASK07_CON51_groupB_tstat1.nii.gz	0.167079	-0.276893	-0.485717	-0.0334224	0.207973	0.218374	-0.0919861	0.270337	1.0	-0.0106279	0.165795	0.361654	0.149482	-0.239327	0.306232	0.158718	0.110049	-0.00166254	0.525197	0.271497	0.160949	0.55789	0.230854	-0.761302	0.54374	0.183432	0.273577	0.0696714	-0.0470692	-0.284031	0.035758	-0.0685946	0.276702	-0.133049	-0.196993	-0.314449	0.107376	0.0992073	-0.265482	-0.213923	0.148866	0.0201122	-0.0901698	0.189652	-0.231688	0.160501	0.193572
TASK04_CON71_groupB_tstat1.nii.gz	-0.0562374	0.52468	-0.0370701	0.396003	0.0346112	0.0113438	-0.0594968	0.00218045	-0.0106279	1.0	0.0823673	-0.0228714	0.0215969	0.0238801	-0.00727352	0.0340201	-0.0169427	-0.117345	0.0366577	-0.00553041	0.0263441	-0.0177998	0.0123879	0.109587	0.0131719	0.00328023	-0.00327617	0.0999556	0.0983091	0.219162	-0.0885579	-0.165462	0.0244744	0.0273366	-0.12188	0.04631	-0.0726739	-0.31342	-0.180718	0.0154868	-0.0249814	0.107587	-0.34772	0.0263887	-0.167929	-0.102961	0.0428188
TASK06_CON01_groupB_tstat1.nii.gz	0.621415	0.177637	-0.313338	0.021757	0.625736	0.593387	-0.215603	0.637845	0.165795	0.0823673	1.0	0.594908	0.647436	0.104677	0.607384	0.640615	0.606939	0.0953661	0.580325	0.614624	0.900199	0.562972	0.593462	0.0473807	0.57744	0.586379	0.604813	0.564655	0.596427	0.155333	0.13968	-0.240964	0.605363	0.30106	0.0660827	0.18166	-0.125943	-0.163806	0.199344	-0.158186	0.528641	0.253847	0.15403	0.614117	0.0800129	0.195913	0.627219
TASK07_CON38_groupB_tstat1.nii.gz	0.780827	0.0314548	-0.51289	-0.0832488	0.87187	0.882786	-0.184337	0.86212	0.361654	-0.0228714	0.594908	1.0	0.873563	0.162722	0.947321	0.885372	0.724729	0.409893	0.878903	0.849719	0.563189	0.902888	0.836453	-0.255519	0.901643	0.853097	0.954373	0.419985	0.438861	0.000392617	0.172929	-0.319956	0.887881	0.351161	0.0799937	0.0583633	0.144131	-0.0763197	0.0548261	-0.304132	0.810848	0.251683	0.0686668	0.802011	0.0211702	0.34502	0.811435
TASK07_CON35_groupB_tstat1.nii.gz	0.785536	0.119327	-0.435288	-0.0677266	0.884647	0.906453	-0.174236	0.845453	0.149482	0.0215969	0.647436	0.873563	1.0	0.199106	0.927249	0.958388	0.731768	0.225851	0.813529	0.838242	0.615817	0.816388	0.837965	0.0553928	0.821968	0.865119	0.906992	0.478807	0.524898	0.074464	0.210953	-0.365476	0.883534	0.415034	0.0983117	0.137785	0.07864	-0.143446	0.146762	-0.314995	0.827866	0.285019	0.135378	0.814372	0.0535697	0.337131	0.816636
TASK04_CON65_groupB_tstat1.nii.gz	0.16705	0.65233	0.16819	0.0043004	0.20377	0.202547	0.00156313	0.145465	-0.239327	0.0238801	0.104677	0.162722	0.199106	1.0	0.233402	0.228874	0.296637	0.0128126	0.0849722	0.138105	0.0707611	0.135907	0.199371	0.132864	0.120943	0.274242	0.207323	-0.146186	0.148353	0.633616	-0.0442891	-0.10586	0.202869	0.285017	0.224928	0.746114	0.3136	-0.27598	0.459965	0.0500899	0.307228	0.078203	-0.0190908	0.207602	0.548179	-0.217295	0.216355
TASK07_CON40_groupB_tstat1.nii.gz	0.787863	0.0979459	-0.422676	-0.0769516	0.915138	0.922434	-0.167509	0.873762	0.306232	-0.00727352	0.607384	0.947321	0.927249	0.233402	1.0	0.946956	0.731308	0.257863	0.893741	0.869845	0.584081	0.933888	0.874032	-0.1708	0.932716	0.926294	0.962615	0.402548	0.446883	0.0609529	0.207349	-0.371774	0.93835	0.414269	0.108304	0.125376	0.147042	-0.105391	0.10327	-0.315244	0.891399	0.294022	0.0845706	0.823032	0.0638834	0.341194	0.83552
TASK07_CON45_groupB_tstat1.nii.gz	0.760335	0.129825	-0.40665	-0.0476046	0.972242	0.94496	-0.159952	0.874309	0.158718	0.0340201	0.640615	0.885372	0.958388	0.228874	0.946956	1.0	0.727622	0.195576	0.870757	0.885852	0.596862	0.840168	0.900676	0.0481322	0.874903	0.924216	0.945442	0.457718	0.503556	0.0874239	0.179208	-0.476085	0.960121	0.473809	0.0761867	0.140158	0.115538	-0.111937	0.119802	-0.373671	0.846451	0.450284	0.097065	0.862242	0.0787298	0.28405	0.869401
TASK01_CON08_groupB_tstat1.nii.gz	0.902209	0.184954	-0.510154	-0.0250129	0.696225	0.737626	-0.206475	0.76869	0.110049	-0.0169427	0.606939	0.724729	0.731768	0.296637	0.731308	0.727622	1.0	0.456384	0.588984	0.724963	0.543377	0.669513	0.57248	0.00403142	0.629946	0.626525	0.744543	0.422126	0.502909	0.177637	0.064715	-0.270728	0.672622	0.489339	0.263392	0.23188	0.0823334	-0.0630428	0.179388	-0.117359	0.654915	0.131998	0.0654074	0.727005	0.215368	0.0964077	0.741975
TASK07_CON52_groupB_tstat1.nii.gz	0.374519	-0.0592447	-0.581072	-0.0168268	0.172833	0.357239	-0.120737	0.352591	-0.00166254	-0.117345	0.0953661	0.409893	0.225851	0.0128126	0.257863	0.195576	0.456384	1.0	0.133937	0.306756	0.029356	0.242548	0.0659825	-0.141363	0.176854	0.0754055	0.386437	0.212147	0.214706	-0.0187319	-0.147298	0.00050125	0.189414	0.154607	0.165408	0.00110354	0.0330029	0.0787866	-0.0225447	0.0606546	0.121655	-0.134359	-0.0377452	0.269716	0.0609076	-0.0240476	0.282603
TASK07_CON33_groupB_tstat1.nii.gz	0.640621	-0.00820541	-0.467511	-0.0539777	0.886707	0.870764	-0.160218	0.829008	0.525197	0.0366577	0.580325	0.878903	0.813529	0.0849722	0.893741	0.870757	0.588984	0.133937	1.0	0.853998	0.537204	0.89547	0.88577	-0.29957	0.976133	0.87015	0.900093	0.406861	0.387491	-0.0527122	0.145389	-0.490784	0.937796	0.364034	-0.0476507	-0.0247868	0.1452	-0.0665454	-0.0152933	-0.436597	0.748218	0.511265	0.0451173	0.791141	-0.0534128	0.288332	0.799141
TASK05_CON14_groupB_tstat1.nii.gz	0.745068	0.0488633	-0.494151	-0.0335227	0.882792	0.902028	-0.207372	0.965087	0.271497	-0.00553041	0.614624	0.849719	0.838242	0.138105	0.869845	0.885852	0.724963	0.306756	0.853998	1.0	0.556256	0.820502	0.832598	-0.0956396	0.860377	0.835492	0.905597	0.52901	0.541853	0.0338296	0.0935242	-0.525673	0.901138	0.479665	0.0551426	0.069342	0.0877106	-0.0823597	0.0785367	-0.450789	0.739124	0.472691	0.107468	0.8483	0.0356985	0.262037	0.865229
TASK06_CON02_groupB_tstat1.nii.gz	0.624623	0.0892799	-0.239552	-0.00515418	0.570727	0.524251	-0.184486	0.581441	0.160949	0.0263441	0.900199	0.563189	0.615817	0.0707611	0.584081	0.596862	0.543377	0.029356	0.537204	0.556256	1.0	0.531226	0.556229	0.024557	0.537884	0.559854	0.550395	0.48123	0.494774	0.0820305	0.499688	-0.0626689	0.557213	0.28801	0.208253	0.107693	-0.0650156	-0.0964158	0.143372	-0.119691	0.51857	0.174163	0.143396	0.533692	0.0550554	0.322149	0.543799
TASK07_CON37_groupB_tstat1.nii.gz	0.72297	-0.00119563	-0.523256	-0.0833841	0.839689	0.853985	-0.183191	0.82516	0.55789	-0.0177998	0.562972	0.902888	0.816388	0.135907	0.933888	0.840168	0.669513	0.242548	0.89547	0.820502	0.531226	1.0	0.806953	-0.366247	0.961562	0.82793	0.896495	0.35371	0.356544	-0.0330286	0.164	-0.341709	0.870931	0.308088	0.0241573	0.0149083	0.164748	-0.0385236	0.00558611	-0.318013	0.784358	0.250469	0.0347589	0.765559	0.00666865	0.319181	0.780653
TASK07_CON32_groupB_tstat1.nii.gz	0.637032	0.0742065	-0.192576	-0.071614	0.908441	0.879026	-0.115705	0.790768	0.230854	0.0123879	0.593462	0.836453	0.837965	0.199371	0.874032	0.900676	0.57248	0.0659825	0.88577	0.832598	0.556229	0.806953	1.0	-0.132156	0.875552	0.962463	0.892003	0.36651	0.391812	0.0341788	0.168861	-0.502164	0.948814	0.434042	0.0172725	0.0851753	0.147477	-0.0880589	0.084635	-0.473175	0.786229	0.608415	0.0985883	0.824841	0.0434833	0.303261	0.827287
TASK07_CON49_groupB_tstat1.nii.gz	-0.0835628	0.245732	0.103374	0.0429043	-0.00784412	-0.101229	-0.0150199	-0.100234	-0.761302	0.109587	0.0473807	-0.255519	0.0553928	0.132864	-0.1708	0.0481322	0.00403142	-0.141363	-0.29957	-0.0956396	0.024557	-0.366247	-0.132156	1.0	-0.324827	-0.132287	-0.159825	0.0684376	0.148571	0.216104	0.00918846	-0.142027	-0.114242	0.145223	0.0111782	0.228405	-0.143492	-0.112307	0.216251	0.130314	-0.171571	0.105665	0.105623	-0.0317218	0.148706	-0.199792	-0.0289785
TASK07_CON47_groupB_tstat1.nii.gz	0.677322	0.000267329	-0.492316	-0.0688207	0.885174	0.879392	-0.17153	0.843426	0.54374	0.0131719	0.57744	0.901643	0.821968	0.120943	0.932716	0.874903	0.629946	0.176854	0.976133	0.860377	0.537884	0.961562	0.875552	-0.324827	1.0	0.8742	0.918806	0.37509	0.367673	-0.0399598	0.153586	-0.458322	0.936266	0.356287	-0.0225588	-0.00217315	0.165057	-0.052638	-0.00479439	-0.396223	0.769661	0.429356	0.0383744	0.79815	-0.0206061	0.291425	0.811891
TASK07_CON46_groupB_tstat1.nii.gz	0.694387	0.128593	-0.154218	-0.0696256	0.924721	0.896528	-0.122396	0.810098	0.183432	0.00328023	0.586379	0.853097	0.865119	0.274242	0.926294	0.924216	0.626525	0.0754055	0.87015	0.835492	0.559854	0.82793	0.962463	-0.132287	0.8742	1.0	0.907402	0.366819	0.419221	0.0909787	0.187895	-0.442689	0.947658	0.454589	0.0927846	0.153306	0.159812	-0.120787	0.127362	-0.413145	0.910477	0.495445	0.0991931	0.814593	0.0820551	0.327028	0.820339
TASK07_CON48_groupB_tstat1.nii.gz	0.769194	0.0822575	-0.487124	-0.0638536	0.92982	0.974438	-0.172393	0.899032	0.273577	-0.00327617	0.604813	0.954373	0.906992	0.207323	0.962615	0.945442	0.744543	0.386437	0.900093	0.905597	0.550395	0.896495	0.892003	-0.159825	0.918806	0.907402	1.0	0.445757	0.478005	0.049958	0.123565	-0.454724	0.96144	0.467562	0.090501	0.105539	0.136053	-0.0834758	0.0870002	-0.363481	0.827375	0.42086	0.0796857	0.857157	0.0639862	0.275087	0.870131
TASK04_CON68_groupB_tstat1.nii.gz	0.450105	0.0395535	-0.347379	0.0860319	0.442622	0.475085	-0.179912	0.598165	0.0696714	0.0999556	0.564655	0.419985	0.478807	-0.146186	0.402548	0.457718	0.422126	0.212147	0.406861	0.52901	0.48123	0.35371	0.36651	0.0684376	0.37509	0.366819	0.445757	1.0	0.907517	0.0352221	-0.0303331	-0.33705	0.416334	0.258666	-0.0591801	0.0173638	-0.24899	-0.210137	0.100525	0.0216897	0.366654	0.198994	0.177482	0.454621	-0.125544	0.183724	0.460891
TASK04_CON61_groupB_tstat1.nii.gz	0.483513	0.35744	-0.27608	0.107616	0.471652	0.506446	-0.175907	0.614368	-0.0470692	0.0983091	0.596427	0.438861	0.524898	0.148353	0.446883	0.503556	0.502909	0.214706	0.387491	0.541853	0.494774	0.356544	0.391812	0.148571	0.367673	0.419221	0.478005	0.907517	1.0	0.360245	-0.0653771	-0.375745	0.440369	0.358754	0.015814	0.394049	-0.371816	-0.362487	0.410149	0.0498625	0.438247	0.186634	0.307044	0.493048	0.138534	0.10311	0.500976
TASK04_CON62_groupB_tstat1.nii.gz	0.0377021	0.847452	0.155153	0.540389	0.0606541	0.065819	-0.0192388	0.0492946	-0.284031	0.219162	0.155333	0.000392617	0.074464	0.633616	0.0609529	0.0874239	0.177637	-0.0187319	-0.0527122	0.0338296	0.0820305	-0.0330286	0.0341788	0.216104	-0.0399598	0.0909787	0.049958	0.0352221	0.360245	1.0	-0.14546	-0.164789	0.0420787	0.280157	0.147678	0.880109	-0.376597	-0.399542	0.594116	0.0799163	0.128818	0.0516005	0.0765907	0.0883313	0.581812	-0.256059	0.0993438
TASK06_CON06_groupB_tstat1.nii.gz	0.244304	-0.163008	0.0581398	-0.0605422	0.145367	0.0812273	-0.0102715	0.100033	0.035758	-0.0885579	0.13968	0.172929	0.210953	-0.0442891	0.207349	0.179208	0.064715	-0.147298	0.145389	0.0935242	0.499688	0.164	0.168861	0.00918846	0.153586	0.187895	0.123565	-0.0303331	-0.0653771	-0.14546	1.0	0.308449	0.1489	0.0842792	0.339256	-0.13961	0.139288	0.138244	-0.109894	0.0135806	0.196365	-0.0976402	-0.0213313	0.0694441	-0.0322032	0.404537	0.0691629
TASK03_CON22_groupB_tstat1.nii.gz	-0.133125	-0.218637	0.23416	-0.0587318	-0.511509	-0.495307	0.107124	-0.483688	-0.0685946	-0.165462	-0.240964	-0.319956	-0.365476	-0.10586	-0.371774	-0.476085	-0.270728	0.00050125	-0.490784	-0.525673	-0.0626689	-0.341709	-0.502164	-0.142027	-0.458322	-0.442689	-0.454724	-0.33705	-0.375745	-0.164789	0.308449	1.0	-0.534219	-0.421797	0.369165	-0.163412	0.112097	0.184554	-0.16616	0.294818	-0.24052	-0.691003	-0.143047	-0.510341	-0.0504388	0.232142	-0.52961
TASK07_CON39_groupB_tstat1.nii.gz	0.702655	0.0808985	-0.382974	-0.0502445	0.963912	0.953394	-0.146852	0.870791	0.276702	0.0244744	0.605363	0.887881	0.883534	0.202869	0.93835	0.960121	0.672622	0.189414	0.937796	0.901138	0.557213	0.870931	0.948814	-0.114242	0.936266	0.947658	0.96144	0.416334	0.440369	0.0420787	0.1489	-0.534219	1.0	0.473304	0.0355754	0.085734	0.154724	-0.0749862	0.0627309	-0.432635	0.815236	0.569224	0.0641155	0.862828	0.0517995	0.259015	0.873685
TASK03_CON19_groupB_tstat1.nii.gz	0.402217	0.276879	-0.117892	0.0470069	0.457586	0.502516	0.00311699	0.472073	-0.133049	0.0273366	0.30106	0.351161	0.415034	0.285017	0.414269	0.473809	0.489339	0.154607	0.364034	0.479665	0.28801	0.308088	0.434042	0.145223	0.356287	0.454589	0.467562	0.258666	0.358754	0.280157	0.0842792	-0.421797	0.473304	1.0	0.651239	0.304815	-0.0498147	-0.0993449	0.26087	-0.1503	0.383196	0.43131	0.134217	0.451602	0.250779	-0.0517939	0.449643
TASK03_CON20_groupB_tstat1.nii.gz	0.287302	0.0928883	0.0930952	0.00493934	0.0321299	0.0904595	0.106154	0.0769646	-0.196993	-0.12188	0.0660827	0.0799937	0.0983117	0.224928	0.108304	0.0761867	0.263392	0.165408	-0.0476507	0.0551426	0.208253	0.0241573	0.0172725	0.0111782	-0.0225588	0.0927846	0.090501	-0.0591801	0.015814	0.147678	0.339256	0.369165	0.0355754	0.651239	1.0	0.17071	0.0789836	0.0756707	0.106637	0.0899755	0.187785	-0.131658	-0.0119917	0.0324906	0.229075	0.136357	0.0165054
TASK04_CON67_groupB_tstat1.nii.gz	0.0926668	0.861362	0.176169	0.100326	0.10101	0.111915	-0.0122966	0.0922122	-0.314449	0.04631	0.18166	0.0583633	0.137785	0.746114	0.125376	0.140158	0.23188	0.00110354	-0.0247868	0.069342	0.107693	0.0149083	0.0851753	0.228405	-0.00217315	0.153306	0.105539	0.0173638	0.394049	0.880109	-0.13961	-0.163412	0.085734	0.304815	0.17071	1.0	-0.369163	-0.412459	0.814495	0.108533	0.200021	0.0251206	0.317832	0.123022	0.68043	-0.244114	0.129826
TASK04_CON72_groupB_tstat1.nii.gz	0.10485	-0.326473	-0.0160879	-0.164182	0.134372	0.118537	0.0245868	0.0629132	0.107376	-0.0726739	-0.125943	0.144131	0.07864	0.3136	0.147042	0.115538	0.0823334	0.0330029	0.1452	0.0877106	-0.0650156	0.164748	0.147477	-0.143492	0.165057	0.159812	0.136053	-0.24899	-0.371816	-0.376597	0.139288	0.112097	0.154724	-0.0498147	0.0789836	-0.369163	1.0	0.196662	-0.519048	-0.0898106	0.147003	0.0452135	-0.486674	0.0985173	-0.218445	0.0549563	0.10086
TASK04_CON70_groupB_tstat1.nii.gz	-0.0361496	-0.488244	-0.0454158	-0.149091	-0.0748383	-0.0863544	0.0209544	-0.108716	0.0992073	-0.31342	-0.163806	-0.0763197	-0.143446	-0.27598	-0.105391	-0.111937	-0.0630428	0.0787866	-0.0665454	-0.0823597	-0.0964158	-0.0385236	-0.0880589	-0.112307	-0.052638	-0.120787	-0.0834758	-0.210137	-0.362487	-0.399542	0.138244	0.184554	-0.0749862	-0.0993449	0.0756707	-0.412459	0.196662	1.0	-0.525322	-0.0632838	-0.135555	-0.0238452	-0.454717	-0.101763	0.349024	0.0405959	-0.10137
TASK04_CON66_groupB_tstat1.nii.gz	0.0839191	0.58888	0.13783	-0.181447	0.0742867	0.0927258	-0.00379638	0.101622	-0.265482	-0.180718	0.199344	0.0548261	0.146762	0.459965	0.10327	0.119802	0.179388	-0.0225447	-0.0152933	0.0785367	0.143372	0.00558611	0.084635	0.216251	-0.00479439	0.127362	0.0870002	0.100525	0.410149	0.594116	-0.109894	-0.16616	0.0627309	0.26087	0.106637	0.814495	-0.519048	-0.525322	1.0	0.0761284	0.153581	0.0257738	0.786828	0.122729	0.415473	-0.16049	0.119643
TASK05_CON15_groupB_tstat1.nii.gz	-0.146213	0.097445	0.105425	-0.0194693	-0.412733	-0.393351	0.0201619	-0.247513	-0.213923	0.0154868	-0.158186	-0.304132	-0.314995	0.0500899	-0.315244	-0.373671	-0.117359	0.0606546	-0.436597	-0.450789	-0.119691	-0.318013	-0.473175	0.130314	-0.396223	-0.413145	-0.363481	0.0216897	0.0498625	0.0799163	0.0135806	0.294818	-0.432635	-0.1503	0.0899755	0.108533	-0.0898106	-0.0632838	0.0761284	1.0	-0.262033	-0.481512	-0.00282401	-0.395309	0.0597261	-0.112826	-0.387707
TASK07_CON36_groupB_tstat1.nii.gz	0.738869	0.153938	-0.127739	-0.0668292	0.836286	0.82144	-0.130393	0.754991	0.148866	-0.0249814	0.528641	0.810848	0.827866	0.307228	0.891399	0.846451	0.654915	0.121655	0.748218	0.739124	0.51857	0.784358	0.786229	-0.171571	0.769661	0.910477	0.827375	0.366654	0.438247	0.128818	0.196365	-0.24052	0.815236	0.383196	0.187785	0.200021	0.147003	-0.135555	0.153581	-0.262033	1.0	0.198177	0.0860667	0.704853	0.112128	0.374768	0.709935
TASK07_CON41_groupB_tstat1.nii.gz	0.0765038	0.0769498	-0.0136734	0.0535229	0.527935	0.482641	0.000974521	0.375564	0.0201122	0.107587	0.253847	0.251683	0.285019	0.078203	0.294022	0.450284	0.131998	-0.134359	0.511265	0.472691	0.174163	0.250469	0.608415	0.105665	0.429356	0.495445	0.42086	0.198994	0.186634	0.0516005	-0.0976402	-0.691003	0.569224	0.43131	-0.131658	0.0251206	0.0452135	-0.0238452	0.0257738	-0.481512	0.198177	1.0	0.0510319	0.476965	0.0286041	-0.100918	0.479674
TASK04_CON73_groupB_tstat1.nii.gz	0.0698833	0.0867987	0.0325127	-0.401818	0.0634035	0.0831555	0.0112737	0.121225	-0.0901698	-0.34772	0.15403	0.0686668	0.135378	-0.0190908	0.0845706	0.097065	0.0654074	-0.0377452	0.0451173	0.107468	0.143396	0.0347589	0.0985883	0.105623	0.0383744	0.0991931	0.0796857	0.177482	0.307044	0.0765907	-0.0213313	-0.143047	0.0641155	0.134217	-0.0119917	0.317832	-0.486674	-0.454717	0.786828	-0.00282401	0.0860667	0.0510319	1.0	0.10471	-0.0262636	0.0209849	0.0915232
TASK02_CON25_groupB_tstat1.nii.gz	0.72743	0.111814	-0.423085	-0.0165552	0.861505	0.859554	-0.00972522	0.830294	0.189652	0.0263887	0.614117	0.802011	0.814372	0.207602	0.823032	0.862242	0.727005	0.269716	0.791141	0.8483	0.533692	0.765559	0.824841	-0.0317218	0.79815	0.814593	0.857157	0.454621	0.493048	0.0883313	0.0694441	-0.510341	0.862828	0.451602	0.0324906	0.123022	0.0985173	-0.101763	0.122729	-0.395309	0.704853	0.476965	0.10471	1.0	0.0829628	0.231878	0.961007
TASK04_CON63_groupB_tstat1.nii.gz	0.0921157	0.498362	0.125092	0.00109576	0.0685587	0.0698411	-0.0127334	0.0420208	-0.231688	-0.167929	0.0800129	0.0211702	0.0535697	0.548179	0.0638834	0.0787298	0.215368	0.0609076	-0.0534128	0.0356985	0.0550554	0.00666865	0.0434833	0.148706	-0.0206061	0.0820551	0.0639862	-0.125544	0.138534	0.581812	-0.0322032	-0.0504388	0.0517995	0.250779	0.229075	0.68043	-0.218445	0.349024	0.415473	0.0597261	0.112128	0.0286041	-0.0262636	0.0829628	1.0	-0.214034	0.0905093
TASK01_CON09_groupB_tstat1.nii.gz	0.489198	-0.268183	-0.000801211	-0.0833495	0.255992	0.241103	0.00144972	0.27706	0.160501	-0.102961	0.195913	0.34502	0.337131	-0.217295	0.341194	0.28405	0.0964077	-0.0240476	0.288332	0.262037	0.322149	0.319181	0.303261	-0.199792	0.291425	0.327028	0.275087	0.183724	0.10311	-0.256059	0.404537	0.232142	0.259015	-0.0517939	0.136357	-0.244114	0.0549563	0.0405959	-0.16049	-0.112826	0.374768	-0.100918	0.0209849	0.231878	-0.214034	1.0	0.21929
TASK02_CON26_groupB_tstat1.nii.gz	0.736265	0.125804	-0.436687	-0.00760688	0.870819	0.869584	-0.233497	0.848691	0.193572	0.0428188	0.627219	0.811435	0.816636	0.216355	0.83552	0.869401	0.741975	0.282603	0.799141	0.865229	0.543799	0.780653	0.827287	-0.0289785	0.811891	0.820339	0.870131	0.460891	0.500976	0.0993438	0.0691629	-0.52961	0.873685	0.449643	0.0165054	0.129826	0.10086	-0.10137	0.119643	-0.387707	0.709935	0.479674	0.0915232	0.961007	0.0905093	0.21929	1.0
